HEADER DATE 31-Jul-2017 20:07:52
HEADER RANDSEED 1742197558
Param True_Value Sim_Value Sim_Time Input mRNA foldedP fluo
alpha2 0.010000 0.011598 0.000000 0.000000 0.001104 0.001067 0.000928
alpha2 0.010000 0.011598 5.000000 0.000000 0.001104 0.001067 0.000928
alpha2 0.010000 0.011598 10.000000 0.000000 0.001104 0.001067 0.000928
alpha2 0.010000 0.011598 15.000000 0.000000 0.001104 0.001067 0.000928
alpha2 0.010000 0.011598 20.000000 0.000000 0.001104 0.001067 0.000928
alpha2 0.010000 0.011598 25.000000 0.000000 0.001104 0.001067 0.000928
alpha2 0.010000 0.011598 30.000000 0.000000 0.001104 0.001067 0.000928
alpha2 0.010000 0.011598 35.000000 0.000000 0.001104 0.001067 0.000928
alpha2 0.010000 0.011598 40.000000 0.000000 0.001104 0.001067 0.000928
alpha2 0.010000 0.011598 45.000000 0.000000 0.001104 0.001067 0.000928
alpha2 0.010000 0.011598 50.000000 0.000000 0.001104 0.001067 0.000928
alpha2 0.010000 0.011598 55.000000 0.000000 0.001104 0.001067 0.000928
alpha2 0.010000 0.011598 60.000000 0.000000 0.001104 0.001067 0.000928
alpha2 0.010000 0.011598 65.000000 0.000000 0.001104 0.001067 0.000928
alpha2 0.010000 0.011598 70.000000 0.000000 0.001104 0.001067 0.000928
alpha2 0.010000 0.011598 75.000000 0.000000 0.001104 0.001067 0.000928
alpha2 0.010000 0.011598 80.000000 0.000000 0.001104 0.001067 0.000928
alpha2 0.010000 0.011598 85.000000 0.000000 0.001104 0.001067 0.000928
alpha2 0.010000 0.011598 90.000000 0.000000 0.001104 0.001067 0.000928
alpha2 0.010000 0.011598 95.000000 0.000000 0.001104 0.001067 0.000928
alpha2 0.010000 0.011598 100.000000 0.000000 0.001104 0.001067 0.000928
alpha2 0.010000 0.011598 105.000000 0.000000 0.001104 0.001067 0.000928
alpha2 0.010000 0.011598 110.000000 0.000000 0.001104 0.001067 0.000928
alpha2 0.010000 0.011598 115.000000 0.000000 0.001104 0.001067 0.000928
alpha2 0.010000 0.011598 120.000000 0.000000 0.001104 0.001067 0.000928
alpha2 0.010000 0.011598 125.000000 0.000000 0.001104 0.001067 0.000928
alpha2 0.010000 0.011598 130.000000 0.000000 0.001104 0.001067 0.000928
alpha2 0.010000 0.011598 135.000000 0.000000 0.001104 0.001067 0.000928
alpha2 0.010000 0.011598 140.000000 0.000000 0.001104 0.001067 0.000928
alpha2 0.010000 0.011598 145.000000 0.000000 0.001104 0.001067 0.000928
alpha2 0.010000 0.011598 150.000000 0.000000 0.001104 0.001067 0.000928
alpha2 0.010000 0.011598 155.000000 0.000000 0.001104 0.001067 0.000928
alpha2 0.010000 0.011598 160.000000 0.000000 0.001104 0.001067 0.000928
alpha2 0.010000 0.011598 165.000000 0.000000 0.001104 0.001067 0.000928
alpha2 0.010000 0.011598 170.000000 0.000000 0.001104 0.001067 0.000928
alpha2 0.010000 0.011598 175.000000 0.000000 0.001104 0.001067 0.000928
alpha2 0.010000 0.011598 180.000000 0.000000 0.001104 0.001067 0.000928
alpha2 0.010000 0.011598 185.000000 0.000000 0.001104 0.001067 0.000928
alpha2 0.010000 0.011598 190.000000 0.000000 0.001104 0.001067 0.000928
alpha2 0.010000 0.011598 195.000000 0.000000 0.001104 0.001067 0.000928
alpha2 0.010000 0.011598 200.000000 0.000000 0.001104 0.001067 0.000928
alpha2 0.010000 0.011598 205.000000 0.000000 0.001104 0.001067 0.000928
alpha2 0.010000 0.011598 210.000000 0.000000 0.001104 0.001067 0.000928
alpha2 0.010000 0.011598 215.000000 0.000000 0.001104 0.001067 0.000928
alpha2 0.010000 0.011598 220.000000 0.000000 0.001104 0.001067 0.000928
alpha2 0.010000 0.011598 225.000000 0.000000 0.001104 0.001067 0.000928
alpha2 0.010000 0.011598 230.000000 0.000000 0.001104 0.001067 0.000928
alpha2 0.010000 0.011598 235.000000 0.000000 0.001104 0.001067 0.000928
alpha2 0.010000 0.011598 240.000000 0.000000 0.001104 0.001067 0.000928
alpha2 0.010000 0.011598 245.000000 0.000000 0.001104 0.001067 0.000928
alpha2 0.010000 0.011598 250.000000 0.000000 0.001104 0.001067 0.000928
alpha2 0.010000 0.011598 255.000000 0.000000 0.001104 0.001067 0.000928
alpha2 0.010000 0.011598 260.000000 0.000000 0.001104 0.001067 0.000928
alpha2 0.010000 0.011598 265.000000 0.000000 0.001104 0.001067 0.000928
alpha2 0.010000 0.011598 270.000000 0.000000 0.001104 0.001067 0.000928
alpha2 0.010000 0.011598 275.000000 0.000000 0.001104 0.001067 0.000928
alpha2 0.010000 0.011598 280.000000 0.000000 0.001104 0.001067 0.000928
alpha2 0.010000 0.011598 285.000000 0.000000 0.001104 0.001067 0.000928
alpha2 0.010000 0.011598 290.000000 0.000000 0.001104 0.001067 0.000928
alpha2 0.010000 0.011598 295.000000 0.000000 0.001104 0.001067 0.000928
alpha2 0.010000 0.011598 300.000000 2.000000 0.001104 0.001067 0.000928
alpha2 0.010000 0.011598 305.000000 2.000000 0.193226 0.006663 0.000947
alpha2 0.010000 0.011598 310.000000 2.000000 0.358586 0.021967 0.001071
alpha2 0.010000 0.011598 315.000000 2.000000 0.500914 0.045016 0.001386
alpha2 0.010000 0.011598 320.000000 2.000000 0.623417 0.074156 0.001959
alpha2 0.010000 0.011598 325.000000 2.000000 0.728856 0.107997 0.002839
alpha2 0.010000 0.011598 330.000000 2.000000 0.819608 0.145374 0.004064
alpha2 0.010000 0.011598 335.000000 2.000000 0.897720 0.185314 0.005660
alpha2 0.010000 0.011598 340.000000 2.000000 0.964950 0.227007 0.007645
alpha2 0.010000 0.011598 345.000000 2.000000 1.022816 0.269784 0.010027
alpha2 0.010000 0.011598 350.000000 2.000000 1.072622 0.313093 0.012810
alpha2 0.010000 0.011598 355.000000 2.000000 1.115490 0.356480 0.015993
alpha2 0.010000 0.011598 360.000000 2.000000 1.152386 0.399579 0.019569
alpha2 0.010000 0.011598 365.000000 2.000000 1.184144 0.442096 0.023531
alpha2 0.010000 0.011598 370.000000 2.000000 1.211478 0.483795 0.027866
alpha2 0.010000 0.011598 375.000000 2.000000 1.235004 0.524493 0.032561
alpha2 0.010000 0.011598 380.000000 2.000000 1.255254 0.564050 0.037601
alpha2 0.010000 0.011598 385.000000 2.000000 1.272683 0.602361 0.042972
alpha2 0.010000 0.011598 390.000000 2.000000 1.287684 0.639351 0.048655
alpha2 0.010000 0.011598 395.000000 2.000000 1.300596 0.674971 0.054634
alpha2 0.010000 0.011598 400.000000 2.000000 1.311708 0.709190 0.060892
alpha2 0.010000 0.011598 405.000000 2.000000 1.321273 0.741997 0.067411
alpha2 0.010000 0.011598 410.000000 2.000000 1.329506 0.773394 0.074176
alpha2 0.010000 0.011598 415.000000 2.000000 1.336592 0.803391 0.081168
alpha2 0.010000 0.011598 420.000000 2.000000 1.342691 0.832012 0.088371
alpha2 0.010000 0.011598 425.000000 2.000000 1.347941 0.859285 0.095770
alpha2 0.010000 0.011598 430.000000 2.000000 1.352459 0.885243 0.103349
alpha2 0.010000 0.011598 435.000000 2.000000 1.356348 0.909926 0.111093
alpha2 0.010000 0.011598 440.000000 2.000000 1.359695 0.933375 0.118988
alpha2 0.010000 0.011598 445.000000 2.000000 1.362576 0.955632 0.127019
alpha2 0.010000 0.011598 450.000000 2.000000 1.365056 0.976744 0.135175
alpha2 0.010000 0.011598 455.000000 2.000000 1.367190 0.996756 0.143441
alpha2 0.010000 0.011598 460.000000 2.000000 1.369027 1.015715 0.151807
alpha2 0.010000 0.011598 465.000000 2.000000 1.370609 1.033665 0.160260
alpha2 0.010000 0.011598 470.000000 2.000000 1.371970 1.050652 0.168791
alpha2 0.010000 0.011598 475.000000 2.000000 1.373141 1.066721 0.177388
alpha2 0.010000 0.011598 480.000000 2.000000 1.374149 1.081915 0.186042
alpha2 0.010000 0.011598 485.000000 2.000000 1.375017 1.096278 0.194744
alpha2 0.010000 0.011598 490.000000 2.000000 1.375764 1.109849 0.203486
alpha2 0.010000 0.011598 495.000000 2.000000 1.376407 1.122669 0.212258
alpha2 0.010000 0.011598 500.000000 2.000000 1.376960 1.134776 0.221055
alpha2 0.010000 0.011598 505.000000 2.000000 1.377436 1.146206 0.229867
alpha2 0.010000 0.011598 510.000000 2.000000 1.377846 1.156996 0.238690
alpha2 0.010000 0.011598 515.000000 2.000000 1.378199 1.167179 0.247515
alpha2 0.010000 0.011598 520.000000 2.000000 1.378503 1.176788 0.256338
alpha2 0.010000 0.011598 525.000000 2.000000 1.378764 1.185853 0.265153
alpha2 0.010000 0.011598 530.000000 2.000000 1.378989 1.194403 0.273955
alpha2 0.010000 0.011598 535.000000 2.000000 1.379183 1.202467 0.282739
alpha2 0.010000 0.011598 540.000000 2.000000 1.379349 1.210072 0.291500
alpha2 0.010000 0.011598 545.000000 2.000000 1.379493 1.217243 0.300235
alpha2 0.010000 0.011598 550.000000 2.000000 1.379616 1.224003 0.308938
alpha2 0.010000 0.011598 555.000000 2.000000 1.379722 1.230376 0.317608
alpha2 0.010000 0.011598 560.000000 2.000000 1.379814 1.236384 0.326240
alpha2 0.010000 0.011598 565.000000 2.000000 1.379893 1.242047 0.334831
alpha2 0.010000 0.011598 570.000000 2.000000 1.379960 1.247384 0.343379
alpha2 0.010000 0.011598 575.000000 2.000000 1.380019 1.252413 0.351880
alpha2 0.010000 0.011598 580.000000 2.000000 1.380069 1.257153 0.360333
alpha2 0.010000 0.011598 585.000000 2.000000 1.380112 1.261619 0.368735
alpha2 0.010000 0.011598 590.000000 2.000000 1.380149 1.265828 0.377084
alpha2 0.010000 0.011598 595.000000 2.000000 1.380181 1.269793 0.385378
alpha2 0.010000 0.011598 600.000000 2.000000 1.380209 1.273529 0.393615
alpha2 0.010000 0.011598 605.000000 2.000000 1.380233 1.277049 0.401795
alpha2 0.010000 0.011598 610.000000 2.000000 1.380253 1.280366 0.409915
alpha2 0.010000 0.011598 615.000000 2.000000 1.380271 1.283490 0.417974
alpha2 0.010000 0.011598 620.000000 2.000000 1.380286 1.286433 0.425971
alpha2 0.010000 0.011598 625.000000 2.000000 1.380299 1.289206 0.433905
alpha2 0.010000 0.011598 630.000000 2.000000 1.380310 1.291817 0.441775
alpha2 0.010000 0.011598 635.000000 2.000000 1.380319 1.294278 0.449580
alpha2 0.010000 0.011598 640.000000 2.000000 1.380328 1.296595 0.457320
alpha2 0.010000 0.011598 645.000000 2.000000 1.380335 1.298778 0.464993
alpha2 0.010000 0.011598 650.000000 2.000000 1.380341 1.300834 0.472600
alpha2 0.010000 0.011598 655.000000 2.000000 1.380346 1.302771 0.480140
alpha2 0.010000 0.011598 660.000000 2.000000 1.380351 1.304595 0.487612
alpha2 0.010000 0.011598 665.000000 2.000000 1.380355 1.306314 0.495017
alpha2 0.010000 0.011598 670.000000 2.000000 1.380358 1.307932 0.502353
alpha2 0.010000 0.011598 675.000000 2.000000 1.380361 1.309456 0.509621
alpha2 0.010000 0.011598 680.000000 2.000000 1.380364 1.310892 0.516821
alpha2 0.010000 0.011598 685.000000 2.000000 1.380366 1.312244 0.523952
alpha2 0.010000 0.011598 690.000000 2.000000 1.380368 1.313518 0.531015
alpha2 0.010000 0.011598 695.000000 2.000000 1.380369 1.314717 0.538009
alpha2 0.010000 0.011598 700.000000 2.000000 1.380371 1.315847 0.544935
alpha2 0.010000 0.011598 705.000000 2.000000 1.380372 1.316911 0.551793
alpha2 0.010000 0.011598 710.000000 2.000000 1.380373 1.317913 0.558582
alpha2 0.010000 0.011598 715.000000 2.000000 1.380374 1.318857 0.565304
alpha2 0.010000 0.011598 720.000000 2.000000 1.380375 1.319746 0.571958
alpha2 0.010000 0.011598 725.000000 2.000000 1.380375 1.320583 0.578544
alpha2 0.010000 0.011598 730.000000 2.000000 1.380376 1.321372 0.585063
alpha2 0.010000 0.011598 735.000000 2.000000 1.380376 1.322114 0.591515
alpha2 0.010000 0.011598 740.000000 2.000000 1.380377 1.322814 0.597900
alpha2 0.010000 0.011598 745.000000 2.000000 1.380377 1.323473 0.604220
alpha2 0.010000 0.011598 750.000000 2.000000 1.380377 1.324093 0.610473
alpha2 0.010000 0.011598 755.000000 2.000000 1.380378 1.324677 0.616661
alpha2 0.010000 0.011598 760.000000 2.000000 1.380378 1.325227 0.622783
alpha2 0.010000 0.011598 765.000000 2.000000 1.380378 1.325745 0.628841
alpha2 0.010000 0.011598 770.000000 2.000000 1.380378 1.326233 0.634835
alpha2 0.010000 0.011598 775.000000 2.000000 1.380378 1.326693 0.640765
alpha2 0.010000 0.011598 780.000000 2.000000 1.380379 1.327126 0.646632
alpha2 0.010000 0.011598 785.000000 2.000000 1.380379 1.327534 0.652435
alpha2 0.010000 0.011598 790.000000 2.000000 1.380379 1.327917 0.658176
alpha2 0.010000 0.011598 795.000000 2.000000 1.380379 1.328279 0.663856
alpha2 0.010000 0.011598 800.000000 2.000000 1.380379 1.328620 0.669473
alpha2 0.010000 0.011598 805.000000 2.000000 1.380379 1.328940 0.675030
alpha2 0.010000 0.011598 810.000000 2.000000 1.380379 1.329242 0.680527
alpha2 0.010000 0.011598 815.000000 2.000000 1.380379 1.329527 0.685963
alpha2 0.010000 0.011598 820.000000 2.000000 1.380379 1.329795 0.691340
alpha2 0.010000 0.011598 825.000000 2.000000 1.380379 1.330047 0.696658
alpha2 0.010000 0.011598 830.000000 2.000000 1.380379 1.330284 0.701918
alpha2 0.010000 0.011598 835.000000 2.000000 1.380379 1.330508 0.707120
alpha2 0.010000 0.011598 840.000000 2.000000 1.380379 1.330719 0.712265
alpha2 0.010000 0.011598 845.000000 2.000000 1.380379 1.330917 0.717353
alpha2 0.010000 0.011598 850.000000 2.000000 1.380379 1.331104 0.722384
alpha2 0.010000 0.011598 855.000000 2.000000 1.380379 1.331280 0.727360
alpha2 0.010000 0.011598 860.000000 2.000000 1.380379 1.331446 0.732281
alpha2 0.010000 0.011598 865.000000 2.000000 1.380379 1.331602 0.737147
alpha2 0.010000 0.011598 870.000000 2.000000 1.380379 1.331749 0.741959
alpha2 0.010000 0.011598 875.000000 2.000000 1.380379 1.331887 0.746717
alpha2 0.010000 0.011598 880.000000 2.000000 1.380379 1.332018 0.751422
alpha2 0.010000 0.011598 885.000000 2.000000 1.380379 1.332141 0.756075
alpha2 0.010000 0.011598 890.000000 2.000000 1.380379 1.332256 0.760675
alpha2 0.010000 0.011598 895.000000 2.000000 1.380379 1.332365 0.765224
alpha2 0.010000 0.011598 900.000000 2.000000 1.380379 1.332468 0.769723
alpha2 0.010000 0.011598 905.000000 2.000000 1.380379 1.332564 0.774170
alpha2 0.010000 0.011598 910.000000 2.000000 1.380379 1.332655 0.778568
alpha2 0.010000 0.011598 915.000000 2.000000 1.380379 1.332741 0.782917
alpha2 0.010000 0.011598 920.000000 2.000000 1.380379 1.332822 0.787216
alpha2 0.010000 0.011598 925.000000 2.000000 1.380379 1.332898 0.791467
alpha2 0.010000 0.011598 930.000000 2.000000 1.380379 1.332969 0.795671
alpha2 0.010000 0.011598 935.000000 2.000000 1.380379 1.333037 0.799826
alpha2 0.010000 0.011598 940.000000 2.000000 1.380379 1.333100 0.803935
alpha2 0.010000 0.011598 945.000000 2.000000 1.380379 1.333160 0.807998
alpha2 0.010000 0.011598 950.000000 2.000000 1.380379 1.333216 0.812015
alpha2 0.010000 0.011598 955.000000 2.000000 1.380379 1.333269 0.815986
alpha2 0.010000 0.011598 960.000000 2.000000 1.380379 1.333319 0.819913
alpha2 0.010000 0.011598 965.000000 2.000000 1.380379 1.333366 0.823795
alpha2 0.010000 0.011598 970.000000 2.000000 1.380379 1.333410 0.827633
alpha2 0.010000 0.011598 975.000000 2.000000 1.380379 1.333452 0.831428
alpha2 0.010000 0.011598 980.000000 2.000000 1.380379 1.333491 0.835179
alpha2 0.010000 0.011598 985.000000 2.000000 1.380379 1.333528 0.838888
alpha2 0.010000 0.011598 990.000000 2.000000 1.380379 1.333563 0.842556
alpha2 0.010000 0.011598 995.000000 2.000000 1.380379 1.333596 0.846181
alpha2 0.010000 0.011598 1000.000000 2.000000 1.380379 1.333627 0.849765
alpha2 0.010000 0.011598 1005.000000 2.000000 1.380379 1.333656 0.853309
alpha2 0.010000 0.011598 1010.000000 2.000000 1.380379 1.333683 0.856813
alpha2 0.010000 0.011598 1015.000000 2.000000 1.380379 1.333709 0.860276
alpha2 0.010000 0.011598 1020.000000 2.000000 1.380379 1.333734 0.863701
alpha2 0.010000 0.011598 1025.000000 2.000000 1.380379 1.333756 0.867086
alpha2 0.010000 0.011598 1030.000000 2.000000 1.380379 1.333778 0.870433
alpha2 0.010000 0.011598 1035.000000 2.000000 1.380379 1.333798 0.873742
alpha2 0.010000 0.011598 1040.000000 2.000000 1.380379 1.333817 0.877013
alpha2 0.010000 0.011598 1045.000000 2.000000 1.380379 1.333835 0.880247
alpha2 0.010000 0.011598 1050.000000 2.000000 1.380379 1.333852 0.883444
alpha2 0.010000 0.011598 1055.000000 2.000000 1.380379 1.333868 0.886605
alpha2 0.010000 0.011598 1060.000000 2.000000 1.380379 1.333883 0.889730
alpha2 0.010000 0.011598 1065.000000 2.000000 1.380379 1.333898 0.892819
alpha2 0.010000 0.011598 1070.000000 2.000000 1.380379 1.333911 0.895873
alpha2 0.010000 0.011598 1075.000000 2.000000 1.380379 1.333924 0.898892
alpha2 0.010000 0.011598 1080.000000 2.000000 1.380379 1.333935 0.901877
alpha2 0.010000 0.011598 1085.000000 2.000000 1.380379 1.333946 0.904828
alpha2 0.010000 0.011598 1090.000000 2.000000 1.380379 1.333957 0.907745
alpha2 0.010000 0.011598 1095.000000 2.000000 1.380379 1.333967 0.910629
alpha2 0.010000 0.011598 1100.000000 2.000000 1.380379 1.333976 0.913480
alpha2 0.010000 0.011598 1105.000000 2.000000 1.380379 1.333985 0.916299
alpha2 0.010000 0.011598 1110.000000 2.000000 1.380379 1.333993 0.919085
alpha2 0.010000 0.011598 1115.000000 2.000000 1.380379 1.334001 0.921840
alpha2 0.010000 0.011598 1120.000000 2.000000 1.380379 1.334008 0.924563
alpha2 0.010000 0.011598 1125.000000 2.000000 1.380379 1.334015 0.927255
alpha2 0.010000 0.011598 1130.000000 2.000000 1.380379 1.334021 0.929916
alpha2 0.010000 0.011598 1135.000000 2.000000 1.380379 1.334028 0.932547
alpha2 0.010000 0.011598 1140.000000 2.000000 1.380379 1.334033 0.935149
alpha2 0.010000 0.011598 1145.000000 2.000000 1.380379 1.334039 0.937720
alpha2 0.010000 0.011598 1150.000000 2.000000 1.380379 1.334044 0.940262
alpha2 0.010000 0.011598 1155.000000 2.000000 1.380379 1.334049 0.942775
alpha2 0.010000 0.011598 1160.000000 2.000000 1.380379 1.334053 0.945259
alpha2 0.010000 0.011598 1165.000000 2.000000 1.380379 1.334057 0.947715
alpha2 0.010000 0.011598 1170.000000 2.000000 1.380379 1.334062 0.950143
alpha2 0.010000 0.011598 1175.000000 2.000000 1.380379 1.334065 0.952543
alpha2 0.010000 0.011598 1180.000000 2.000000 1.380379 1.334069 0.954916
alpha2 0.010000 0.011598 1185.000000 2.000000 1.380379 1.334072 0.957262
alpha2 0.010000 0.011598 1190.000000 2.000000 1.380379 1.334075 0.959580
alpha2 0.010000 0.011598 1195.000000 2.000000 1.380379 1.334078 0.961873
alpha2 0.010000 0.011598 1200.000000 2.000000 1.380379 1.334081 0.964139
alpha2 0.010000 0.011598 1205.000000 2.000000 1.380379 1.334084 0.966379
alpha2 0.010000 0.011598 1210.000000 2.000000 1.380379 1.334086 0.968594
alpha2 0.010000 0.011598 1215.000000 2.000000 1.380379 1.334089 0.970783
alpha2 0.010000 0.011598 1220.000000 2.000000 1.380379 1.334091 0.972948
alpha2 0.010000 0.011598 1225.000000 2.000000 1.380379 1.334093 0.975088
alpha2 0.010000 0.011598 1230.000000 2.000000 1.380379 1.334095 0.977203
alpha2 0.010000 0.011598 1235.000000 2.000000 1.380379 1.334097 0.979294
alpha2 0.010000 0.011598 1240.000000 2.000000 1.380379 1.334099 0.981361
alpha2 0.010000 0.011598 1245.000000 2.000000 1.380379 1.334100 0.983405
alpha2 0.010000 0.011598 1250.000000 2.000000 1.380379 1.334102 0.985425
alpha2 0.010000 0.011598 1255.000000 2.000000 1.380379 1.334103 0.987422
alpha2 0.010000 0.011598 1260.000000 2.000000 1.380379 1.334104 0.989396
alpha2 0.010000 0.011598 1265.000000 2.000000 1.380379 1.334106 0.991348
alpha2 0.010000 0.011598 1270.000000 2.000000 1.380379 1.334107 0.993278
alpha2 0.010000 0.011598 1275.000000 2.000000 1.380379 1.334108 0.995185
alpha2 0.010000 0.011598 1280.000000 2.000000 1.380379 1.334109 0.997071
alpha2 0.010000 0.011598 1285.000000 2.000000 1.380379 1.334110 0.998935
alpha2 0.010000 0.011598 1290.000000 2.000000 1.380379 1.334111 1.000777
alpha2 0.010000 0.011598 1295.000000 2.000000 1.380379 1.334112 1.002599
alpha2 0.010000 0.011598 1300.000000 2.000000 1.380379 1.334113 1.004400
alpha2 0.010000 0.011598 1305.000000 2.000000 1.380379 1.334113 1.006180
alpha2 0.010000 0.011598 1310.000000 2.000000 1.380379 1.334114 1.007940
alpha2 0.010000 0.011598 1315.000000 2.000000 1.380379 1.334115 1.009680
alpha2 0.010000 0.011598 1320.000000 2.000000 1.380379 1.334116 1.011400
alpha2 0.010000 0.011598 1325.000000 2.000000 1.380379 1.334116 1.013100
alpha2 0.010000 0.011598 1330.000000 2.000000 1.380379 1.334117 1.014781
alpha2 0.010000 0.011598 1335.000000 2.000000 1.380379 1.334117 1.016443
alpha2 0.010000 0.011598 1340.000000 2.000000 1.380379 1.334118 1.018085
alpha2 0.010000 0.011598 1345.000000 2.000000 1.380379 1.334118 1.019709
alpha2 0.010000 0.011598 1350.000000 2.000000 1.380379 1.334119 1.021314
alpha2 0.010000 0.011598 1355.000000 2.000000 1.380379 1.334119 1.022901
alpha2 0.010000 0.011598 1360.000000 2.000000 1.380379 1.334120 1.024470
alpha2 0.010000 0.011598 1365.000000 2.000000 1.380379 1.334120 1.026021
alpha2 0.010000 0.011598 1370.000000 2.000000 1.380379 1.334120 1.027554
alpha2 0.010000 0.011598 1375.000000 2.000000 1.380379 1.334121 1.029070
alpha2 0.010000 0.011598 1380.000000 2.000000 1.380379 1.334121 1.030568
alpha2 0.010000 0.011598 1385.000000 2.000000 1.380379 1.334121 1.032049
alpha2 0.010000 0.011598 1390.000000 2.000000 1.380379 1.334122 1.033513
alpha2 0.010000 0.011598 1395.000000 2.000000 1.380379 1.334122 1.034961
alpha2 0.010000 0.011598 1400.000000 2.000000 1.380379 1.334122 1.036392
alpha2 0.010000 0.011598 1405.000000 2.000000 1.380379 1.334122 1.037806
alpha2 0.010000 0.011598 1410.000000 2.000000 1.380379 1.334123 1.039205
alpha2 0.010000 0.011598 1415.000000 2.000000 1.380379 1.334123 1.040587
alpha2 0.010000 0.011598 1420.000000 2.000000 1.380379 1.334123 1.041954
alpha2 0.010000 0.011598 1425.000000 2.000000 1.380379 1.334123 1.043305
alpha2 0.010000 0.011598 1430.000000 2.000000 1.380379 1.334124 1.044640
alpha2 0.010000 0.011598 1435.000000 2.000000 1.380379 1.334124 1.045960
alpha2 0.010000 0.011598 1440.000000 2.000000 1.380379 1.334124 1.047266
alpha2 0.010000 0.011598 1445.000000 2.000000 1.380379 1.334124 1.048556
alpha2 0.010000 0.011598 1450.000000 2.000000 1.380379 1.334124 1.049831
alpha2 0.010000 0.011598 1455.000000 2.000000 1.380379 1.334124 1.051092
alpha2 0.010000 0.011598 1460.000000 2.000000 1.380379 1.334125 1.052339
alpha2 0.010000 0.011598 1465.000000 2.000000 1.380379 1.334125 1.053571
alpha2 0.010000 0.011598 1470.000000 2.000000 1.380379 1.334125 1.054789
alpha2 0.010000 0.011598 1475.000000 2.000000 1.380379 1.334125 1.055993
alpha2 0.010000 0.011598 1480.000000 2.000000 1.380379 1.334125 1.057184
alpha2 0.010000 0.011598 1485.000000 2.000000 1.380379 1.334125 1.058361
alpha2 0.010000 0.011598 1490.000000 2.000000 1.380379 1.334125 1.059524
alpha2 0.010000 0.011598 1495.000000 2.000000 1.380379 1.334125 1.060674
alpha2 0.010000 0.011598 1500.000000 2.000000 1.380379 1.334125 1.061811
alpha2 0.010000 0.011598 1505.000000 2.000000 1.380379 1.334125 1.062935
alpha2 0.010000 0.011598 1510.000000 2.000000 1.380379 1.334126 1.064046
alpha2 0.010000 0.011598 1515.000000 2.000000 1.380379 1.334126 1.065145
alpha2 0.010000 0.011598 1520.000000 2.000000 1.380379 1.334126 1.066230
alpha2 0.010000 0.011598 1525.000000 2.000000 1.380379 1.334126 1.067304
alpha2 0.010000 0.011598 1530.000000 2.000000 1.380379 1.334126 1.068365
alpha2 0.010000 0.011598 1535.000000 2.000000 1.380379 1.334126 1.069414
alpha2 0.010000 0.011598 1540.000000 2.000000 1.380379 1.334126 1.070451
alpha2 0.010000 0.011598 1545.000000 2.000000 1.380379 1.334126 1.071476
alpha2 0.010000 0.011598 1550.000000 2.000000 1.380379 1.334126 1.072490
alpha2 0.010000 0.011598 1555.000000 2.000000 1.380379 1.334126 1.073491
alpha2 0.010000 0.011598 1560.000000 2.000000 1.380379 1.334126 1.074482
alpha2 0.010000 0.011598 1565.000000 2.000000 1.380379 1.334126 1.075461
alpha2 0.010000 0.011598 1570.000000 2.000000 1.380379 1.334126 1.076429
alpha2 0.010000 0.011598 1575.000000 2.000000 1.380379 1.334126 1.077386
alpha2 0.010000 0.011598 1580.000000 2.000000 1.380379 1.334126 1.078332
alpha2 0.010000 0.011598 1585.000000 2.000000 1.380379 1.334126 1.079267
alpha2 0.010000 0.011598 1590.000000 2.000000 1.380379 1.334126 1.080191
alpha2 0.010000 0.011598 1595.000000 2.000000 1.380379 1.334126 1.081105
alpha2 0.010000 0.011598 1600.000000 2.000000 1.380379 1.334126 1.082008
alpha2 0.010000 0.011598 1605.000000 2.000000 1.380379 1.334126 1.082901
alpha2 0.010000 0.011598 1610.000000 2.000000 1.380379 1.334126 1.083784
alpha2 0.010000 0.011598 1615.000000 2.000000 1.380379 1.334126 1.084657
alpha2 0.010000 0.011598 1620.000000 2.000000 1.380379 1.334126 1.085519
alpha2 0.010000 0.011598 1625.000000 2.000000 1.380379 1.334126 1.086372
alpha2 0.010000 0.011598 1630.000000 2.000000 1.380379 1.334126 1.087215
alpha2 0.010000 0.011598 1635.000000 2.000000 1.380379 1.334126 1.088049
alpha2 0.010000 0.011598 1640.000000 2.000000 1.380379 1.334126 1.088873
alpha2 0.010000 0.011598 1645.000000 2.000000 1.380379 1.334127 1.089687
alpha2 0.010000 0.011598 1650.000000 2.000000 1.380379 1.334127 1.090493
alpha2 0.010000 0.011598 1655.000000 2.000000 1.380379 1.334127 1.091289
alpha2 0.010000 0.011598 1660.000000 2.000000 1.380379 1.334127 1.092075
alpha2 0.010000 0.011598 1665.000000 2.000000 1.380379 1.334127 1.092853
alpha2 0.010000 0.011598 1670.000000 2.000000 1.380379 1.334127 1.093622
alpha2 0.010000 0.011598 1675.000000 2.000000 1.380379 1.334127 1.094383
alpha2 0.010000 0.011598 1680.000000 2.000000 1.380379 1.334127 1.095134
alpha2 0.010000 0.011598 1685.000000 2.000000 1.380379 1.334127 1.095877
alpha2 0.010000 0.011598 1690.000000 2.000000 1.380379 1.334127 1.096612
alpha2 0.010000 0.011598 1695.000000 2.000000 1.380379 1.334127 1.097338
alpha2 0.010000 0.011598 1700.000000 2.000000 1.380379 1.334127 1.098055
alpha2 0.010000 0.011598 1705.000000 2.000000 1.380379 1.334127 1.098765
alpha2 0.010000 0.011598 1710.000000 2.000000 1.380379 1.334127 1.099466
alpha2 0.010000 0.011598 1715.000000 2.000000 1.380379 1.334127 1.100160
alpha2 0.010000 0.011598 1720.000000 2.000000 1.380379 1.334127 1.100845
alpha2 0.010000 0.011598 1725.000000 2.000000 1.380379 1.334127 1.101523
alpha2 0.010000 0.011598 1730.000000 2.000000 1.380379 1.334127 1.102193
alpha2 0.010000 0.011598 1735.000000 2.000000 1.380379 1.334127 1.102855
alpha2 0.010000 0.011598 1740.000000 2.000000 1.380379 1.334127 1.103510
alpha2 0.010000 0.011598 1745.000000 2.000000 1.380379 1.334127 1.104157
alpha2 0.010000 0.011598 1750.000000 2.000000 1.380379 1.334127 1.104797
alpha2 0.010000 0.011598 1755.000000 2.000000 1.380379 1.334127 1.105429
alpha2 0.010000 0.011598 1760.000000 2.000000 1.380379 1.334127 1.106054
alpha2 0.010000 0.011598 1765.000000 2.000000 1.380379 1.334127 1.106672
alpha2 0.010000 0.011598 1770.000000 2.000000 1.380379 1.334127 1.107283
alpha2 0.010000 0.011598 1775.000000 2.000000 1.380379 1.334127 1.107887
alpha2 0.010000 0.011598 1780.000000 2.000000 1.380379 1.334127 1.108485
alpha2 0.010000 0.011598 1785.000000 2.000000 1.380379 1.334127 1.109075
alpha2 0.010000 0.011598 1790.000000 2.000000 1.380379 1.334127 1.109658
alpha2 0.010000 0.011598 1795.000000 2.000000 1.380379 1.334127 1.110235
alpha2 0.010000 0.011598 1800.000000 2.000000 1.380379 1.334127 1.110806
alpha2 0.010000 0.011598 1805.000000 2.000000 1.380379 1.334127 1.111369
alpha2 0.010000 0.011598 1810.000000 2.000000 1.380379 1.334127 1.111927
alpha2 0.010000 0.011598 1815.000000 2.000000 1.380379 1.334127 1.112478
alpha2 0.010000 0.011598 1820.000000 2.000000 1.380379 1.334127 1.113022
alpha2 0.010000 0.011598 1825.000000 2.000000 1.380379 1.334127 1.113561
alpha2 0.010000 0.011598 1830.000000 2.000000 1.380379 1.334127 1.114093
alpha2 0.010000 0.011598 1835.000000 2.000000 1.380379 1.334127 1.114619
alpha2 0.010000 0.011598 1840.000000 2.000000 1.380379 1.334127 1.115139
alpha2 0.010000 0.011598 1845.000000 2.000000 1.380379 1.334127 1.115653
alpha2 0.010000 0.011598 1850.000000 2.000000 1.380379 1.334127 1.116162
alpha2 0.010000 0.011598 1855.000000 2.000000 1.380379 1.334127 1.116664
alpha2 0.010000 0.011598 1860.000000 2.000000 1.380379 1.334127 1.117161
alpha2 0.010000 0.011598 1865.000000 2.000000 1.380379 1.334127 1.117652
alpha2 0.010000 0.011598 1870.000000 2.000000 1.380379 1.334127 1.118137
alpha2 0.010000 0.011598 1875.000000 2.000000 1.380379 1.334127 1.118617
alpha2 0.010000 0.011598 1880.000000 2.000000 1.380379 1.334127 1.119092
alpha2 0.010000 0.011598 1885.000000 2.000000 1.380379 1.334127 1.119561
alpha2 0.010000 0.011598 1890.000000 2.000000 1.380379 1.334127 1.120024
alpha2 0.010000 0.011598 1895.000000 2.000000 1.380379 1.334127 1.120483
alpha2 0.010000 0.011598 1900.000000 2.000000 1.380379 1.334127 1.120936
alpha2 0.010000 0.011598 1905.000000 2.000000 1.380379 1.334127 1.121384
alpha2 0.010000 0.011598 1910.000000 2.000000 1.380379 1.334127 1.121827
alpha2 0.010000 0.011598 1915.000000 2.000000 1.380379 1.334127 1.122264
alpha2 0.010000 0.011598 1920.000000 2.000000 1.380379 1.334127 1.122697
alpha2 0.010000 0.011598 1925.000000 2.000000 1.380379 1.334127 1.123125
alpha2 0.010000 0.011598 1930.000000 2.000000 1.380379 1.334127 1.123548
alpha2 0.010000 0.011598 1935.000000 2.000000 1.380379 1.334127 1.123966
alpha2 0.010000 0.011598 1940.000000 2.000000 1.380379 1.334127 1.124379
alpha2 0.010000 0.011598 1945.000000 2.000000 1.380379 1.334127 1.124788
alpha2 0.010000 0.011598 1950.000000 2.000000 1.380379 1.334127 1.125192
alpha2 0.010000 0.011598 1955.000000 2.000000 1.380379 1.334127 1.125591
alpha2 0.010000 0.011598 1960.000000 2.000000 1.380379 1.334127 1.125986
alpha2 0.010000 0.011598 1965.000000 2.000000 1.380379 1.334127 1.126376
alpha2 0.010000 0.011598 1970.000000 2.000000 1.380379 1.334127 1.126761
alpha2 0.010000 0.011598 1975.000000 2.000000 1.380379 1.334127 1.127143
alpha2 0.010000 0.011598 1980.000000 2.000000 1.380379 1.334127 1.127520
alpha2 0.010000 0.011598 1985.000000 2.000000 1.380379 1.334127 1.127892
alpha2 0.010000 0.011598 1990.000000 2.000000 1.380379 1.334127 1.128261
alpha2 0.010000 0.011598 1995.000000 2.000000 1.380379 1.334127 1.128625
alpha2 0.010000 0.011598 2000.000000 2.000000 1.380379 1.334127 1.128985
alpha2 0.010000 0.011598 2005.000000 2.000000 1.380379 1.334127 1.129341
alpha2 0.010000 0.011598 2010.000000 2.000000 1.380379 1.334127 1.129693
alpha2 0.010000 0.011598 2015.000000 2.000000 1.380379 1.334127 1.130040
alpha2 0.010000 0.011598 2020.000000 2.000000 1.380379 1.334127 1.130384
alpha2 0.010000 0.011598 2025.000000 2.000000 1.380379 1.334127 1.130724
alpha2 0.010000 0.011598 2030.000000 2.000000 1.380379 1.334127 1.131060
alpha2 0.010000 0.011598 2035.000000 2.000000 1.380379 1.334127 1.131392
alpha2 0.010000 0.011598 2040.000000 2.000000 1.380379 1.334127 1.131721
alpha2 0.010000 0.011598 2045.000000 2.000000 1.380379 1.334127 1.132045
alpha2 0.010000 0.011598 2050.000000 2.000000 1.380379 1.334127 1.132366
alpha2 0.010000 0.011598 2055.000000 2.000000 1.380379 1.334127 1.132683
alpha2 0.010000 0.011598 2060.000000 2.000000 1.380379 1.334127 1.132997
alpha2 0.010000 0.011598 2065.000000 2.000000 1.380379 1.334127 1.133307
alpha2 0.010000 0.011598 2070.000000 2.000000 1.380379 1.334127 1.133613
alpha2 0.010000 0.011598 2075.000000 2.000000 1.380379 1.334127 1.133916
alpha2 0.010000 0.011598 2080.000000 2.000000 1.380379 1.334127 1.134216
alpha2 0.010000 0.011598 2085.000000 2.000000 1.380379 1.334127 1.134512
alpha2 0.010000 0.011598 2090.000000 2.000000 1.380379 1.334127 1.134805
alpha2 0.010000 0.011598 2095.000000 2.000000 1.380379 1.334127 1.135094
alpha2 0.010000 0.011598 2100.000000 2.000000 1.380379 1.334127 1.135380
alpha2 0.010000 0.011598 2105.000000 2.000000 1.380379 1.334127 1.135663
alpha2 0.010000 0.011598 2110.000000 2.000000 1.380379 1.334127 1.135942
alpha2 0.010000 0.011598 2115.000000 2.000000 1.380379 1.334127 1.136219
alpha2 0.010000 0.011598 2120.000000 2.000000 1.380379 1.334127 1.136492
alpha2 0.010000 0.011598 2125.000000 2.000000 1.380379 1.334127 1.136762
alpha2 0.010000 0.011598 2130.000000 2.000000 1.380379 1.334127 1.137029
alpha2 0.010000 0.011598 2135.000000 2.000000 1.380379 1.334127 1.137293
alpha2 0.010000 0.011598 2140.000000 2.000000 1.380379 1.334127 1.137554
alpha2 0.010000 0.011598 2145.000000 2.000000 1.380379 1.334127 1.137812
alpha2 0.010000 0.011598 2150.000000 2.000000 1.380379 1.334127 1.138067
alpha2 0.010000 0.011598 2155.000000 2.000000 1.380379 1.334127 1.138319
alpha2 0.010000 0.011598 2160.000000 2.000000 1.380379 1.334127 1.138568
alpha2 0.010000 0.011598 2165.000000 2.000000 1.380379 1.334127 1.138814
alpha2 0.010000 0.011598 2170.000000 2.000000 1.380379 1.334127 1.139058
alpha2 0.010000 0.011598 2175.000000 2.000000 1.380379 1.334127 1.139298
alpha2 0.010000 0.011598 2180.000000 2.000000 1.380379 1.334127 1.139536
alpha2 0.010000 0.011598 2185.000000 2.000000 1.380379 1.334127 1.139771
alpha2 0.010000 0.011598 2190.000000 2.000000 1.380379 1.334127 1.140004
alpha2 0.010000 0.011598 2195.000000 2.000000 1.380379 1.334127 1.140234
alpha2 0.010000 0.011598 2200.000000 2.000000 1.380379 1.334127 1.140461
alpha2 0.010000 0.011598 2205.000000 2.000000 1.380379 1.334127 1.140686
alpha2 0.010000 0.011598 2210.000000 2.000000 1.380379 1.334127 1.140908
alpha2 0.010000 0.011598 2215.000000 2.000000 1.380379 1.334127 1.141127
alpha2 0.010000 0.011598 2220.000000 2.000000 1.380379 1.334127 1.141344
alpha2 0.010000 0.011598 2225.000000 2.000000 1.380379 1.334127 1.141559
alpha2 0.010000 0.011598 2230.000000 2.000000 1.380379 1.334127 1.141771
alpha2 0.010000 0.011598 2235.000000 2.000000 1.380379 1.334127 1.141981
alpha2 0.010000 0.011598 2240.000000 2.000000 1.380379 1.334127 1.142188
alpha2 0.010000 0.011598 2245.000000 2.000000 1.380379 1.334127 1.142393
alpha2 0.010000 0.011598 2250.000000 2.000000 1.380379 1.334127 1.142596
alpha2 0.010000 0.011598 2255.000000 2.000000 1.380379 1.334127 1.142796
alpha2 0.010000 0.011598 2260.000000 2.000000 1.380379 1.334127 1.142994
alpha2 0.010000 0.011598 2265.000000 2.000000 1.380379 1.334127 1.143189
alpha2 0.010000 0.011598 2270.000000 2.000000 1.380379 1.334127 1.143383
alpha2 0.010000 0.011598 2275.000000 2.000000 1.380379 1.334127 1.143574
alpha2 0.010000 0.011598 2280.000000 2.000000 1.380379 1.334127 1.143763
alpha2 0.010000 0.011598 2285.000000 2.000000 1.380379 1.334127 1.143950
alpha2 0.010000 0.011598 2290.000000 2.000000 1.380379 1.334127 1.144135
alpha2 0.010000 0.011598 2295.000000 2.000000 1.380379 1.334127 1.144318
alpha2 0.010000 0.011598 2300.000000 2.000000 1.380379 1.334127 1.144498
alpha2 0.010000 0.011598 2305.000000 2.000000 1.380379 1.334127 1.144677
alpha2 0.010000 0.011598 2310.000000 2.000000 1.380379 1.334127 1.144853
alpha2 0.010000 0.011598 2315.000000 2.000000 1.380379 1.334127 1.145028
alpha2 0.010000 0.011598 2320.000000 2.000000 1.380379 1.334127 1.145200
alpha2 0.010000 0.011598 2325.000000 2.000000 1.380379 1.334127 1.145371
alpha2 0.010000 0.011598 2330.000000 2.000000 1.380379 1.334127 1.145539
alpha2 0.010000 0.011598 2335.000000 2.000000 1.380379 1.334127 1.145706
alpha2 0.010000 0.011598 2340.000000 2.000000 1.380379 1.334127 1.145870
alpha2 0.010000 0.011598 2345.000000 2.000000 1.380379 1.334127 1.146033
alpha2 0.010000 0.011598 2350.000000 2.000000 1.380379 1.334127 1.146194
alpha2 0.010000 0.011598 2355.000000 2.000000 1.380379 1.334127 1.146353
alpha2 0.010000 0.011598 2360.000000 2.000000 1.380379 1.334127 1.146511
alpha2 0.010000 0.011598 2365.000000 2.000000 1.380379 1.334127 1.146666
alpha2 0.010000 0.011598 2370.000000 2.000000 1.380379 1.334127 1.146820
alpha2 0.010000 0.011598 2375.000000 2.000000 1.380379 1.334127 1.146972
alpha2 0.010000 0.011598 2380.000000 2.000000 1.380379 1.334127 1.147122
alpha2 0.010000 0.011598 2385.000000 2.000000 1.380379 1.334127 1.147270
alpha2 0.010000 0.011598 2390.000000 2.000000 1.380379 1.334127 1.147417
alpha2 0.010000 0.011598 2395.000000 2.000000 1.380379 1.334127 1.147562
alpha2 0.010000 0.011598 2400.000000 2.000000 1.380379 1.334127 1.147706
alpha2 0.010000 0.011598 2405.000000 2.000000 1.380379 1.334127 1.147848
alpha2 0.010000 0.011598 2410.000000 2.000000 1.380379 1.334127 1.147988
alpha2 0.010000 0.011598 2415.000000 2.000000 1.380379 1.334127 1.148126
alpha2 0.010000 0.011598 2420.000000 2.000000 1.380379 1.334127 1.148264
alpha2 0.010000 0.011598 2425.000000 2.000000 1.380379 1.334127 1.148399
alpha2 0.010000 0.011598 2430.000000 2.000000 1.380379 1.334127 1.148533
alpha2 0.010000 0.011598 2435.000000 2.000000 1.380379 1.334127 1.148665
alpha2 0.010000 0.011598 2440.000000 2.000000 1.380379 1.334127 1.148796
alpha2 0.010000 0.011598 2445.000000 2.000000 1.380379 1.334127 1.148925
alpha2 0.010000 0.011598 2450.000000 2.000000 1.380379 1.334127 1.149053
alpha2 0.010000 0.011598 2455.000000 2.000000 1.380379 1.334127 1.149180
alpha2 0.010000 0.011598 2460.000000 2.000000 1.380379 1.334127 1.149305
alpha2 0.010000 0.011598 2465.000000 2.000000 1.380379 1.334127 1.149428
alpha2 0.010000 0.011598 2470.000000 2.000000 1.380379 1.334127 1.149550
alpha2 0.010000 0.011598 2475.000000 2.000000 1.380379 1.334127 1.149671
alpha2 0.010000 0.011598 2480.000000 2.000000 1.380379 1.334127 1.149791
alpha2 0.010000 0.011598 2485.000000 2.000000 1.380379 1.334127 1.149909
alpha2 0.010000 0.011598 2490.000000 2.000000 1.380379 1.334127 1.150025
alpha2 0.010000 0.011598 2495.000000 2.000000 1.380379 1.334127 1.150140
alpha2 0.010000 0.011598 2500.000000 2.000000 1.380379 1.334127 1.150254
alpha2 0.010000 0.011598 2505.000000 2.000000 1.380379 1.334127 1.150367
alpha2 0.010000 0.011598 2510.000000 2.000000 1.380379 1.334127 1.150479
alpha2 0.010000 0.011598 2515.000000 2.000000 1.380379 1.334127 1.150589
alpha2 0.010000 0.011598 2520.000000 2.000000 1.380379 1.334127 1.150698
alpha2 0.010000 0.011598 2525.000000 2.000000 1.380379 1.334127 1.150805
alpha2 0.010000 0.011598 2530.000000 2.000000 1.380379 1.334127 1.150912
alpha2 0.010000 0.011598 2535.000000 2.000000 1.380379 1.334127 1.151017
alpha2 0.010000 0.011598 2540.000000 2.000000 1.380379 1.334127 1.151121
alpha2 0.010000 0.011598 2545.000000 2.000000 1.380379 1.334127 1.151224
alpha2 0.010000 0.011598 2550.000000 2.000000 1.380379 1.334127 1.151325
alpha2 0.010000 0.011598 2555.000000 2.000000 1.380379 1.334127 1.151426
alpha2 0.010000 0.011598 2560.000000 2.000000 1.380379 1.334127 1.151525
alpha2 0.010000 0.011598 2565.000000 2.000000 1.380379 1.334127 1.151623
alpha2 0.010000 0.011598 2570.000000 2.000000 1.380379 1.334127 1.151720
alpha2 0.010000 0.011598 2575.000000 2.000000 1.380379 1.334127 1.151816
alpha2 0.010000 0.011598 2580.000000 2.000000 1.380379 1.334127 1.151911
alpha2 0.010000 0.011598 2585.000000 2.000000 1.380379 1.334127 1.152005
alpha2 0.010000 0.011598 2590.000000 2.000000 1.380379 1.334127 1.152097
alpha2 0.010000 0.011598 2595.000000 2.000000 1.380379 1.334127 1.152189
alpha2 0.010000 0.011598 2600.000000 2.000000 1.380379 1.334127 1.152279
alpha2 0.010000 0.011598 2605.000000 2.000000 1.380379 1.334127 1.152369
alpha2 0.010000 0.011598 2610.000000 2.000000 1.380379 1.334127 1.152457
alpha2 0.010000 0.011598 2615.000000 2.000000 1.380379 1.334127 1.152545
alpha2 0.010000 0.011598 2620.000000 2.000000 1.380379 1.334127 1.152631
alpha2 0.010000 0.011598 2625.000000 2.000000 1.380379 1.334127 1.152717
alpha2 0.010000 0.011598 2630.000000 2.000000 1.380379 1.334127 1.152802
alpha2 0.010000 0.011598 2635.000000 2.000000 1.380379 1.334127 1.152885
alpha2 0.010000 0.011598 2640.000000 2.000000 1.380379 1.334127 1.152968
alpha2 0.010000 0.011598 2645.000000 2.000000 1.380379 1.334127 1.153049
alpha2 0.010000 0.011598 2650.000000 2.000000 1.380379 1.334127 1.153130
alpha2 0.010000 0.011598 2655.000000 2.000000 1.380379 1.334127 1.153210
alpha2 0.010000 0.011598 2660.000000 2.000000 1.380379 1.334127 1.153289
alpha2 0.010000 0.011598 2665.000000 2.000000 1.380379 1.334127 1.153367
alpha2 0.010000 0.011598 2670.000000 2.000000 1.380379 1.334127 1.153444
alpha2 0.010000 0.011598 2675.000000 2.000000 1.380379 1.334127 1.153520
alpha2 0.010000 0.011598 2680.000000 2.000000 1.380379 1.334127 1.153595
alpha2 0.010000 0.011598 2685.000000 2.000000 1.380379 1.334127 1.153670
alpha2 0.010000 0.011598 2690.000000 2.000000 1.380379 1.334127 1.153744
alpha2 0.010000 0.011598 2695.000000 2.000000 1.380379 1.334127 1.153816
alpha2 0.010000 0.011598 2700.000000 2.000000 1.380379 1.334127 1.153888
alpha2 0.010000 0.011598 2705.000000 2.000000 1.380379 1.334127 1.153960
alpha2 0.010000 0.011598 2710.000000 2.000000 1.380379 1.334127 1.154030
alpha2 0.010000 0.011598 2715.000000 2.000000 1.380379 1.334127 1.154099
alpha2 0.010000 0.011598 2720.000000 2.000000 1.380379 1.334127 1.154168
alpha2 0.010000 0.011598 2725.000000 2.000000 1.380379 1.334127 1.154236
alpha2 0.010000 0.011598 2730.000000 2.000000 1.380379 1.334127 1.154303
alpha2 0.010000 0.011598 2735.000000 2.000000 1.380379 1.334127 1.154370
alpha2 0.010000 0.011598 2740.000000 2.000000 1.380379 1.334127 1.154435
alpha2 0.010000 0.011598 2745.000000 2.000000 1.380379 1.334127 1.154500
alpha2 0.010000 0.011598 2750.000000 2.000000 1.380379 1.334127 1.154564
alpha2 0.010000 0.011598 2755.000000 2.000000 1.380379 1.334127 1.154628
alpha2 0.010000 0.011598 2760.000000 2.000000 1.380379 1.334127 1.154690
alpha2 0.010000 0.011598 2765.000000 2.000000 1.380379 1.334127 1.154752
alpha2 0.010000 0.011598 2770.000000 2.000000 1.380379 1.334127 1.154814
alpha2 0.010000 0.011598 2775.000000 2.000000 1.380379 1.334127 1.154874
alpha2 0.010000 0.011598 2780.000000 2.000000 1.380379 1.334127 1.154934
alpha2 0.010000 0.011598 2785.000000 2.000000 1.380379 1.334127 1.154993
alpha2 0.010000 0.011598 2790.000000 2.000000 1.380379 1.334127 1.155052
alpha2 0.010000 0.011598 2795.000000 2.000000 1.380379 1.334127 1.155110
alpha2 0.010000 0.011598 2800.000000 2.000000 1.380379 1.334127 1.155167
alpha2 0.010000 0.011598 2805.000000 2.000000 1.380379 1.334127 1.155223
alpha2 0.010000 0.011598 2810.000000 2.000000 1.380379 1.334127 1.155279
alpha2 0.010000 0.011598 2815.000000 2.000000 1.380379 1.334127 1.155334
alpha2 0.010000 0.011598 2820.000000 2.000000 1.380379 1.334127 1.155389
alpha2 0.010000 0.011598 2825.000000 2.000000 1.380379 1.334127 1.155443
alpha2 0.010000 0.011598 2830.000000 2.000000 1.380379 1.334127 1.155496
alpha2 0.010000 0.011598 2835.000000 2.000000 1.380379 1.334127 1.155549
alpha2 0.010000 0.011598 2840.000000 2.000000 1.380379 1.334127 1.155601
alpha2 0.010000 0.011598 2845.000000 2.000000 1.380379 1.334127 1.155653
alpha2 0.010000 0.011598 2850.000000 2.000000 1.380379 1.334127 1.155704
alpha2 0.010000 0.011598 2855.000000 2.000000 1.380379 1.334127 1.155754
alpha2 0.010000 0.011598 2860.000000 2.000000 1.380379 1.334127 1.155804
alpha2 0.010000 0.011598 2865.000000 2.000000 1.380379 1.334127 1.155853
alpha2 0.010000 0.011598 2870.000000 2.000000 1.380379 1.334127 1.155902
alpha2 0.010000 0.011598 2875.000000 2.000000 1.380379 1.334127 1.155950
alpha2 0.010000 0.011598 2880.000000 2.000000 1.380379 1.334127 1.155998
alpha2 0.010000 0.011598 2885.000000 2.000000 1.380379 1.334127 1.156045
alpha2 0.010000 0.011598 2890.000000 2.000000 1.380379 1.334127 1.156091
alpha2 0.010000 0.011598 2895.000000 2.000000 1.380379 1.334127 1.156137
alpha2 0.010000 0.011598 2900.000000 2.000000 1.380379 1.334127 1.156182
alpha2 0.010000 0.011598 2905.000000 2.000000 1.380379 1.334127 1.156227
alpha2 0.010000 0.011598 2910.000000 2.000000 1.380379 1.334127 1.156272
alpha2 0.010000 0.011598 2915.000000 2.000000 1.380379 1.334127 1.156316
alpha2 0.010000 0.011598 2920.000000 2.000000 1.380379 1.334127 1.156359
alpha2 0.010000 0.011598 2925.000000 2.000000 1.380379 1.334127 1.156402
alpha2 0.010000 0.011598 2930.000000 2.000000 1.380379 1.334127 1.156444
alpha2 0.010000 0.011598 2935.000000 2.000000 1.380379 1.334127 1.156486
alpha2 0.010000 0.011598 2940.000000 2.000000 1.380379 1.334127 1.156528
alpha2 0.010000 0.011598 2945.000000 2.000000 1.380379 1.334127 1.156569
alpha2 0.010000 0.011598 2950.000000 2.000000 1.380379 1.334127 1.156609
alpha2 0.010000 0.011598 2955.000000 2.000000 1.380379 1.334127 1.156649
alpha2 0.010000 0.011598 2960.000000 2.000000 1.380379 1.334127 1.156689
alpha2 0.010000 0.011598 2965.000000 2.000000 1.380379 1.334127 1.156728
alpha2 0.010000 0.011598 2970.000000 2.000000 1.380379 1.334127 1.156767
alpha2 0.010000 0.011598 2975.000000 2.000000 1.380379 1.334127 1.156805
alpha2 0.010000 0.011598 2980.000000 2.000000 1.380379 1.334127 1.156843
alpha2 0.010000 0.011598 2985.000000 2.000000 1.380379 1.334127 1.156880
alpha2 0.010000 0.011598 2990.000000 2.000000 1.380379 1.334127 1.156917
alpha2 0.010000 0.011598 2995.000000 2.000000 1.380379 1.334127 1.156953
alpha2 0.010000 0.011598 3000.000000 2.000000 1.380379 1.334127 1.156989
alpha2 0.010000 0.011598 3005.000000 2.000000 1.380379 1.334127 1.157025
alpha2 0.010000 0.011598 3010.000000 2.000000 1.380379 1.334127 1.157060
alpha2 0.010000 0.011598 3015.000000 2.000000 1.380379 1.334127 1.157095
alpha2 0.010000 0.011598 3020.000000 2.000000 1.380379 1.334127 1.157130
alpha2 0.010000 0.011598 3025.000000 2.000000 1.380379 1.334127 1.157164
alpha2 0.010000 0.011598 3030.000000 2.000000 1.380379 1.334127 1.157198
alpha2 0.010000 0.011598 3035.000000 2.000000 1.380379 1.334127 1.157231
alpha2 0.010000 0.011598 3040.000000 2.000000 1.380379 1.334127 1.157264
alpha2 0.010000 0.011598 3045.000000 2.000000 1.380379 1.334127 1.157296
alpha2 0.010000 0.011598 3050.000000 2.000000 1.380379 1.334127 1.157328
alpha2 0.010000 0.011598 3055.000000 2.000000 1.380379 1.334127 1.157360
alpha2 0.010000 0.011598 3060.000000 2.000000 1.380379 1.334127 1.157392
alpha2 0.010000 0.011598 3065.000000 2.000000 1.380379 1.334127 1.157423
alpha2 0.010000 0.011598 3070.000000 2.000000 1.380379 1.334127 1.157454
alpha2 0.010000 0.011598 3075.000000 2.000000 1.380379 1.334127 1.157484
alpha2 0.010000 0.011598 3080.000000 2.000000 1.380379 1.334127 1.157514
alpha2 0.010000 0.011598 3085.000000 2.000000 1.380379 1.334127 1.157544
alpha2 0.010000 0.011598 3090.000000 2.000000 1.380379 1.334127 1.157573
alpha2 0.010000 0.011598 3095.000000 2.000000 1.380379 1.334127 1.157602
alpha2 0.010000 0.011598 3100.000000 2.000000 1.380379 1.334127 1.157631
alpha2 0.010000 0.011598 3105.000000 2.000000 1.380379 1.334127 1.157659
alpha2 0.010000 0.011598 3110.000000 2.000000 1.380379 1.334127 1.157687
alpha2 0.010000 0.011598 3115.000000 2.000000 1.380379 1.334127 1.157715
alpha2 0.010000 0.011598 3120.000000 2.000000 1.380379 1.334127 1.157742
alpha2 0.010000 0.011598 3125.000000 2.000000 1.380379 1.334127 1.157769
alpha2 0.010000 0.011598 3130.000000 2.000000 1.380379 1.334127 1.157796
alpha2 0.010000 0.011598 3135.000000 2.000000 1.380379 1.334127 1.157822
alpha2 0.010000 0.011598 3140.000000 2.000000 1.380379 1.334127 1.157849
alpha2 0.010000 0.011598 3145.000000 2.000000 1.380379 1.334127 1.157874
alpha2 0.010000 0.011598 3150.000000 2.000000 1.380379 1.334127 1.157900
alpha2 0.010000 0.011598 3155.000000 2.000000 1.380379 1.334127 1.157925
alpha2 0.010000 0.011598 3160.000000 2.000000 1.380379 1.334127 1.157950
alpha2 0.010000 0.011598 3165.000000 2.000000 1.380379 1.334127 1.157975
alpha2 0.010000 0.011598 3170.000000 2.000000 1.380379 1.334127 1.157999
alpha2 0.010000 0.011598 3175.000000 2.000000 1.380379 1.334127 1.158024
alpha2 0.010000 0.011598 3180.000000 2.000000 1.380379 1.334127 1.158047
alpha2 0.010000 0.011598 3185.000000 2.000000 1.380379 1.334127 1.158071
alpha2 0.010000 0.011598 3190.000000 2.000000 1.380379 1.334127 1.158094
alpha2 0.010000 0.011598 3195.000000 2.000000 1.380379 1.334127 1.158117
alpha2 0.010000 0.011598 3200.000000 2.000000 1.380379 1.334127 1.158140
alpha2 0.010000 0.011598 3205.000000 2.000000 1.380379 1.334127 1.158163
alpha2 0.010000 0.011598 3210.000000 2.000000 1.380379 1.334127 1.158185
alpha2 0.010000 0.011598 3215.000000 2.000000 1.380379 1.334127 1.158207
alpha2 0.010000 0.011598 3220.000000 2.000000 1.380379 1.334127 1.158229
alpha2 0.010000 0.011598 3225.000000 2.000000 1.380379 1.334127 1.158250
alpha2 0.010000 0.011598 3230.000000 2.000000 1.380379 1.334127 1.158271
alpha2 0.010000 0.011598 3235.000000 2.000000 1.380379 1.334127 1.158292
alpha2 0.010000 0.011598 3240.000000 2.000000 1.380379 1.334127 1.158313
alpha2 0.010000 0.011598 3245.000000 2.000000 1.380379 1.334127 1.158334
alpha2 0.010000 0.011598 3250.000000 2.000000 1.380379 1.334127 1.158354
alpha2 0.010000 0.011598 3255.000000 2.000000 1.380379 1.334127 1.158374
alpha2 0.010000 0.011598 3260.000000 2.000000 1.380379 1.334127 1.158394
alpha2 0.010000 0.011598 3265.000000 2.000000 1.380379 1.334127 1.158414
alpha2 0.010000 0.011598 3270.000000 2.000000 1.380379 1.334127 1.158433
alpha2 0.010000 0.011598 3275.000000 2.000000 1.380379 1.334127 1.158452
alpha2 0.010000 0.011598 3280.000000 2.000000 1.380379 1.334127 1.158471
alpha2 0.010000 0.011598 3285.000000 2.000000 1.380379 1.334127 1.158490
alpha2 0.010000 0.011598 3290.000000 2.000000 1.380379 1.334127 1.158508
alpha2 0.010000 0.011598 3295.000000 2.000000 1.380379 1.334127 1.158527
alpha2 0.010000 0.011598 3300.000000 2.000000 1.380379 1.334127 1.158545
alpha2 0.010000 0.011598 3305.000000 2.000000 1.380379 1.334127 1.158563
alpha2 0.010000 0.011598 3310.000000 2.000000 1.380379 1.334127 1.158580
alpha2 0.010000 0.011598 3315.000000 2.000000 1.380379 1.334127 1.158598
alpha2 0.010000 0.011598 3320.000000 2.000000 1.380379 1.334127 1.158615
alpha2 0.010000 0.011598 3325.000000 2.000000 1.380379 1.334127 1.158632
alpha2 0.010000 0.011598 3330.000000 2.000000 1.380379 1.334127 1.158649
alpha2 0.010000 0.011598 3335.000000 2.000000 1.380379 1.334127 1.158666
alpha2 0.010000 0.011598 3340.000000 2.000000 1.380379 1.334127 1.158682
alpha2 0.010000 0.011598 3345.000000 2.000000 1.380379 1.334127 1.158699
alpha2 0.010000 0.011598 3350.000000 2.000000 1.380379 1.334127 1.158715
alpha2 0.010000 0.011598 3355.000000 2.000000 1.380379 1.334127 1.158731
alpha2 0.010000 0.011598 3360.000000 2.000000 1.380379 1.334127 1.158747
alpha2 0.010000 0.011598 3365.000000 2.000000 1.380379 1.334127 1.158762
alpha2 0.010000 0.011598 3370.000000 2.000000 1.380379 1.334127 1.158778
alpha2 0.010000 0.011598 3375.000000 2.000000 1.380379 1.334127 1.158793
alpha2 0.010000 0.011598 3380.000000 2.000000 1.380379 1.334127 1.158808
alpha2 0.010000 0.011598 3385.000000 2.000000 1.380379 1.334127 1.158823
alpha2 0.010000 0.011598 3390.000000 2.000000 1.380379 1.334127 1.158837
alpha2 0.010000 0.011598 3395.000000 2.000000 1.380379 1.334127 1.158852
alpha2 0.010000 0.011598 3400.000000 2.000000 1.380379 1.334127 1.158866
alpha2 0.010000 0.011598 3405.000000 2.000000 1.380379 1.334127 1.158881
alpha2 0.010000 0.011598 3410.000000 2.000000 1.380379 1.334127 1.158895
alpha2 0.010000 0.011598 3415.000000 2.000000 1.380379 1.334127 1.158909
alpha2 0.010000 0.011598 3420.000000 2.000000 1.380379 1.334127 1.158922
alpha2 0.010000 0.011598 3425.000000 2.000000 1.380379 1.334127 1.158936
alpha2 0.010000 0.011598 3430.000000 2.000000 1.380379 1.334127 1.158949
alpha2 0.010000 0.011598 3435.000000 2.000000 1.380379 1.334127 1.158963
alpha2 0.010000 0.011598 3440.000000 2.000000 1.380379 1.334127 1.158976
alpha2 0.010000 0.011598 3445.000000 2.000000 1.380379 1.334127 1.158989
alpha2 0.010000 0.011598 3450.000000 2.000000 1.380379 1.334127 1.159001
alpha2 0.010000 0.011598 3455.000000 2.000000 1.380379 1.334127 1.159014
alpha2 0.010000 0.011598 3460.000000 2.000000 1.380379 1.334127 1.159027
alpha2 0.010000 0.011598 3465.000000 2.000000 1.380379 1.334127 1.159039
alpha2 0.010000 0.011598 3470.000000 2.000000 1.380379 1.334127 1.159051
alpha2 0.010000 0.011598 3475.000000 2.000000 1.380379 1.334127 1.159063
alpha2 0.010000 0.011598 3480.000000 2.000000 1.380379 1.334127 1.159075
alpha2 0.010000 0.011598 3485.000000 2.000000 1.380379 1.334127 1.159087
alpha2 0.010000 0.011598 3490.000000 2.000000 1.380379 1.334127 1.159099
alpha2 0.010000 0.011598 3495.000000 2.000000 1.380379 1.334127 1.159110
alpha2 0.010000 0.011598 3500.000000 2.000000 1.380379 1.334127 1.159122
alpha2 0.010000 0.011598 3505.000000 2.000000 1.380379 1.334127 1.159133
alpha2 0.010000 0.011598 3510.000000 2.000000 1.380379 1.334127 1.159144
alpha2 0.010000 0.011598 3515.000000 2.000000 1.380379 1.334127 1.159155
alpha2 0.010000 0.011598 3520.000000 2.000000 1.380379 1.334127 1.159166
alpha2 0.010000 0.011598 3525.000000 2.000000 1.380379 1.334127 1.159177
alpha2 0.010000 0.011598 3530.000000 2.000000 1.380379 1.334127 1.159188
alpha2 0.010000 0.011598 3535.000000 2.000000 1.380379 1.334127 1.159198
alpha2 0.010000 0.011598 3540.000000 2.000000 1.380379 1.334127 1.159209
alpha2 0.010000 0.011598 3545.000000 2.000000 1.380379 1.334127 1.159219
alpha2 0.010000 0.011598 3550.000000 2.000000 1.380379 1.334127 1.159229
alpha2 0.010000 0.011598 3555.000000 2.000000 1.380379 1.334127 1.159239
alpha2 0.010000 0.011598 3560.000000 2.000000 1.380379 1.334127 1.159249
alpha2 0.010000 0.011598 3565.000000 2.000000 1.380379 1.334127 1.159259
alpha2 0.010000 0.011598 3570.000000 2.000000 1.380379 1.334127 1.159269
alpha2 0.010000 0.011598 3575.000000 2.000000 1.380379 1.334127 1.159278
alpha2 0.010000 0.011598 3580.000000 2.000000 1.380379 1.334127 1.159288
alpha2 0.010000 0.011598 3585.000000 2.000000 1.380379 1.334127 1.159297
alpha2 0.010000 0.011598 3590.000000 2.000000 1.380379 1.334127 1.159307
alpha2 0.010000 0.011598 3595.000000 2.000000 1.380379 1.334127 1.159316
alpha2 0.010000 0.011598 3600.000000 2.000000 1.380379 1.334127 1.159325
