HEADER DATE 31-Jul-2017 20:22:53
HEADER RANDSEED 1742287652
Param True_Value Sim_Value Sim_Time Input mRNA foldedP fluo
Kf 0.002000 0.013309 0.000000 0.000000 0.001104 0.000474 0.002741
Kf 0.002000 0.013309 5.000000 0.000000 0.001104 0.000474 0.002741
Kf 0.002000 0.013309 10.000000 0.000000 0.001104 0.000474 0.002741
Kf 0.002000 0.013309 15.000000 0.000000 0.001104 0.000474 0.002741
Kf 0.002000 0.013309 20.000000 0.000000 0.001104 0.000474 0.002741
Kf 0.002000 0.013309 25.000000 0.000000 0.001104 0.000474 0.002741
Kf 0.002000 0.013309 30.000000 0.000000 0.001104 0.000474 0.002741
Kf 0.002000 0.013309 35.000000 0.000000 0.001104 0.000474 0.002741
Kf 0.002000 0.013309 40.000000 0.000000 0.001104 0.000474 0.002741
Kf 0.002000 0.013309 45.000000 0.000000 0.001104 0.000474 0.002741
Kf 0.002000 0.013309 50.000000 0.000000 0.001104 0.000474 0.002741
Kf 0.002000 0.013309 55.000000 0.000000 0.001104 0.000474 0.002741
Kf 0.002000 0.013309 60.000000 0.000000 0.001104 0.000474 0.002741
Kf 0.002000 0.013309 65.000000 0.000000 0.001104 0.000474 0.002741
Kf 0.002000 0.013309 70.000000 0.000000 0.001104 0.000474 0.002741
Kf 0.002000 0.013309 75.000000 0.000000 0.001104 0.000474 0.002741
Kf 0.002000 0.013309 80.000000 0.000000 0.001104 0.000474 0.002741
Kf 0.002000 0.013309 85.000000 0.000000 0.001104 0.000474 0.002741
Kf 0.002000 0.013309 90.000000 0.000000 0.001104 0.000474 0.002741
Kf 0.002000 0.013309 95.000000 0.000000 0.001104 0.000474 0.002741
Kf 0.002000 0.013309 100.000000 0.000000 0.001104 0.000474 0.002741
Kf 0.002000 0.013309 105.000000 0.000000 0.001104 0.000474 0.002741
Kf 0.002000 0.013309 110.000000 0.000000 0.001104 0.000474 0.002741
Kf 0.002000 0.013309 115.000000 0.000000 0.001104 0.000474 0.002741
Kf 0.002000 0.013309 120.000000 0.000000 0.001104 0.000474 0.002741
Kf 0.002000 0.013309 125.000000 0.000000 0.001104 0.000474 0.002741
Kf 0.002000 0.013309 130.000000 0.000000 0.001104 0.000474 0.002741
Kf 0.002000 0.013309 135.000000 0.000000 0.001104 0.000474 0.002741
Kf 0.002000 0.013309 140.000000 0.000000 0.001104 0.000474 0.002741
Kf 0.002000 0.013309 145.000000 0.000000 0.001104 0.000474 0.002741
Kf 0.002000 0.013309 150.000000 0.000000 0.001104 0.000474 0.002741
Kf 0.002000 0.013309 155.000000 0.000000 0.001104 0.000474 0.002741
Kf 0.002000 0.013309 160.000000 0.000000 0.001104 0.000474 0.002741
Kf 0.002000 0.013309 165.000000 0.000000 0.001104 0.000474 0.002741
Kf 0.002000 0.013309 170.000000 0.000000 0.001104 0.000474 0.002741
Kf 0.002000 0.013309 175.000000 0.000000 0.001104 0.000474 0.002741
Kf 0.002000 0.013309 180.000000 0.000000 0.001104 0.000474 0.002741
Kf 0.002000 0.013309 185.000000 0.000000 0.001104 0.000474 0.002741
Kf 0.002000 0.013309 190.000000 0.000000 0.001104 0.000474 0.002741
Kf 0.002000 0.013309 195.000000 0.000000 0.001104 0.000474 0.002741
Kf 0.002000 0.013309 200.000000 0.000000 0.001104 0.000474 0.002741
Kf 0.002000 0.013309 205.000000 0.000000 0.001104 0.000474 0.002741
Kf 0.002000 0.013309 210.000000 0.000000 0.001104 0.000474 0.002741
Kf 0.002000 0.013309 215.000000 0.000000 0.001104 0.000474 0.002741
Kf 0.002000 0.013309 220.000000 0.000000 0.001104 0.000474 0.002741
Kf 0.002000 0.013309 225.000000 0.000000 0.001104 0.000474 0.002741
Kf 0.002000 0.013309 230.000000 0.000000 0.001104 0.000474 0.002741
Kf 0.002000 0.013309 235.000000 0.000000 0.001104 0.000474 0.002741
Kf 0.002000 0.013309 240.000000 0.000000 0.001104 0.000474 0.002741
Kf 0.002000 0.013309 245.000000 0.000000 0.001104 0.000474 0.002741
Kf 0.002000 0.013309 250.000000 0.000000 0.001104 0.000474 0.002741
Kf 0.002000 0.013309 255.000000 0.000000 0.001104 0.000474 0.002741
Kf 0.002000 0.013309 260.000000 0.000000 0.001104 0.000474 0.002741
Kf 0.002000 0.013309 265.000000 0.000000 0.001104 0.000474 0.002741
Kf 0.002000 0.013309 270.000000 0.000000 0.001104 0.000474 0.002741
Kf 0.002000 0.013309 275.000000 0.000000 0.001104 0.000474 0.002741
Kf 0.002000 0.013309 280.000000 0.000000 0.001104 0.000474 0.002741
Kf 0.002000 0.013309 285.000000 0.000000 0.001104 0.000474 0.002741
Kf 0.002000 0.013309 290.000000 0.000000 0.001104 0.000474 0.002741
Kf 0.002000 0.013309 295.000000 0.000000 0.001104 0.000474 0.002741
Kf 0.002000 0.013309 300.000000 2.000000 0.001104 0.000474 0.002741
Kf 0.002000 0.013309 305.000000 2.000000 0.193226 0.005209 0.002848
Kf 0.002000 0.013309 310.000000 2.000000 0.358586 0.017831 0.003541
Kf 0.002000 0.013309 315.000000 2.000000 0.500914 0.036301 0.005265
Kf 0.002000 0.013309 320.000000 2.000000 0.623417 0.058968 0.008339
Kf 0.002000 0.013309 325.000000 2.000000 0.728856 0.084502 0.012979
Kf 0.002000 0.013309 330.000000 2.000000 0.819608 0.111841 0.019321
Kf 0.002000 0.013309 335.000000 2.000000 0.897719 0.140145 0.027435
Kf 0.002000 0.013309 340.000000 2.000000 0.964950 0.168753 0.037342
Kf 0.002000 0.013309 345.000000 2.000000 1.022816 0.197157 0.049024
Kf 0.002000 0.013309 350.000000 2.000000 1.072621 0.224968 0.062435
Kf 0.002000 0.013309 355.000000 2.000000 1.115489 0.251899 0.077504
Kf 0.002000 0.013309 360.000000 2.000000 1.152386 0.277744 0.094148
Kf 0.002000 0.013309 365.000000 2.000000 1.184144 0.302360 0.112272
Kf 0.002000 0.013309 370.000000 2.000000 1.211478 0.325658 0.131774
Kf 0.002000 0.013309 375.000000 2.000000 1.235004 0.347588 0.152549
Kf 0.002000 0.013309 380.000000 2.000000 1.255254 0.368136 0.174492
Kf 0.002000 0.013309 385.000000 2.000000 1.272683 0.387310 0.197498
Kf 0.002000 0.013309 390.000000 2.000000 1.287684 0.405137 0.221465
Kf 0.002000 0.013309 395.000000 2.000000 1.300596 0.421659 0.246294
Kf 0.002000 0.013309 400.000000 2.000000 1.311709 0.436929 0.271890
Kf 0.002000 0.013309 405.000000 2.000000 1.321274 0.451005 0.298164
Kf 0.002000 0.013309 410.000000 2.000000 1.329507 0.463951 0.325031
Kf 0.002000 0.013309 415.000000 2.000000 1.336593 0.475833 0.352412
Kf 0.002000 0.013309 420.000000 2.000000 1.342692 0.486719 0.380233
Kf 0.002000 0.013309 425.000000 2.000000 1.347942 0.496673 0.408424
Kf 0.002000 0.013309 430.000000 2.000000 1.352460 0.505762 0.436923
Kf 0.002000 0.013309 435.000000 2.000000 1.356349 0.514050 0.465670
Kf 0.002000 0.013309 440.000000 2.000000 1.359696 0.521595 0.494613
Kf 0.002000 0.013309 445.000000 2.000000 1.362577 0.528457 0.523700
Kf 0.002000 0.013309 450.000000 2.000000 1.365057 0.534690 0.552888
Kf 0.002000 0.013309 455.000000 2.000000 1.367191 0.540346 0.582135
Kf 0.002000 0.013309 460.000000 2.000000 1.369028 0.545473 0.611404
Kf 0.002000 0.013309 465.000000 2.000000 1.370609 0.550117 0.640661
Kf 0.002000 0.013309 470.000000 2.000000 1.371970 0.554318 0.669877
Kf 0.002000 0.013309 475.000000 2.000000 1.373141 0.558118 0.699022
Kf 0.002000 0.013309 480.000000 2.000000 1.374149 0.561550 0.728074
Kf 0.002000 0.013309 485.000000 2.000000 1.375017 0.564649 0.757009
Kf 0.002000 0.013309 490.000000 2.000000 1.375764 0.567445 0.785808
Kf 0.002000 0.013309 495.000000 2.000000 1.376407 0.569966 0.814454
Kf 0.002000 0.013309 500.000000 2.000000 1.376960 0.572238 0.842930
Kf 0.002000 0.013309 505.000000 2.000000 1.377436 0.574284 0.871224
Kf 0.002000 0.013309 510.000000 2.000000 1.377846 0.576126 0.899322
Kf 0.002000 0.013309 515.000000 2.000000 1.378199 0.577783 0.927215
Kf 0.002000 0.013309 520.000000 2.000000 1.378503 0.579273 0.954893
Kf 0.002000 0.013309 525.000000 2.000000 1.378764 0.580613 0.982348
Kf 0.002000 0.013309 530.000000 2.000000 1.378989 0.581817 1.009573
Kf 0.002000 0.013309 535.000000 2.000000 1.379183 0.582898 1.036563
Kf 0.002000 0.013309 540.000000 2.000000 1.379349 0.583869 1.063311
Kf 0.002000 0.013309 545.000000 2.000000 1.379493 0.584740 1.089815
Kf 0.002000 0.013309 550.000000 2.000000 1.379616 0.585521 1.116070
Kf 0.002000 0.013309 555.000000 2.000000 1.379722 0.586222 1.142074
Kf 0.002000 0.013309 560.000000 2.000000 1.379814 0.586851 1.167825
Kf 0.002000 0.013309 565.000000 2.000000 1.379893 0.587414 1.193321
Kf 0.002000 0.013309 570.000000 2.000000 1.379960 0.587919 1.218560
Kf 0.002000 0.013309 575.000000 2.000000 1.380019 0.588372 1.243542
Kf 0.002000 0.013309 580.000000 2.000000 1.380069 0.588777 1.268267
Kf 0.002000 0.013309 585.000000 2.000000 1.380112 0.589139 1.292735
Kf 0.002000 0.013309 590.000000 2.000000 1.380149 0.589464 1.316946
Kf 0.002000 0.013309 595.000000 2.000000 1.380181 0.589755 1.340900
Kf 0.002000 0.013309 600.000000 2.000000 1.380209 0.590015 1.364599
Kf 0.002000 0.013309 605.000000 2.000000 1.380233 0.590247 1.388042
Kf 0.002000 0.013309 610.000000 2.000000 1.380253 0.590455 1.411233
Kf 0.002000 0.013309 615.000000 2.000000 1.380271 0.590642 1.434171
Kf 0.002000 0.013309 620.000000 2.000000 1.380286 0.590808 1.456858
Kf 0.002000 0.013309 625.000000 2.000000 1.380299 0.590957 1.479297
Kf 0.002000 0.013309 630.000000 2.000000 1.380310 0.591090 1.501488
Kf 0.002000 0.013309 635.000000 2.000000 1.380320 0.591208 1.523434
Kf 0.002000 0.013309 640.000000 2.000000 1.380328 0.591315 1.545137
Kf 0.002000 0.013309 645.000000 2.000000 1.380335 0.591409 1.566597
Kf 0.002000 0.013309 650.000000 2.000000 1.380341 0.591494 1.587819
Kf 0.002000 0.013309 655.000000 2.000000 1.380347 0.591570 1.608803
Kf 0.002000 0.013309 660.000000 2.000000 1.380351 0.591637 1.629552
Kf 0.002000 0.013309 665.000000 2.000000 1.380355 0.591698 1.650068
Kf 0.002000 0.013309 670.000000 2.000000 1.380358 0.591752 1.670353
Kf 0.002000 0.013309 675.000000 2.000000 1.380361 0.591800 1.690409
Kf 0.002000 0.013309 680.000000 2.000000 1.380364 0.591843 1.710239
Kf 0.002000 0.013309 685.000000 2.000000 1.380366 0.591881 1.729846
Kf 0.002000 0.013309 690.000000 2.000000 1.380368 0.591915 1.749230
Kf 0.002000 0.013309 695.000000 2.000000 1.380369 0.591946 1.768395
Kf 0.002000 0.013309 700.000000 2.000000 1.380371 0.591973 1.787342
Kf 0.002000 0.013309 705.000000 2.000000 1.380372 0.591997 1.806075
Kf 0.002000 0.013309 710.000000 2.000000 1.380373 0.592019 1.824595
Kf 0.002000 0.013309 715.000000 2.000000 1.380374 0.592038 1.842904
Kf 0.002000 0.013309 720.000000 2.000000 1.380375 0.592056 1.861006
Kf 0.002000 0.013309 725.000000 2.000000 1.380375 0.592071 1.878901
Kf 0.002000 0.013309 730.000000 2.000000 1.380376 0.592085 1.896593
Kf 0.002000 0.013309 735.000000 2.000000 1.380376 0.592097 1.914084
Kf 0.002000 0.013309 740.000000 2.000000 1.380377 0.592108 1.931375
Kf 0.002000 0.013309 745.000000 2.000000 1.380377 0.592118 1.948469
Kf 0.002000 0.013309 750.000000 2.000000 1.380377 0.592126 1.965368
Kf 0.002000 0.013309 755.000000 2.000000 1.380378 0.592134 1.982075
Kf 0.002000 0.013309 760.000000 2.000000 1.380378 0.592141 1.998591
Kf 0.002000 0.013309 765.000000 2.000000 1.380378 0.592147 2.014919
Kf 0.002000 0.013309 770.000000 2.000000 1.380378 0.592152 2.031060
Kf 0.002000 0.013309 775.000000 2.000000 1.380378 0.592157 2.047017
Kf 0.002000 0.013309 780.000000 2.000000 1.380379 0.592162 2.062792
Kf 0.002000 0.013309 785.000000 2.000000 1.380379 0.592165 2.078387
Kf 0.002000 0.013309 790.000000 2.000000 1.380379 0.592169 2.093804
Kf 0.002000 0.013309 795.000000 2.000000 1.380379 0.592172 2.109045
Kf 0.002000 0.013309 800.000000 2.000000 1.380379 0.592175 2.124112
Kf 0.002000 0.013309 805.000000 2.000000 1.380379 0.592177 2.139006
Kf 0.002000 0.013309 810.000000 2.000000 1.380379 0.592179 2.153731
Kf 0.002000 0.013309 815.000000 2.000000 1.380379 0.592181 2.168287
Kf 0.002000 0.013309 820.000000 2.000000 1.380379 0.592183 2.182677
Kf 0.002000 0.013309 825.000000 2.000000 1.380379 0.592185 2.196902
Kf 0.002000 0.013309 830.000000 2.000000 1.380379 0.592186 2.210965
Kf 0.002000 0.013309 835.000000 2.000000 1.380379 0.592187 2.224867
Kf 0.002000 0.013309 840.000000 2.000000 1.380379 0.592188 2.238611
Kf 0.002000 0.013309 845.000000 2.000000 1.380379 0.592189 2.252197
Kf 0.002000 0.013309 850.000000 2.000000 1.380379 0.592190 2.265628
Kf 0.002000 0.013309 855.000000 2.000000 1.380379 0.592191 2.278905
Kf 0.002000 0.013309 860.000000 2.000000 1.380379 0.592192 2.292031
Kf 0.002000 0.013309 865.000000 2.000000 1.380379 0.592192 2.305007
Kf 0.002000 0.013309 870.000000 2.000000 1.380379 0.592193 2.317834
Kf 0.002000 0.013309 875.000000 2.000000 1.380379 0.592193 2.330515
Kf 0.002000 0.013309 880.000000 2.000000 1.380379 0.592194 2.343050
Kf 0.002000 0.013309 885.000000 2.000000 1.380379 0.592194 2.355443
Kf 0.002000 0.013309 890.000000 2.000000 1.380379 0.592194 2.367694
Kf 0.002000 0.013309 895.000000 2.000000 1.380379 0.592195 2.379804
Kf 0.002000 0.013309 900.000000 2.000000 1.380379 0.592195 2.391777
Kf 0.002000 0.013309 905.000000 2.000000 1.380379 0.592195 2.403612
Kf 0.002000 0.013309 910.000000 2.000000 1.380379 0.592195 2.415312
Kf 0.002000 0.013309 915.000000 2.000000 1.380379 0.592195 2.426878
Kf 0.002000 0.013309 920.000000 2.000000 1.380379 0.592195 2.438312
Kf 0.002000 0.013309 925.000000 2.000000 1.380379 0.592196 2.449616
Kf 0.002000 0.013309 930.000000 2.000000 1.380379 0.592196 2.460790
Kf 0.002000 0.013309 935.000000 2.000000 1.380379 0.592196 2.471836
Kf 0.002000 0.013309 940.000000 2.000000 1.380379 0.592196 2.482756
Kf 0.002000 0.013309 945.000000 2.000000 1.380379 0.592196 2.493551
Kf 0.002000 0.013309 950.000000 2.000000 1.380379 0.592196 2.504223
Kf 0.002000 0.013309 955.000000 2.000000 1.380379 0.592196 2.514773
Kf 0.002000 0.013309 960.000000 2.000000 1.380379 0.592196 2.525202
Kf 0.002000 0.013309 965.000000 2.000000 1.380379 0.592196 2.535512
Kf 0.002000 0.013309 970.000000 2.000000 1.380379 0.592196 2.545704
Kf 0.002000 0.013309 975.000000 2.000000 1.380379 0.592196 2.555779
Kf 0.002000 0.013309 980.000000 2.000000 1.380379 0.592196 2.565739
Kf 0.002000 0.013309 985.000000 2.000000 1.380379 0.592197 2.575586
Kf 0.002000 0.013309 990.000000 2.000000 1.380379 0.592197 2.585319
Kf 0.002000 0.013309 995.000000 2.000000 1.380379 0.592197 2.594942
Kf 0.002000 0.013309 1000.000000 2.000000 1.380379 0.592197 2.604454
Kf 0.002000 0.013309 1005.000000 2.000000 1.380379 0.592197 2.613858
Kf 0.002000 0.013309 1010.000000 2.000000 1.380379 0.592197 2.623154
Kf 0.002000 0.013309 1015.000000 2.000000 1.380379 0.592197 2.632344
Kf 0.002000 0.013309 1020.000000 2.000000 1.380379 0.592197 2.641429
Kf 0.002000 0.013309 1025.000000 2.000000 1.380379 0.592197 2.650409
Kf 0.002000 0.013309 1030.000000 2.000000 1.380379 0.592197 2.659288
Kf 0.002000 0.013309 1035.000000 2.000000 1.380379 0.592197 2.668064
Kf 0.002000 0.013309 1040.000000 2.000000 1.380379 0.592197 2.676741
Kf 0.002000 0.013309 1045.000000 2.000000 1.380379 0.592197 2.685318
Kf 0.002000 0.013309 1050.000000 2.000000 1.380379 0.592197 2.693797
Kf 0.002000 0.013309 1055.000000 2.000000 1.380379 0.592197 2.702179
Kf 0.002000 0.013309 1060.000000 2.000000 1.380379 0.592197 2.710465
Kf 0.002000 0.013309 1065.000000 2.000000 1.380379 0.592197 2.718657
Kf 0.002000 0.013309 1070.000000 2.000000 1.380379 0.592197 2.726755
Kf 0.002000 0.013309 1075.000000 2.000000 1.380379 0.592197 2.734760
Kf 0.002000 0.013309 1080.000000 2.000000 1.380379 0.592197 2.742674
Kf 0.002000 0.013309 1085.000000 2.000000 1.380379 0.592197 2.750497
Kf 0.002000 0.013309 1090.000000 2.000000 1.380379 0.592197 2.758231
Kf 0.002000 0.013309 1095.000000 2.000000 1.380379 0.592197 2.765876
Kf 0.002000 0.013309 1100.000000 2.000000 1.380379 0.592197 2.773434
Kf 0.002000 0.013309 1105.000000 2.000000 1.380379 0.592197 2.780906
Kf 0.002000 0.013309 1110.000000 2.000000 1.380379 0.592197 2.788292
Kf 0.002000 0.013309 1115.000000 2.000000 1.380379 0.592197 2.795594
Kf 0.002000 0.013309 1120.000000 2.000000 1.380379 0.592197 2.802812
Kf 0.002000 0.013309 1125.000000 2.000000 1.380379 0.592197 2.809948
Kf 0.002000 0.013309 1130.000000 2.000000 1.380379 0.592197 2.817002
Kf 0.002000 0.013309 1135.000000 2.000000 1.380379 0.592197 2.823975
Kf 0.002000 0.013309 1140.000000 2.000000 1.380379 0.592197 2.830869
Kf 0.002000 0.013309 1145.000000 2.000000 1.380379 0.592197 2.837683
Kf 0.002000 0.013309 1150.000000 2.000000 1.380379 0.592197 2.844420
Kf 0.002000 0.013309 1155.000000 2.000000 1.380379 0.592197 2.851080
Kf 0.002000 0.013309 1160.000000 2.000000 1.380379 0.592197 2.857664
Kf 0.002000 0.013309 1165.000000 2.000000 1.380379 0.592197 2.864172
Kf 0.002000 0.013309 1170.000000 2.000000 1.380379 0.592197 2.870607
Kf 0.002000 0.013309 1175.000000 2.000000 1.380379 0.592197 2.876967
Kf 0.002000 0.013309 1180.000000 2.000000 1.380379 0.592197 2.883255
Kf 0.002000 0.013309 1185.000000 2.000000 1.380379 0.592197 2.889471
Kf 0.002000 0.013309 1190.000000 2.000000 1.380379 0.592197 2.895615
Kf 0.002000 0.013309 1195.000000 2.000000 1.380379 0.592197 2.901690
Kf 0.002000 0.013309 1200.000000 2.000000 1.380379 0.592197 2.907695
Kf 0.002000 0.013309 1205.000000 2.000000 1.380379 0.592197 2.913631
Kf 0.002000 0.013309 1210.000000 2.000000 1.380379 0.592197 2.919500
Kf 0.002000 0.013309 1215.000000 2.000000 1.380379 0.592197 2.925301
Kf 0.002000 0.013309 1220.000000 2.000000 1.380379 0.592197 2.931036
Kf 0.002000 0.013309 1225.000000 2.000000 1.380379 0.592197 2.936706
Kf 0.002000 0.013309 1230.000000 2.000000 1.380379 0.592197 2.942311
Kf 0.002000 0.013309 1235.000000 2.000000 1.380379 0.592197 2.947851
Kf 0.002000 0.013309 1240.000000 2.000000 1.380379 0.592197 2.953328
Kf 0.002000 0.013309 1245.000000 2.000000 1.380379 0.592197 2.958743
Kf 0.002000 0.013309 1250.000000 2.000000 1.380379 0.592197 2.964096
Kf 0.002000 0.013309 1255.000000 2.000000 1.380379 0.592197 2.969387
Kf 0.002000 0.013309 1260.000000 2.000000 1.380379 0.592197 2.974618
Kf 0.002000 0.013309 1265.000000 2.000000 1.380379 0.592197 2.979790
Kf 0.002000 0.013309 1270.000000 2.000000 1.380379 0.592197 2.984902
Kf 0.002000 0.013309 1275.000000 2.000000 1.380379 0.592197 2.989955
Kf 0.002000 0.013309 1280.000000 2.000000 1.380379 0.592197 2.994951
Kf 0.002000 0.013309 1285.000000 2.000000 1.380379 0.592197 2.999890
Kf 0.002000 0.013309 1290.000000 2.000000 1.380379 0.592197 3.004772
Kf 0.002000 0.013309 1295.000000 2.000000 1.380379 0.592197 3.009598
Kf 0.002000 0.013309 1300.000000 2.000000 1.380379 0.592197 3.014370
Kf 0.002000 0.013309 1305.000000 2.000000 1.380379 0.592197 3.019086
Kf 0.002000 0.013309 1310.000000 2.000000 1.380379 0.592197 3.023749
Kf 0.002000 0.013309 1315.000000 2.000000 1.380379 0.592197 3.028358
Kf 0.002000 0.013309 1320.000000 2.000000 1.380379 0.592197 3.032915
Kf 0.002000 0.013309 1325.000000 2.000000 1.380379 0.592197 3.037420
Kf 0.002000 0.013309 1330.000000 2.000000 1.380379 0.592197 3.041873
Kf 0.002000 0.013309 1335.000000 2.000000 1.380379 0.592197 3.046275
Kf 0.002000 0.013309 1340.000000 2.000000 1.380379 0.592197 3.050627
Kf 0.002000 0.013309 1345.000000 2.000000 1.380379 0.592197 3.054929
Kf 0.002000 0.013309 1350.000000 2.000000 1.380379 0.592197 3.059182
Kf 0.002000 0.013309 1355.000000 2.000000 1.380379 0.592197 3.063386
Kf 0.002000 0.013309 1360.000000 2.000000 1.380379 0.592197 3.067542
Kf 0.002000 0.013309 1365.000000 2.000000 1.380379 0.592197 3.071651
Kf 0.002000 0.013309 1370.000000 2.000000 1.380379 0.592197 3.075713
Kf 0.002000 0.013309 1375.000000 2.000000 1.380379 0.592197 3.079728
Kf 0.002000 0.013309 1380.000000 2.000000 1.380379 0.592197 3.083697
Kf 0.002000 0.013309 1385.000000 2.000000 1.380379 0.592197 3.087621
Kf 0.002000 0.013309 1390.000000 2.000000 1.380379 0.592197 3.091500
Kf 0.002000 0.013309 1395.000000 2.000000 1.380379 0.592197 3.095335
Kf 0.002000 0.013309 1400.000000 2.000000 1.380379 0.592197 3.099126
Kf 0.002000 0.013309 1405.000000 2.000000 1.380379 0.592197 3.102874
Kf 0.002000 0.013309 1410.000000 2.000000 1.380379 0.592197 3.106578
Kf 0.002000 0.013309 1415.000000 2.000000 1.380379 0.592197 3.110241
Kf 0.002000 0.013309 1420.000000 2.000000 1.380379 0.592197 3.113861
Kf 0.002000 0.013309 1425.000000 2.000000 1.380379 0.592197 3.117440
Kf 0.002000 0.013309 1430.000000 2.000000 1.380379 0.592197 3.120978
Kf 0.002000 0.013309 1435.000000 2.000000 1.380379 0.592197 3.124476
Kf 0.002000 0.013309 1440.000000 2.000000 1.380379 0.592197 3.127934
Kf 0.002000 0.013309 1445.000000 2.000000 1.380379 0.592197 3.131352
Kf 0.002000 0.013309 1450.000000 2.000000 1.380379 0.592197 3.134731
Kf 0.002000 0.013309 1455.000000 2.000000 1.380379 0.592197 3.138071
Kf 0.002000 0.013309 1460.000000 2.000000 1.380379 0.592197 3.141373
Kf 0.002000 0.013309 1465.000000 2.000000 1.380379 0.592197 3.144638
Kf 0.002000 0.013309 1470.000000 2.000000 1.380379 0.592197 3.147865
Kf 0.002000 0.013309 1475.000000 2.000000 1.380379 0.592197 3.151055
Kf 0.002000 0.013309 1480.000000 2.000000 1.380379 0.592197 3.154209
Kf 0.002000 0.013309 1485.000000 2.000000 1.380379 0.592197 3.157327
Kf 0.002000 0.013309 1490.000000 2.000000 1.380379 0.592197 3.160409
Kf 0.002000 0.013309 1495.000000 2.000000 1.380379 0.592197 3.163456
Kf 0.002000 0.013309 1500.000000 2.000000 1.380379 0.592197 3.166468
Kf 0.002000 0.013309 1505.000000 2.000000 1.380379 0.592197 3.169445
Kf 0.002000 0.013309 1510.000000 2.000000 1.380379 0.592197 3.172389
Kf 0.002000 0.013309 1515.000000 2.000000 1.380379 0.592197 3.175299
Kf 0.002000 0.013309 1520.000000 2.000000 1.380379 0.592197 3.178175
Kf 0.002000 0.013309 1525.000000 2.000000 1.380379 0.592197 3.181019
Kf 0.002000 0.013309 1530.000000 2.000000 1.380379 0.592197 3.183830
Kf 0.002000 0.013309 1535.000000 2.000000 1.380379 0.592197 3.186609
Kf 0.002000 0.013309 1540.000000 2.000000 1.380379 0.592197 3.189356
Kf 0.002000 0.013309 1545.000000 2.000000 1.380379 0.592197 3.192072
Kf 0.002000 0.013309 1550.000000 2.000000 1.380379 0.592197 3.194757
Kf 0.002000 0.013309 1555.000000 2.000000 1.380379 0.592197 3.197411
Kf 0.002000 0.013309 1560.000000 2.000000 1.380379 0.592197 3.200035
Kf 0.002000 0.013309 1565.000000 2.000000 1.380379 0.592197 3.202628
Kf 0.002000 0.013309 1570.000000 2.000000 1.380379 0.592197 3.205193
Kf 0.002000 0.013309 1575.000000 2.000000 1.380379 0.592197 3.207727
Kf 0.002000 0.013309 1580.000000 2.000000 1.380379 0.592197 3.210233
Kf 0.002000 0.013309 1585.000000 2.000000 1.380379 0.592197 3.212710
Kf 0.002000 0.013309 1590.000000 2.000000 1.380379 0.592197 3.215159
Kf 0.002000 0.013309 1595.000000 2.000000 1.380379 0.592197 3.217580
Kf 0.002000 0.013309 1600.000000 2.000000 1.380379 0.592197 3.219973
Kf 0.002000 0.013309 1605.000000 2.000000 1.380379 0.592197 3.222339
Kf 0.002000 0.013309 1610.000000 2.000000 1.380379 0.592197 3.224678
Kf 0.002000 0.013309 1615.000000 2.000000 1.380379 0.592197 3.226989
Kf 0.002000 0.013309 1620.000000 2.000000 1.380379 0.592197 3.229275
Kf 0.002000 0.013309 1625.000000 2.000000 1.380379 0.592197 3.231534
Kf 0.002000 0.013309 1630.000000 2.000000 1.380379 0.592197 3.233768
Kf 0.002000 0.013309 1635.000000 2.000000 1.380379 0.592197 3.235976
Kf 0.002000 0.013309 1640.000000 2.000000 1.380379 0.592197 3.238159
Kf 0.002000 0.013309 1645.000000 2.000000 1.380379 0.592197 3.240317
Kf 0.002000 0.013309 1650.000000 2.000000 1.380379 0.592197 3.242450
Kf 0.002000 0.013309 1655.000000 2.000000 1.380379 0.592197 3.244559
Kf 0.002000 0.013309 1660.000000 2.000000 1.380379 0.592197 3.246643
Kf 0.002000 0.013309 1665.000000 2.000000 1.380379 0.592197 3.248704
Kf 0.002000 0.013309 1670.000000 2.000000 1.380379 0.592197 3.250741
Kf 0.002000 0.013309 1675.000000 2.000000 1.380379 0.592197 3.252755
Kf 0.002000 0.013309 1680.000000 2.000000 1.380379 0.592197 3.254746
Kf 0.002000 0.013309 1685.000000 2.000000 1.380379 0.592197 3.256714
Kf 0.002000 0.013309 1690.000000 2.000000 1.380379 0.592197 3.258660
Kf 0.002000 0.013309 1695.000000 2.000000 1.380379 0.592197 3.260583
Kf 0.002000 0.013309 1700.000000 2.000000 1.380379 0.592197 3.262485
Kf 0.002000 0.013309 1705.000000 2.000000 1.380379 0.592197 3.264365
Kf 0.002000 0.013309 1710.000000 2.000000 1.380379 0.592197 3.266223
Kf 0.002000 0.013309 1715.000000 2.000000 1.380379 0.592197 3.268060
Kf 0.002000 0.013309 1720.000000 2.000000 1.380379 0.592197 3.269876
Kf 0.002000 0.013309 1725.000000 2.000000 1.380379 0.592197 3.271671
Kf 0.002000 0.013309 1730.000000 2.000000 1.380379 0.592197 3.273445
Kf 0.002000 0.013309 1735.000000 2.000000 1.380379 0.592197 3.275200
Kf 0.002000 0.013309 1740.000000 2.000000 1.380379 0.592197 3.276934
Kf 0.002000 0.013309 1745.000000 2.000000 1.380379 0.592197 3.278649
Kf 0.002000 0.013309 1750.000000 2.000000 1.380379 0.592197 3.280343
Kf 0.002000 0.013309 1755.000000 2.000000 1.380379 0.592197 3.282019
Kf 0.002000 0.013309 1760.000000 2.000000 1.380379 0.592197 3.283675
Kf 0.002000 0.013309 1765.000000 2.000000 1.380379 0.592197 3.285313
Kf 0.002000 0.013309 1770.000000 2.000000 1.380379 0.592197 3.286931
Kf 0.002000 0.013309 1775.000000 2.000000 1.380379 0.592197 3.288532
Kf 0.002000 0.013309 1780.000000 2.000000 1.380379 0.592197 3.290113
Kf 0.002000 0.013309 1785.000000 2.000000 1.380379 0.592197 3.291677
Kf 0.002000 0.013309 1790.000000 2.000000 1.380379 0.592197 3.293223
Kf 0.002000 0.013309 1795.000000 2.000000 1.380379 0.592197 3.294751
Kf 0.002000 0.013309 1800.000000 2.000000 1.380379 0.592197 3.296262
Kf 0.002000 0.013309 1805.000000 2.000000 1.380379 0.592197 3.297756
Kf 0.002000 0.013309 1810.000000 2.000000 1.380379 0.592197 3.299232
Kf 0.002000 0.013309 1815.000000 2.000000 1.380379 0.592197 3.300691
Kf 0.002000 0.013309 1820.000000 2.000000 1.380379 0.592197 3.302134
Kf 0.002000 0.013309 1825.000000 2.000000 1.380379 0.592197 3.303561
Kf 0.002000 0.013309 1830.000000 2.000000 1.380379 0.592197 3.304971
Kf 0.002000 0.013309 1835.000000 2.000000 1.380379 0.592197 3.306365
Kf 0.002000 0.013309 1840.000000 2.000000 1.380379 0.592197 3.307742
Kf 0.002000 0.013309 1845.000000 2.000000 1.380379 0.592197 3.309105
Kf 0.002000 0.013309 1850.000000 2.000000 1.380379 0.592197 3.310451
Kf 0.002000 0.013309 1855.000000 2.000000 1.380379 0.592197 3.311783
Kf 0.002000 0.013309 1860.000000 2.000000 1.380379 0.592197 3.313099
Kf 0.002000 0.013309 1865.000000 2.000000 1.380379 0.592197 3.314400
Kf 0.002000 0.013309 1870.000000 2.000000 1.380379 0.592197 3.315686
Kf 0.002000 0.013309 1875.000000 2.000000 1.380379 0.592197 3.316957
Kf 0.002000 0.013309 1880.000000 2.000000 1.380379 0.592197 3.318214
Kf 0.002000 0.013309 1885.000000 2.000000 1.380379 0.592197 3.319456
Kf 0.002000 0.013309 1890.000000 2.000000 1.380379 0.592197 3.320685
Kf 0.002000 0.013309 1895.000000 2.000000 1.380379 0.592197 3.321899
Kf 0.002000 0.013309 1900.000000 2.000000 1.380379 0.592197 3.323099
Kf 0.002000 0.013309 1905.000000 2.000000 1.380379 0.592197 3.324286
Kf 0.002000 0.013309 1910.000000 2.000000 1.380379 0.592197 3.325459
Kf 0.002000 0.013309 1915.000000 2.000000 1.380379 0.592197 3.326618
Kf 0.002000 0.013309 1920.000000 2.000000 1.380379 0.592197 3.327765
Kf 0.002000 0.013309 1925.000000 2.000000 1.380379 0.592197 3.328898
Kf 0.002000 0.013309 1930.000000 2.000000 1.380379 0.592197 3.330018
Kf 0.002000 0.013309 1935.000000 2.000000 1.380379 0.592197 3.331126
Kf 0.002000 0.013309 1940.000000 2.000000 1.380379 0.592197 3.332221
Kf 0.002000 0.013309 1945.000000 2.000000 1.380379 0.592197 3.333303
Kf 0.002000 0.013309 1950.000000 2.000000 1.380379 0.592197 3.334373
Kf 0.002000 0.013309 1955.000000 2.000000 1.380379 0.592197 3.335431
Kf 0.002000 0.013309 1960.000000 2.000000 1.380379 0.592197 3.336476
Kf 0.002000 0.013309 1965.000000 2.000000 1.380379 0.592197 3.337510
Kf 0.002000 0.013309 1970.000000 2.000000 1.380379 0.592197 3.338532
Kf 0.002000 0.013309 1975.000000 2.000000 1.380379 0.592197 3.339542
Kf 0.002000 0.013309 1980.000000 2.000000 1.380379 0.592197 3.340541
Kf 0.002000 0.013309 1985.000000 2.000000 1.380379 0.592197 3.341528
Kf 0.002000 0.013309 1990.000000 2.000000 1.380379 0.592197 3.342504
Kf 0.002000 0.013309 1995.000000 2.000000 1.380379 0.592197 3.343468
Kf 0.002000 0.013309 2000.000000 2.000000 1.380379 0.592197 3.344422
Kf 0.002000 0.013309 2005.000000 2.000000 1.380379 0.592197 3.345365
Kf 0.002000 0.013309 2010.000000 2.000000 1.380379 0.592197 3.346297
Kf 0.002000 0.013309 2015.000000 2.000000 1.380379 0.592197 3.347218
Kf 0.002000 0.013309 2020.000000 2.000000 1.380379 0.592197 3.348129
Kf 0.002000 0.013309 2025.000000 2.000000 1.380379 0.592197 3.349030
Kf 0.002000 0.013309 2030.000000 2.000000 1.380379 0.592197 3.349920
Kf 0.002000 0.013309 2035.000000 2.000000 1.380379 0.592197 3.350800
Kf 0.002000 0.013309 2040.000000 2.000000 1.380379 0.592197 3.351670
Kf 0.002000 0.013309 2045.000000 2.000000 1.380379 0.592197 3.352530
Kf 0.002000 0.013309 2050.000000 2.000000 1.380379 0.592197 3.353380
Kf 0.002000 0.013309 2055.000000 2.000000 1.380379 0.592197 3.354220
Kf 0.002000 0.013309 2060.000000 2.000000 1.380379 0.592197 3.355051
Kf 0.002000 0.013309 2065.000000 2.000000 1.380379 0.592197 3.355872
Kf 0.002000 0.013309 2070.000000 2.000000 1.380379 0.592197 3.356684
Kf 0.002000 0.013309 2075.000000 2.000000 1.380379 0.592197 3.357487
Kf 0.002000 0.013309 2080.000000 2.000000 1.380379 0.592197 3.358280
Kf 0.002000 0.013309 2085.000000 2.000000 1.380379 0.592197 3.359064
Kf 0.002000 0.013309 2090.000000 2.000000 1.380379 0.592197 3.359840
Kf 0.002000 0.013309 2095.000000 2.000000 1.380379 0.592197 3.360606
Kf 0.002000 0.013309 2100.000000 2.000000 1.380379 0.592197 3.361364
Kf 0.002000 0.013309 2105.000000 2.000000 1.380379 0.592197 3.362113
Kf 0.002000 0.013309 2110.000000 2.000000 1.380379 0.592197 3.362854
Kf 0.002000 0.013309 2115.000000 2.000000 1.380379 0.592197 3.363586
Kf 0.002000 0.013309 2120.000000 2.000000 1.380379 0.592197 3.364309
Kf 0.002000 0.013309 2125.000000 2.000000 1.380379 0.592197 3.365025
Kf 0.002000 0.013309 2130.000000 2.000000 1.380379 0.592197 3.365732
Kf 0.002000 0.013309 2135.000000 2.000000 1.380379 0.592197 3.366431
Kf 0.002000 0.013309 2140.000000 2.000000 1.380379 0.592197 3.367122
Kf 0.002000 0.013309 2145.000000 2.000000 1.380379 0.592197 3.367806
Kf 0.002000 0.013309 2150.000000 2.000000 1.380379 0.592197 3.368481
Kf 0.002000 0.013309 2155.000000 2.000000 1.380379 0.592197 3.369149
Kf 0.002000 0.013309 2160.000000 2.000000 1.380379 0.592197 3.369809
Kf 0.002000 0.013309 2165.000000 2.000000 1.380379 0.592197 3.370461
Kf 0.002000 0.013309 2170.000000 2.000000 1.380379 0.592197 3.371106
Kf 0.002000 0.013309 2175.000000 2.000000 1.380379 0.592197 3.371744
Kf 0.002000 0.013309 2180.000000 2.000000 1.380379 0.592197 3.372375
Kf 0.002000 0.013309 2185.000000 2.000000 1.380379 0.592197 3.372998
Kf 0.002000 0.013309 2190.000000 2.000000 1.380379 0.592197 3.373614
Kf 0.002000 0.013309 2195.000000 2.000000 1.380379 0.592197 3.374223
Kf 0.002000 0.013309 2200.000000 2.000000 1.380379 0.592197 3.374825
Kf 0.002000 0.013309 2205.000000 2.000000 1.380379 0.592197 3.375420
Kf 0.002000 0.013309 2210.000000 2.000000 1.380379 0.592197 3.376008
Kf 0.002000 0.013309 2215.000000 2.000000 1.380379 0.592197 3.376590
Kf 0.002000 0.013309 2220.000000 2.000000 1.380379 0.592197 3.377165
Kf 0.002000 0.013309 2225.000000 2.000000 1.380379 0.592197 3.377734
Kf 0.002000 0.013309 2230.000000 2.000000 1.380379 0.592197 3.378295
Kf 0.002000 0.013309 2235.000000 2.000000 1.380379 0.592197 3.378851
Kf 0.002000 0.013309 2240.000000 2.000000 1.380379 0.592197 3.379400
Kf 0.002000 0.013309 2245.000000 2.000000 1.380379 0.592197 3.379943
Kf 0.002000 0.013309 2250.000000 2.000000 1.380379 0.592197 3.380480
Kf 0.002000 0.013309 2255.000000 2.000000 1.380379 0.592197 3.381010
Kf 0.002000 0.013309 2260.000000 2.000000 1.380379 0.592197 3.381535
Kf 0.002000 0.013309 2265.000000 2.000000 1.380379 0.592197 3.382053
Kf 0.002000 0.013309 2270.000000 2.000000 1.380379 0.592197 3.382566
Kf 0.002000 0.013309 2275.000000 2.000000 1.380379 0.592197 3.383072
Kf 0.002000 0.013309 2280.000000 2.000000 1.380379 0.592197 3.383573
Kf 0.002000 0.013309 2285.000000 2.000000 1.380379 0.592197 3.384068
Kf 0.002000 0.013309 2290.000000 2.000000 1.380379 0.592197 3.384558
Kf 0.002000 0.013309 2295.000000 2.000000 1.380379 0.592197 3.385042
Kf 0.002000 0.013309 2300.000000 2.000000 1.380379 0.592197 3.385520
Kf 0.002000 0.013309 2305.000000 2.000000 1.380379 0.592197 3.385993
Kf 0.002000 0.013309 2310.000000 2.000000 1.380379 0.592197 3.386460
Kf 0.002000 0.013309 2315.000000 2.000000 1.380379 0.592197 3.386923
Kf 0.002000 0.013309 2320.000000 2.000000 1.380379 0.592197 3.387379
Kf 0.002000 0.013309 2325.000000 2.000000 1.380379 0.592197 3.387831
Kf 0.002000 0.013309 2330.000000 2.000000 1.380379 0.592197 3.388278
Kf 0.002000 0.013309 2335.000000 2.000000 1.380379 0.592197 3.388719
Kf 0.002000 0.013309 2340.000000 2.000000 1.380379 0.592197 3.389155
Kf 0.002000 0.013309 2345.000000 2.000000 1.380379 0.592197 3.389587
Kf 0.002000 0.013309 2350.000000 2.000000 1.380379 0.592197 3.390013
Kf 0.002000 0.013309 2355.000000 2.000000 1.380379 0.592197 3.390434
Kf 0.002000 0.013309 2360.000000 2.000000 1.380379 0.592197 3.390851
Kf 0.002000 0.013309 2365.000000 2.000000 1.380379 0.592197 3.391263
Kf 0.002000 0.013309 2370.000000 2.000000 1.380379 0.592197 3.391670
Kf 0.002000 0.013309 2375.000000 2.000000 1.380379 0.592197 3.392073
Kf 0.002000 0.013309 2380.000000 2.000000 1.380379 0.592197 3.392471
Kf 0.002000 0.013309 2385.000000 2.000000 1.380379 0.592197 3.392864
Kf 0.002000 0.013309 2390.000000 2.000000 1.380379 0.592197 3.393253
Kf 0.002000 0.013309 2395.000000 2.000000 1.380379 0.592197 3.393638
Kf 0.002000 0.013309 2400.000000 2.000000 1.380379 0.592197 3.394018
Kf 0.002000 0.013309 2405.000000 2.000000 1.380379 0.592197 3.394393
Kf 0.002000 0.013309 2410.000000 2.000000 1.380379 0.592197 3.394765
Kf 0.002000 0.013309 2415.000000 2.000000 1.380379 0.592197 3.395132
Kf 0.002000 0.013309 2420.000000 2.000000 1.380379 0.592197 3.395495
Kf 0.002000 0.013309 2425.000000 2.000000 1.380379 0.592197 3.395854
Kf 0.002000 0.013309 2430.000000 2.000000 1.380379 0.592197 3.396209
Kf 0.002000 0.013309 2435.000000 2.000000 1.380379 0.592197 3.396559
Kf 0.002000 0.013309 2440.000000 2.000000 1.380379 0.592197 3.396906
Kf 0.002000 0.013309 2445.000000 2.000000 1.380379 0.592197 3.397249
Kf 0.002000 0.013309 2450.000000 2.000000 1.380379 0.592197 3.397587
Kf 0.002000 0.013309 2455.000000 2.000000 1.380379 0.592197 3.397922
Kf 0.002000 0.013309 2460.000000 2.000000 1.380379 0.592197 3.398253
Kf 0.002000 0.013309 2465.000000 2.000000 1.380379 0.592197 3.398581
Kf 0.002000 0.013309 2470.000000 2.000000 1.380379 0.592197 3.398904
Kf 0.002000 0.013309 2475.000000 2.000000 1.380379 0.592197 3.399224
Kf 0.002000 0.013309 2480.000000 2.000000 1.380379 0.592197 3.399540
Kf 0.002000 0.013309 2485.000000 2.000000 1.380379 0.592197 3.399853
Kf 0.002000 0.013309 2490.000000 2.000000 1.380379 0.592197 3.400162
Kf 0.002000 0.013309 2495.000000 2.000000 1.380379 0.592197 3.400467
Kf 0.002000 0.013309 2500.000000 2.000000 1.380379 0.592197 3.400769
Kf 0.002000 0.013309 2505.000000 2.000000 1.380379 0.592197 3.401068
Kf 0.002000 0.013309 2510.000000 2.000000 1.380379 0.592197 3.401363
Kf 0.002000 0.013309 2515.000000 2.000000 1.380379 0.592197 3.401654
Kf 0.002000 0.013309 2520.000000 2.000000 1.380379 0.592197 3.401943
Kf 0.002000 0.013309 2525.000000 2.000000 1.380379 0.592197 3.402228
Kf 0.002000 0.013309 2530.000000 2.000000 1.380379 0.592197 3.402510
Kf 0.002000 0.013309 2535.000000 2.000000 1.380379 0.592197 3.402788
Kf 0.002000 0.013309 2540.000000 2.000000 1.380379 0.592197 3.403064
Kf 0.002000 0.013309 2545.000000 2.000000 1.380379 0.592197 3.403336
Kf 0.002000 0.013309 2550.000000 2.000000 1.380379 0.592197 3.403605
Kf 0.002000 0.013309 2555.000000 2.000000 1.380379 0.592197 3.403871
Kf 0.002000 0.013309 2560.000000 2.000000 1.380379 0.592197 3.404134
Kf 0.002000 0.013309 2565.000000 2.000000 1.380379 0.592197 3.404394
Kf 0.002000 0.013309 2570.000000 2.000000 1.380379 0.592197 3.404651
Kf 0.002000 0.013309 2575.000000 2.000000 1.380379 0.592197 3.404906
Kf 0.002000 0.013309 2580.000000 2.000000 1.380379 0.592197 3.405157
Kf 0.002000 0.013309 2585.000000 2.000000 1.380379 0.592197 3.405405
Kf 0.002000 0.013309 2590.000000 2.000000 1.380379 0.592197 3.405651
Kf 0.002000 0.013309 2595.000000 2.000000 1.380379 0.592197 3.405893
Kf 0.002000 0.013309 2600.000000 2.000000 1.380379 0.592197 3.406133
Kf 0.002000 0.013309 2605.000000 2.000000 1.380379 0.592197 3.406370
Kf 0.002000 0.013309 2610.000000 2.000000 1.380379 0.592197 3.406605
Kf 0.002000 0.013309 2615.000000 2.000000 1.380379 0.592197 3.406837
Kf 0.002000 0.013309 2620.000000 2.000000 1.380379 0.592197 3.407066
Kf 0.002000 0.013309 2625.000000 2.000000 1.380379 0.592197 3.407292
Kf 0.002000 0.013309 2630.000000 2.000000 1.380379 0.592197 3.407516
Kf 0.002000 0.013309 2635.000000 2.000000 1.380379 0.592197 3.407738
Kf 0.002000 0.013309 2640.000000 2.000000 1.380379 0.592197 3.407957
Kf 0.002000 0.013309 2645.000000 2.000000 1.380379 0.592197 3.408173
Kf 0.002000 0.013309 2650.000000 2.000000 1.380379 0.592197 3.408387
Kf 0.002000 0.013309 2655.000000 2.000000 1.380379 0.592197 3.408598
Kf 0.002000 0.013309 2660.000000 2.000000 1.380379 0.592197 3.408807
Kf 0.002000 0.013309 2665.000000 2.000000 1.380379 0.592197 3.409014
Kf 0.002000 0.013309 2670.000000 2.000000 1.380379 0.592197 3.409218
Kf 0.002000 0.013309 2675.000000 2.000000 1.380379 0.592197 3.409420
Kf 0.002000 0.013309 2680.000000 2.000000 1.380379 0.592197 3.409620
Kf 0.002000 0.013309 2685.000000 2.000000 1.380379 0.592197 3.409817
Kf 0.002000 0.013309 2690.000000 2.000000 1.380379 0.592197 3.410012
Kf 0.002000 0.013309 2695.000000 2.000000 1.380379 0.592197 3.410205
Kf 0.002000 0.013309 2700.000000 2.000000 1.380379 0.592197 3.410395
Kf 0.002000 0.013309 2705.000000 2.000000 1.380379 0.592197 3.410584
Kf 0.002000 0.013309 2710.000000 2.000000 1.380379 0.592197 3.410770
Kf 0.002000 0.013309 2715.000000 2.000000 1.380379 0.592197 3.410954
Kf 0.002000 0.013309 2720.000000 2.000000 1.380379 0.592197 3.411136
Kf 0.002000 0.013309 2725.000000 2.000000 1.380379 0.592197 3.411316
Kf 0.002000 0.013309 2730.000000 2.000000 1.380379 0.592197 3.411494
Kf 0.002000 0.013309 2735.000000 2.000000 1.380379 0.592197 3.411670
Kf 0.002000 0.013309 2740.000000 2.000000 1.380379 0.592197 3.411844
Kf 0.002000 0.013309 2745.000000 2.000000 1.380379 0.592197 3.412016
Kf 0.002000 0.013309 2750.000000 2.000000 1.380379 0.592197 3.412186
Kf 0.002000 0.013309 2755.000000 2.000000 1.380379 0.592197 3.412354
Kf 0.002000 0.013309 2760.000000 2.000000 1.380379 0.592197 3.412520
Kf 0.002000 0.013309 2765.000000 2.000000 1.380379 0.592197 3.412684
Kf 0.002000 0.013309 2770.000000 2.000000 1.380379 0.592197 3.412847
Kf 0.002000 0.013309 2775.000000 2.000000 1.380379 0.592197 3.413007
Kf 0.002000 0.013309 2780.000000 2.000000 1.380379 0.592197 3.413166
Kf 0.002000 0.013309 2785.000000 2.000000 1.380379 0.592197 3.413322
Kf 0.002000 0.013309 2790.000000 2.000000 1.380379 0.592197 3.413477
Kf 0.002000 0.013309 2795.000000 2.000000 1.380379 0.592197 3.413631
Kf 0.002000 0.013309 2800.000000 2.000000 1.380379 0.592197 3.413782
Kf 0.002000 0.013309 2805.000000 2.000000 1.380379 0.592197 3.413932
Kf 0.002000 0.013309 2810.000000 2.000000 1.380379 0.592197 3.414080
Kf 0.002000 0.013309 2815.000000 2.000000 1.380379 0.592197 3.414226
Kf 0.002000 0.013309 2820.000000 2.000000 1.380379 0.592197 3.414371
Kf 0.002000 0.013309 2825.000000 2.000000 1.380379 0.592197 3.414514
Kf 0.002000 0.013309 2830.000000 2.000000 1.380379 0.592197 3.414655
Kf 0.002000 0.013309 2835.000000 2.000000 1.380379 0.592197 3.414795
Kf 0.002000 0.013309 2840.000000 2.000000 1.380379 0.592197 3.414933
Kf 0.002000 0.013309 2845.000000 2.000000 1.380379 0.592197 3.415070
Kf 0.002000 0.013309 2850.000000 2.000000 1.380379 0.592197 3.415205
Kf 0.002000 0.013309 2855.000000 2.000000 1.380379 0.592197 3.415338
Kf 0.002000 0.013309 2860.000000 2.000000 1.380379 0.592197 3.415470
Kf 0.002000 0.013309 2865.000000 2.000000 1.380379 0.592197 3.415600
Kf 0.002000 0.013309 2870.000000 2.000000 1.380379 0.592197 3.415729
Kf 0.002000 0.013309 2875.000000 2.000000 1.380379 0.592197 3.415857
Kf 0.002000 0.013309 2880.000000 2.000000 1.380379 0.592197 3.415983
Kf 0.002000 0.013309 2885.000000 2.000000 1.380379 0.592197 3.416107
Kf 0.002000 0.013309 2890.000000 2.000000 1.380379 0.592197 3.416231
Kf 0.002000 0.013309 2895.000000 2.000000 1.380379 0.592197 3.416352
Kf 0.002000 0.013309 2900.000000 2.000000 1.380379 0.592197 3.416473
Kf 0.002000 0.013309 2905.000000 2.000000 1.380379 0.592197 3.416592
Kf 0.002000 0.013309 2910.000000 2.000000 1.380379 0.592197 3.416709
Kf 0.002000 0.013309 2915.000000 2.000000 1.380379 0.592197 3.416826
Kf 0.002000 0.013309 2920.000000 2.000000 1.380379 0.592197 3.416941
Kf 0.002000 0.013309 2925.000000 2.000000 1.380379 0.592197 3.417054
Kf 0.002000 0.013309 2930.000000 2.000000 1.380379 0.592197 3.417166
Kf 0.002000 0.013309 2935.000000 2.000000 1.380379 0.592197 3.417277
Kf 0.002000 0.013309 2940.000000 2.000000 1.380379 0.592197 3.417387
Kf 0.002000 0.013309 2945.000000 2.000000 1.380379 0.592197 3.417496
Kf 0.002000 0.013309 2950.000000 2.000000 1.380379 0.592197 3.417603
Kf 0.002000 0.013309 2955.000000 2.000000 1.380379 0.592197 3.417709
Kf 0.002000 0.013309 2960.000000 2.000000 1.380379 0.592197 3.417814
Kf 0.002000 0.013309 2965.000000 2.000000 1.380379 0.592197 3.417918
Kf 0.002000 0.013309 2970.000000 2.000000 1.380379 0.592197 3.418020
Kf 0.002000 0.013309 2975.000000 2.000000 1.380379 0.592197 3.418121
Kf 0.002000 0.013309 2980.000000 2.000000 1.380379 0.592197 3.418221
Kf 0.002000 0.013309 2985.000000 2.000000 1.380379 0.592197 3.418320
Kf 0.002000 0.013309 2990.000000 2.000000 1.380379 0.592197 3.418418
Kf 0.002000 0.013309 2995.000000 2.000000 1.380379 0.592197 3.418515
Kf 0.002000 0.013309 3000.000000 2.000000 1.380379 0.592197 3.418611
Kf 0.002000 0.013309 3005.000000 2.000000 1.380379 0.592197 3.418705
Kf 0.002000 0.013309 3010.000000 2.000000 1.380379 0.592197 3.418799
Kf 0.002000 0.013309 3015.000000 2.000000 1.380379 0.592197 3.418891
Kf 0.002000 0.013309 3020.000000 2.000000 1.380379 0.592197 3.418982
Kf 0.002000 0.013309 3025.000000 2.000000 1.380379 0.592197 3.419073
Kf 0.002000 0.013309 3030.000000 2.000000 1.380379 0.592197 3.419162
Kf 0.002000 0.013309 3035.000000 2.000000 1.380379 0.592197 3.419250
Kf 0.002000 0.013309 3040.000000 2.000000 1.380379 0.592197 3.419337
Kf 0.002000 0.013309 3045.000000 2.000000 1.380379 0.592197 3.419423
Kf 0.002000 0.013309 3050.000000 2.000000 1.380379 0.592197 3.419509
Kf 0.002000 0.013309 3055.000000 2.000000 1.380379 0.592197 3.419593
Kf 0.002000 0.013309 3060.000000 2.000000 1.380379 0.592197 3.419676
Kf 0.002000 0.013309 3065.000000 2.000000 1.380379 0.592197 3.419759
Kf 0.002000 0.013309 3070.000000 2.000000 1.380379 0.592197 3.419840
Kf 0.002000 0.013309 3075.000000 2.000000 1.380379 0.592197 3.419920
Kf 0.002000 0.013309 3080.000000 2.000000 1.380379 0.592197 3.420000
Kf 0.002000 0.013309 3085.000000 2.000000 1.380379 0.592197 3.420079
Kf 0.002000 0.013309 3090.000000 2.000000 1.380379 0.592197 3.420156
Kf 0.002000 0.013309 3095.000000 2.000000 1.380379 0.592197 3.420233
Kf 0.002000 0.013309 3100.000000 2.000000 1.380379 0.592197 3.420309
Kf 0.002000 0.013309 3105.000000 2.000000 1.380379 0.592197 3.420384
Kf 0.002000 0.013309 3110.000000 2.000000 1.380379 0.592197 3.420459
Kf 0.002000 0.013309 3115.000000 2.000000 1.380379 0.592197 3.420532
Kf 0.002000 0.013309 3120.000000 2.000000 1.380379 0.592197 3.420605
Kf 0.002000 0.013309 3125.000000 2.000000 1.380379 0.592197 3.420676
Kf 0.002000 0.013309 3130.000000 2.000000 1.380379 0.592197 3.420747
Kf 0.002000 0.013309 3135.000000 2.000000 1.380379 0.592197 3.420817
Kf 0.002000 0.013309 3140.000000 2.000000 1.380379 0.592197 3.420887
Kf 0.002000 0.013309 3145.000000 2.000000 1.380379 0.592197 3.420955
Kf 0.002000 0.013309 3150.000000 2.000000 1.380379 0.592197 3.421023
Kf 0.002000 0.013309 3155.000000 2.000000 1.380379 0.592197 3.421090
Kf 0.002000 0.013309 3160.000000 2.000000 1.380379 0.592197 3.421156
Kf 0.002000 0.013309 3165.000000 2.000000 1.380379 0.592197 3.421221
Kf 0.002000 0.013309 3170.000000 2.000000 1.380379 0.592197 3.421286
Kf 0.002000 0.013309 3175.000000 2.000000 1.380379 0.592197 3.421350
Kf 0.002000 0.013309 3180.000000 2.000000 1.380379 0.592197 3.421413
Kf 0.002000 0.013309 3185.000000 2.000000 1.380379 0.592197 3.421476
Kf 0.002000 0.013309 3190.000000 2.000000 1.380379 0.592197 3.421537
Kf 0.002000 0.013309 3195.000000 2.000000 1.380379 0.592197 3.421599
Kf 0.002000 0.013309 3200.000000 2.000000 1.380379 0.592197 3.421659
Kf 0.002000 0.013309 3205.000000 2.000000 1.380379 0.592197 3.421719
Kf 0.002000 0.013309 3210.000000 2.000000 1.380379 0.592197 3.421778
Kf 0.002000 0.013309 3215.000000 2.000000 1.380379 0.592197 3.421836
Kf 0.002000 0.013309 3220.000000 2.000000 1.380379 0.592197 3.421894
Kf 0.002000 0.013309 3225.000000 2.000000 1.380379 0.592197 3.421951
Kf 0.002000 0.013309 3230.000000 2.000000 1.380379 0.592197 3.422007
Kf 0.002000 0.013309 3235.000000 2.000000 1.380379 0.592197 3.422063
Kf 0.002000 0.013309 3240.000000 2.000000 1.380379 0.592197 3.422118
Kf 0.002000 0.013309 3245.000000 2.000000 1.380379 0.592197 3.422172
Kf 0.002000 0.013309 3250.000000 2.000000 1.380379 0.592197 3.422226
Kf 0.002000 0.013309 3255.000000 2.000000 1.380379 0.592197 3.422279
Kf 0.002000 0.013309 3260.000000 2.000000 1.380379 0.592197 3.422332
Kf 0.002000 0.013309 3265.000000 2.000000 1.380379 0.592197 3.422384
Kf 0.002000 0.013309 3270.000000 2.000000 1.380379 0.592197 3.422435
Kf 0.002000 0.013309 3275.000000 2.000000 1.380379 0.592197 3.422486
Kf 0.002000 0.013309 3280.000000 2.000000 1.380379 0.592197 3.422536
Kf 0.002000 0.013309 3285.000000 2.000000 1.380379 0.592197 3.422586
Kf 0.002000 0.013309 3290.000000 2.000000 1.380379 0.592197 3.422635
Kf 0.002000 0.013309 3295.000000 2.000000 1.380379 0.592197 3.422683
Kf 0.002000 0.013309 3300.000000 2.000000 1.380379 0.592197 3.422731
Kf 0.002000 0.013309 3305.000000 2.000000 1.380379 0.592197 3.422779
Kf 0.002000 0.013309 3310.000000 2.000000 1.380379 0.592197 3.422826
Kf 0.002000 0.013309 3315.000000 2.000000 1.380379 0.592197 3.422872
Kf 0.002000 0.013309 3320.000000 2.000000 1.380379 0.592197 3.422918
Kf 0.002000 0.013309 3325.000000 2.000000 1.380379 0.592197 3.422963
Kf 0.002000 0.013309 3330.000000 2.000000 1.380379 0.592197 3.423008
Kf 0.002000 0.013309 3335.000000 2.000000 1.380379 0.592197 3.423052
Kf 0.002000 0.013309 3340.000000 2.000000 1.380379 0.592197 3.423096
Kf 0.002000 0.013309 3345.000000 2.000000 1.380379 0.592197 3.423139
Kf 0.002000 0.013309 3350.000000 2.000000 1.380379 0.592197 3.423182
Kf 0.002000 0.013309 3355.000000 2.000000 1.380379 0.592197 3.423224
Kf 0.002000 0.013309 3360.000000 2.000000 1.380379 0.592197 3.423266
Kf 0.002000 0.013309 3365.000000 2.000000 1.380379 0.592197 3.423307
Kf 0.002000 0.013309 3370.000000 2.000000 1.380379 0.592197 3.423348
Kf 0.002000 0.013309 3375.000000 2.000000 1.380379 0.592197 3.423388
Kf 0.002000 0.013309 3380.000000 2.000000 1.380379 0.592197 3.423428
Kf 0.002000 0.013309 3385.000000 2.000000 1.380379 0.592197 3.423468
Kf 0.002000 0.013309 3390.000000 2.000000 1.380379 0.592197 3.423507
Kf 0.002000 0.013309 3395.000000 2.000000 1.380379 0.592197 3.423545
Kf 0.002000 0.013309 3400.000000 2.000000 1.380379 0.592197 3.423583
Kf 0.002000 0.013309 3405.000000 2.000000 1.380379 0.592197 3.423621
Kf 0.002000 0.013309 3410.000000 2.000000 1.380379 0.592197 3.423658
Kf 0.002000 0.013309 3415.000000 2.000000 1.380379 0.592197 3.423695
Kf 0.002000 0.013309 3420.000000 2.000000 1.380379 0.592197 3.423731
Kf 0.002000 0.013309 3425.000000 2.000000 1.380379 0.592197 3.423767
Kf 0.002000 0.013309 3430.000000 2.000000 1.380379 0.592197 3.423803
Kf 0.002000 0.013309 3435.000000 2.000000 1.380379 0.592197 3.423838
Kf 0.002000 0.013309 3440.000000 2.000000 1.380379 0.592197 3.423873
Kf 0.002000 0.013309 3445.000000 2.000000 1.380379 0.592197 3.423907
Kf 0.002000 0.013309 3450.000000 2.000000 1.380379 0.592197 3.423941
Kf 0.002000 0.013309 3455.000000 2.000000 1.380379 0.592197 3.423975
Kf 0.002000 0.013309 3460.000000 2.000000 1.380379 0.592197 3.424008
Kf 0.002000 0.013309 3465.000000 2.000000 1.380379 0.592197 3.424041
Kf 0.002000 0.013309 3470.000000 2.000000 1.380379 0.592197 3.424073
Kf 0.002000 0.013309 3475.000000 2.000000 1.380379 0.592197 3.424105
Kf 0.002000 0.013309 3480.000000 2.000000 1.380379 0.592197 3.424137
Kf 0.002000 0.013309 3485.000000 2.000000 1.380379 0.592197 3.424168
Kf 0.002000 0.013309 3490.000000 2.000000 1.380379 0.592197 3.424199
Kf 0.002000 0.013309 3495.000000 2.000000 1.380379 0.592197 3.424230
Kf 0.002000 0.013309 3500.000000 2.000000 1.380379 0.592197 3.424260
Kf 0.002000 0.013309 3505.000000 2.000000 1.380379 0.592197 3.424290
Kf 0.002000 0.013309 3510.000000 2.000000 1.380379 0.592197 3.424320
Kf 0.002000 0.013309 3515.000000 2.000000 1.380379 0.592197 3.424349
Kf 0.002000 0.013309 3520.000000 2.000000 1.380379 0.592197 3.424378
Kf 0.002000 0.013309 3525.000000 2.000000 1.380379 0.592197 3.424407
Kf 0.002000 0.013309 3530.000000 2.000000 1.380379 0.592197 3.424435
Kf 0.002000 0.013309 3535.000000 2.000000 1.380379 0.592197 3.424463
Kf 0.002000 0.013309 3540.000000 2.000000 1.380379 0.592197 3.424490
Kf 0.002000 0.013309 3545.000000 2.000000 1.380379 0.592197 3.424518
Kf 0.002000 0.013309 3550.000000 2.000000 1.380379 0.592197 3.424545
Kf 0.002000 0.013309 3555.000000 2.000000 1.380379 0.592197 3.424571
Kf 0.002000 0.013309 3560.000000 2.000000 1.380379 0.592197 3.424598
Kf 0.002000 0.013309 3565.000000 2.000000 1.380379 0.592197 3.424624
Kf 0.002000 0.013309 3570.000000 2.000000 1.380379 0.592197 3.424650
Kf 0.002000 0.013309 3575.000000 2.000000 1.380379 0.592197 3.424675
Kf 0.002000 0.013309 3580.000000 2.000000 1.380379 0.592197 3.424700
Kf 0.002000 0.013309 3585.000000 2.000000 1.380379 0.592197 3.424725
Kf 0.002000 0.013309 3590.000000 2.000000 1.380379 0.592197 3.424750
Kf 0.002000 0.013309 3595.000000 2.000000 1.380379 0.592197 3.424774
Kf 0.002000 0.013309 3600.000000 2.000000 1.380379 0.592197 3.424798
