HEADER DATE 31-Jul-2017 20:26:37
HEADER RANDSEED 1742309999
Param True_Value Sim_Value Sim_Time Input mRNA foldedP fluo
Kb 0.002300 0.015318 0.000000 0.000000 0.001104 0.000920 0.000120
Kb 0.002300 0.015318 5.000000 0.000000 0.001104 0.000920 0.000120
Kb 0.002300 0.015318 10.000000 0.000000 0.001104 0.000920 0.000120
Kb 0.002300 0.015318 15.000000 0.000000 0.001104 0.000920 0.000120
Kb 0.002300 0.015318 20.000000 0.000000 0.001104 0.000920 0.000120
Kb 0.002300 0.015318 25.000000 0.000000 0.001104 0.000920 0.000120
Kb 0.002300 0.015318 30.000000 0.000000 0.001104 0.000920 0.000120
Kb 0.002300 0.015318 35.000000 0.000000 0.001104 0.000920 0.000120
Kb 0.002300 0.015318 40.000000 0.000000 0.001104 0.000920 0.000120
Kb 0.002300 0.015318 45.000000 0.000000 0.001104 0.000920 0.000120
Kb 0.002300 0.015318 50.000000 0.000000 0.001104 0.000920 0.000120
Kb 0.002300 0.015318 55.000000 0.000000 0.001104 0.000920 0.000120
Kb 0.002300 0.015318 60.000000 0.000000 0.001104 0.000920 0.000120
Kb 0.002300 0.015318 65.000000 0.000000 0.001104 0.000920 0.000120
Kb 0.002300 0.015318 70.000000 0.000000 0.001104 0.000920 0.000120
Kb 0.002300 0.015318 75.000000 0.000000 0.001104 0.000920 0.000120
Kb 0.002300 0.015318 80.000000 0.000000 0.001104 0.000920 0.000120
Kb 0.002300 0.015318 85.000000 0.000000 0.001104 0.000920 0.000120
Kb 0.002300 0.015318 90.000000 0.000000 0.001104 0.000920 0.000120
Kb 0.002300 0.015318 95.000000 0.000000 0.001104 0.000920 0.000120
Kb 0.002300 0.015318 100.000000 0.000000 0.001104 0.000920 0.000120
Kb 0.002300 0.015318 105.000000 0.000000 0.001104 0.000920 0.000120
Kb 0.002300 0.015318 110.000000 0.000000 0.001104 0.000920 0.000120
Kb 0.002300 0.015318 115.000000 0.000000 0.001104 0.000920 0.000120
Kb 0.002300 0.015318 120.000000 0.000000 0.001104 0.000920 0.000120
Kb 0.002300 0.015318 125.000000 0.000000 0.001104 0.000920 0.000120
Kb 0.002300 0.015318 130.000000 0.000000 0.001104 0.000920 0.000120
Kb 0.002300 0.015318 135.000000 0.000000 0.001104 0.000920 0.000120
Kb 0.002300 0.015318 140.000000 0.000000 0.001104 0.000920 0.000120
Kb 0.002300 0.015318 145.000000 0.000000 0.001104 0.000920 0.000120
Kb 0.002300 0.015318 150.000000 0.000000 0.001104 0.000920 0.000120
Kb 0.002300 0.015318 155.000000 0.000000 0.001104 0.000920 0.000120
Kb 0.002300 0.015318 160.000000 0.000000 0.001104 0.000920 0.000120
Kb 0.002300 0.015318 165.000000 0.000000 0.001104 0.000920 0.000120
Kb 0.002300 0.015318 170.000000 0.000000 0.001104 0.000920 0.000120
Kb 0.002300 0.015318 175.000000 0.000000 0.001104 0.000920 0.000120
Kb 0.002300 0.015318 180.000000 0.000000 0.001104 0.000920 0.000120
Kb 0.002300 0.015318 185.000000 0.000000 0.001104 0.000920 0.000120
Kb 0.002300 0.015318 190.000000 0.000000 0.001104 0.000920 0.000120
Kb 0.002300 0.015318 195.000000 0.000000 0.001104 0.000920 0.000120
Kb 0.002300 0.015318 200.000000 0.000000 0.001104 0.000920 0.000120
Kb 0.002300 0.015318 205.000000 0.000000 0.001104 0.000920 0.000120
Kb 0.002300 0.015318 210.000000 0.000000 0.001104 0.000920 0.000120
Kb 0.002300 0.015318 215.000000 0.000000 0.001104 0.000920 0.000120
Kb 0.002300 0.015318 220.000000 0.000000 0.001104 0.000920 0.000120
Kb 0.002300 0.015318 225.000000 0.000000 0.001104 0.000920 0.000120
Kb 0.002300 0.015318 230.000000 0.000000 0.001104 0.000920 0.000120
Kb 0.002300 0.015318 235.000000 0.000000 0.001104 0.000920 0.000120
Kb 0.002300 0.015318 240.000000 0.000000 0.001104 0.000920 0.000120
Kb 0.002300 0.015318 245.000000 0.000000 0.001104 0.000920 0.000120
Kb 0.002300 0.015318 250.000000 0.000000 0.001104 0.000920 0.000120
Kb 0.002300 0.015318 255.000000 0.000000 0.001104 0.000920 0.000120
Kb 0.002300 0.015318 260.000000 0.000000 0.001104 0.000920 0.000120
Kb 0.002300 0.015318 265.000000 0.000000 0.001104 0.000920 0.000120
Kb 0.002300 0.015318 270.000000 0.000000 0.001104 0.000920 0.000120
Kb 0.002300 0.015318 275.000000 0.000000 0.001104 0.000920 0.000120
Kb 0.002300 0.015318 280.000000 0.000000 0.001104 0.000920 0.000120
Kb 0.002300 0.015318 285.000000 0.000000 0.001104 0.000920 0.000120
Kb 0.002300 0.015318 290.000000 0.000000 0.001104 0.000920 0.000120
Kb 0.002300 0.015318 295.000000 0.000000 0.001104 0.000920 0.000120
Kb 0.002300 0.015318 300.000000 2.000000 0.001104 0.000920 0.000120
Kb 0.002300 0.015318 305.000000 2.000000 0.193226 0.005745 0.000136
Kb 0.002300 0.015318 310.000000 2.000000 0.358586 0.018941 0.000240
Kb 0.002300 0.015318 315.000000 2.000000 0.500914 0.038814 0.000497
Kb 0.002300 0.015318 320.000000 2.000000 0.623417 0.063939 0.000952
Kb 0.002300 0.015318 325.000000 2.000000 0.728856 0.093118 0.001637
Kb 0.002300 0.015318 330.000000 2.000000 0.819608 0.125345 0.002568
Kb 0.002300 0.015318 335.000000 2.000000 0.897718 0.159783 0.003752
Kb 0.002300 0.015318 340.000000 2.000000 0.964949 0.195732 0.005187
Kb 0.002300 0.015318 345.000000 2.000000 1.022815 0.232615 0.006868
Kb 0.002300 0.015318 350.000000 2.000000 1.072621 0.269956 0.008783
Kb 0.002300 0.015318 355.000000 2.000000 1.115489 0.307366 0.010917
Kb 0.002300 0.015318 360.000000 2.000000 1.152386 0.344527 0.013252
Kb 0.002300 0.015318 365.000000 2.000000 1.184144 0.381186 0.015771
Kb 0.002300 0.015318 370.000000 2.000000 1.211477 0.417140 0.018453
Kb 0.002300 0.015318 375.000000 2.000000 1.235004 0.452231 0.021280
Kb 0.002300 0.015318 380.000000 2.000000 1.255253 0.486338 0.024232
Kb 0.002300 0.015318 385.000000 2.000000 1.272682 0.519370 0.027289
Kb 0.002300 0.015318 390.000000 2.000000 1.287683 0.551264 0.030433
Kb 0.002300 0.015318 395.000000 2.000000 1.300595 0.581976 0.033647
Kb 0.002300 0.015318 400.000000 2.000000 1.311708 0.611481 0.036913
Kb 0.002300 0.015318 405.000000 2.000000 1.321274 0.639768 0.040217
Kb 0.002300 0.015318 410.000000 2.000000 1.329507 0.666838 0.043543
Kb 0.002300 0.015318 415.000000 2.000000 1.336593 0.692703 0.046879
Kb 0.002300 0.015318 420.000000 2.000000 1.342692 0.717381 0.050212
Kb 0.002300 0.015318 425.000000 2.000000 1.347941 0.740896 0.053531
Kb 0.002300 0.015318 430.000000 2.000000 1.352460 0.763278 0.056827
Kb 0.002300 0.015318 435.000000 2.000000 1.356349 0.784560 0.060089
Kb 0.002300 0.015318 440.000000 2.000000 1.359696 0.804778 0.063311
Kb 0.002300 0.015318 445.000000 2.000000 1.362577 0.823969 0.066484
Kb 0.002300 0.015318 450.000000 2.000000 1.365057 0.842172 0.069604
Kb 0.002300 0.015318 455.000000 2.000000 1.367191 0.859427 0.072664
Kb 0.002300 0.015318 460.000000 2.000000 1.369028 0.875773 0.075660
Kb 0.002300 0.015318 465.000000 2.000000 1.370609 0.891250 0.078588
Kb 0.002300 0.015318 470.000000 2.000000 1.371970 0.905897 0.081446
Kb 0.002300 0.015318 475.000000 2.000000 1.373141 0.919752 0.084230
Kb 0.002300 0.015318 480.000000 2.000000 1.374149 0.932853 0.086938
Kb 0.002300 0.015318 485.000000 2.000000 1.375017 0.945237 0.089569
Kb 0.002300 0.015318 490.000000 2.000000 1.375764 0.956938 0.092122
Kb 0.002300 0.015318 495.000000 2.000000 1.376407 0.967992 0.094596
Kb 0.002300 0.015318 500.000000 2.000000 1.376960 0.978431 0.096991
Kb 0.002300 0.015318 505.000000 2.000000 1.377436 0.988287 0.099307
Kb 0.002300 0.015318 510.000000 2.000000 1.377846 0.997590 0.101545
Kb 0.002300 0.015318 515.000000 2.000000 1.378199 1.006370 0.103704
Kb 0.002300 0.015318 520.000000 2.000000 1.378503 1.014655 0.105787
Kb 0.002300 0.015318 525.000000 2.000000 1.378764 1.022470 0.107793
Kb 0.002300 0.015318 530.000000 2.000000 1.378989 1.029843 0.109724
Kb 0.002300 0.015318 535.000000 2.000000 1.379183 1.036796 0.111582
Kb 0.002300 0.015318 540.000000 2.000000 1.379349 1.043353 0.113368
Kb 0.002300 0.015318 545.000000 2.000000 1.379493 1.049536 0.115084
Kb 0.002300 0.015318 550.000000 2.000000 1.379616 1.055365 0.116731
Kb 0.002300 0.015318 555.000000 2.000000 1.379723 1.060860 0.118310
Kb 0.002300 0.015318 560.000000 2.000000 1.379814 1.066040 0.119825
Kb 0.002300 0.015318 565.000000 2.000000 1.379893 1.070922 0.121277
Kb 0.002300 0.015318 570.000000 2.000000 1.379960 1.075524 0.122667
Kb 0.002300 0.015318 575.000000 2.000000 1.380019 1.079861 0.123997
Kb 0.002300 0.015318 580.000000 2.000000 1.380069 1.083947 0.125270
Kb 0.002300 0.015318 585.000000 2.000000 1.380112 1.087798 0.126488
Kb 0.002300 0.015318 590.000000 2.000000 1.380149 1.091427 0.127651
Kb 0.002300 0.015318 595.000000 2.000000 1.380181 1.094846 0.128763
Kb 0.002300 0.015318 600.000000 2.000000 1.380209 1.098068 0.129824
Kb 0.002300 0.015318 605.000000 2.000000 1.380233 1.101103 0.130838
Kb 0.002300 0.015318 610.000000 2.000000 1.380253 1.103962 0.131805
Kb 0.002300 0.015318 615.000000 2.000000 1.380271 1.106656 0.132727
Kb 0.002300 0.015318 620.000000 2.000000 1.380286 1.109193 0.133607
Kb 0.002300 0.015318 625.000000 2.000000 1.380299 1.111584 0.134445
Kb 0.002300 0.015318 630.000000 2.000000 1.380310 1.113836 0.135244
Kb 0.002300 0.015318 635.000000 2.000000 1.380320 1.115957 0.136005
Kb 0.002300 0.015318 640.000000 2.000000 1.380328 1.117955 0.136730
Kb 0.002300 0.015318 645.000000 2.000000 1.380335 1.119838 0.137420
Kb 0.002300 0.015318 650.000000 2.000000 1.380341 1.121611 0.138077
Kb 0.002300 0.015318 655.000000 2.000000 1.380347 1.123281 0.138702
Kb 0.002300 0.015318 660.000000 2.000000 1.380351 1.124854 0.139296
Kb 0.002300 0.015318 665.000000 2.000000 1.380355 1.126335 0.139861
Kb 0.002300 0.015318 670.000000 2.000000 1.380358 1.127731 0.140399
Kb 0.002300 0.015318 675.000000 2.000000 1.380361 1.129045 0.140910
Kb 0.002300 0.015318 680.000000 2.000000 1.380364 1.130283 0.141395
Kb 0.002300 0.015318 685.000000 2.000000 1.380366 1.131449 0.141856
Kb 0.002300 0.015318 690.000000 2.000000 1.380368 1.132547 0.142294
Kb 0.002300 0.015318 695.000000 2.000000 1.380369 1.133581 0.142710
Kb 0.002300 0.015318 700.000000 2.000000 1.380371 1.134555 0.143105
Kb 0.002300 0.015318 705.000000 2.000000 1.380372 1.135473 0.143480
Kb 0.002300 0.015318 710.000000 2.000000 1.380373 1.136337 0.143836
Kb 0.002300 0.015318 715.000000 2.000000 1.380374 1.137151 0.144174
Kb 0.002300 0.015318 720.000000 2.000000 1.380375 1.137917 0.144495
Kb 0.002300 0.015318 725.000000 2.000000 1.380375 1.138639 0.144799
Kb 0.002300 0.015318 730.000000 2.000000 1.380376 1.139319 0.145087
Kb 0.002300 0.015318 735.000000 2.000000 1.380376 1.139959 0.145360
Kb 0.002300 0.015318 740.000000 2.000000 1.380377 1.140562 0.145619
Kb 0.002300 0.015318 745.000000 2.000000 1.380377 1.141130 0.145865
Kb 0.002300 0.015318 750.000000 2.000000 1.380377 1.141665 0.146098
Kb 0.002300 0.015318 755.000000 2.000000 1.380378 1.142168 0.146319
Kb 0.002300 0.015318 760.000000 2.000000 1.380378 1.142643 0.146528
Kb 0.002300 0.015318 765.000000 2.000000 1.380378 1.143089 0.146726
Kb 0.002300 0.015318 770.000000 2.000000 1.380378 1.143510 0.146914
Kb 0.002300 0.015318 775.000000 2.000000 1.380378 1.143906 0.147092
Kb 0.002300 0.015318 780.000000 2.000000 1.380379 1.144280 0.147260
Kb 0.002300 0.015318 785.000000 2.000000 1.380379 1.144631 0.147420
Kb 0.002300 0.015318 790.000000 2.000000 1.380379 1.144962 0.147571
Kb 0.002300 0.015318 795.000000 2.000000 1.380379 1.145274 0.147714
Kb 0.002300 0.015318 800.000000 2.000000 1.380379 1.145568 0.147849
Kb 0.002300 0.015318 805.000000 2.000000 1.380379 1.145844 0.147977
Kb 0.002300 0.015318 810.000000 2.000000 1.380379 1.146104 0.148098
Kb 0.002300 0.015318 815.000000 2.000000 1.380379 1.146350 0.148213
Kb 0.002300 0.015318 820.000000 2.000000 1.380379 1.146581 0.148322
Kb 0.002300 0.015318 825.000000 2.000000 1.380379 1.146798 0.148424
Kb 0.002300 0.015318 830.000000 2.000000 1.380379 1.147003 0.148522
Kb 0.002300 0.015318 835.000000 2.000000 1.380379 1.147196 0.148613
Kb 0.002300 0.015318 840.000000 2.000000 1.380379 1.147378 0.148700
Kb 0.002300 0.015318 845.000000 2.000000 1.380379 1.147549 0.148783
Kb 0.002300 0.015318 850.000000 2.000000 1.380379 1.147710 0.148860
Kb 0.002300 0.015318 855.000000 2.000000 1.380379 1.147862 0.148934
Kb 0.002300 0.015318 860.000000 2.000000 1.380379 1.148005 0.149003
Kb 0.002300 0.015318 865.000000 2.000000 1.380379 1.148139 0.149069
Kb 0.002300 0.015318 870.000000 2.000000 1.380379 1.148266 0.149131
Kb 0.002300 0.015318 875.000000 2.000000 1.380379 1.148385 0.149190
Kb 0.002300 0.015318 880.000000 2.000000 1.380379 1.148498 0.149246
Kb 0.002300 0.015318 885.000000 2.000000 1.380379 1.148604 0.149298
Kb 0.002300 0.015318 890.000000 2.000000 1.380379 1.148703 0.149348
Kb 0.002300 0.015318 895.000000 2.000000 1.380379 1.148797 0.149395
Kb 0.002300 0.015318 900.000000 2.000000 1.380379 1.148886 0.149439
Kb 0.002300 0.015318 905.000000 2.000000 1.380379 1.148969 0.149481
Kb 0.002300 0.015318 910.000000 2.000000 1.380379 1.149047 0.149520
Kb 0.002300 0.015318 915.000000 2.000000 1.380379 1.149121 0.149558
Kb 0.002300 0.015318 920.000000 2.000000 1.380379 1.149191 0.149593
Kb 0.002300 0.015318 925.000000 2.000000 1.380379 1.149256 0.149626
Kb 0.002300 0.015318 930.000000 2.000000 1.380379 1.149318 0.149658
Kb 0.002300 0.015318 935.000000 2.000000 1.380379 1.149376 0.149688
Kb 0.002300 0.015318 940.000000 2.000000 1.380379 1.149431 0.149716
Kb 0.002300 0.015318 945.000000 2.000000 1.380379 1.149482 0.149742
Kb 0.002300 0.015318 950.000000 2.000000 1.380379 1.149531 0.149767
Kb 0.002300 0.015318 955.000000 2.000000 1.380379 1.149577 0.149791
Kb 0.002300 0.015318 960.000000 2.000000 1.380379 1.149620 0.149813
Kb 0.002300 0.015318 965.000000 2.000000 1.380379 1.149660 0.149834
Kb 0.002300 0.015318 970.000000 2.000000 1.380379 1.149698 0.149854
Kb 0.002300 0.015318 975.000000 2.000000 1.380379 1.149734 0.149873
Kb 0.002300 0.015318 980.000000 2.000000 1.380379 1.149768 0.149891
Kb 0.002300 0.015318 985.000000 2.000000 1.380379 1.149800 0.149908
Kb 0.002300 0.015318 990.000000 2.000000 1.380379 1.149830 0.149924
Kb 0.002300 0.015318 995.000000 2.000000 1.380379 1.149858 0.149939
Kb 0.002300 0.015318 1000.000000 2.000000 1.380379 1.149885 0.149953
Kb 0.002300 0.015318 1005.000000 2.000000 1.380379 1.149910 0.149966
Kb 0.002300 0.015318 1010.000000 2.000000 1.380379 1.149934 0.149979
Kb 0.002300 0.015318 1015.000000 2.000000 1.380379 1.149956 0.149990
Kb 0.002300 0.015318 1020.000000 2.000000 1.380379 1.149977 0.150002
Kb 0.002300 0.015318 1025.000000 2.000000 1.380379 1.149997 0.150012
Kb 0.002300 0.015318 1030.000000 2.000000 1.380379 1.150015 0.150022
Kb 0.002300 0.015318 1035.000000 2.000000 1.380379 1.150033 0.150032
Kb 0.002300 0.015318 1040.000000 2.000000 1.380379 1.150049 0.150040
Kb 0.002300 0.015318 1045.000000 2.000000 1.380379 1.150065 0.150049
Kb 0.002300 0.015318 1050.000000 2.000000 1.380379 1.150079 0.150057
Kb 0.002300 0.015318 1055.000000 2.000000 1.380379 1.150093 0.150064
Kb 0.002300 0.015318 1060.000000 2.000000 1.380379 1.150106 0.150071
Kb 0.002300 0.015318 1065.000000 2.000000 1.380379 1.150118 0.150078
Kb 0.002300 0.015318 1070.000000 2.000000 1.380379 1.150130 0.150084
Kb 0.002300 0.015318 1075.000000 2.000000 1.380379 1.150141 0.150090
Kb 0.002300 0.015318 1080.000000 2.000000 1.380379 1.150151 0.150096
Kb 0.002300 0.015318 1085.000000 2.000000 1.380379 1.150161 0.150101
Kb 0.002300 0.015318 1090.000000 2.000000 1.380379 1.150170 0.150106
Kb 0.002300 0.015318 1095.000000 2.000000 1.380379 1.150178 0.150111
Kb 0.002300 0.015318 1100.000000 2.000000 1.380379 1.150186 0.150115
Kb 0.002300 0.015318 1105.000000 2.000000 1.380379 1.150194 0.150119
Kb 0.002300 0.015318 1110.000000 2.000000 1.380379 1.150201 0.150123
Kb 0.002300 0.015318 1115.000000 2.000000 1.380379 1.150208 0.150127
Kb 0.002300 0.015318 1120.000000 2.000000 1.380379 1.150214 0.150130
Kb 0.002300 0.015318 1125.000000 2.000000 1.380379 1.150220 0.150134
Kb 0.002300 0.015318 1130.000000 2.000000 1.380379 1.150225 0.150137
Kb 0.002300 0.015318 1135.000000 2.000000 1.380379 1.150231 0.150140
Kb 0.002300 0.015318 1140.000000 2.000000 1.380379 1.150236 0.150142
Kb 0.002300 0.015318 1145.000000 2.000000 1.380379 1.150240 0.150145
Kb 0.002300 0.015318 1150.000000 2.000000 1.380379 1.150245 0.150147
Kb 0.002300 0.015318 1155.000000 2.000000 1.380379 1.150249 0.150150
Kb 0.002300 0.015318 1160.000000 2.000000 1.380379 1.150253 0.150152
Kb 0.002300 0.015318 1165.000000 2.000000 1.380379 1.150257 0.150154
Kb 0.002300 0.015318 1170.000000 2.000000 1.380379 1.150260 0.150156
Kb 0.002300 0.015318 1175.000000 2.000000 1.380379 1.150263 0.150158
Kb 0.002300 0.015318 1180.000000 2.000000 1.380379 1.150266 0.150159
Kb 0.002300 0.015318 1185.000000 2.000000 1.380379 1.150269 0.150161
Kb 0.002300 0.015318 1190.000000 2.000000 1.380379 1.150272 0.150163
Kb 0.002300 0.015318 1195.000000 2.000000 1.380379 1.150274 0.150164
Kb 0.002300 0.015318 1200.000000 2.000000 1.380379 1.150277 0.150165
Kb 0.002300 0.015318 1205.000000 2.000000 1.380379 1.150279 0.150167
Kb 0.002300 0.015318 1210.000000 2.000000 1.380379 1.150281 0.150168
Kb 0.002300 0.015318 1215.000000 2.000000 1.380379 1.150283 0.150169
Kb 0.002300 0.015318 1220.000000 2.000000 1.380379 1.150285 0.150170
Kb 0.002300 0.015318 1225.000000 2.000000 1.380379 1.150287 0.150171
Kb 0.002300 0.015318 1230.000000 2.000000 1.380379 1.150289 0.150172
Kb 0.002300 0.015318 1235.000000 2.000000 1.380379 1.150290 0.150173
Kb 0.002300 0.015318 1240.000000 2.000000 1.380379 1.150292 0.150174
Kb 0.002300 0.015318 1245.000000 2.000000 1.380379 1.150293 0.150175
Kb 0.002300 0.015318 1250.000000 2.000000 1.380379 1.150294 0.150175
Kb 0.002300 0.015318 1255.000000 2.000000 1.380379 1.150296 0.150176
Kb 0.002300 0.015318 1260.000000 2.000000 1.380379 1.150297 0.150177
Kb 0.002300 0.015318 1265.000000 2.000000 1.380379 1.150298 0.150177
Kb 0.002300 0.015318 1270.000000 2.000000 1.380379 1.150299 0.150178
Kb 0.002300 0.015318 1275.000000 2.000000 1.380379 1.150300 0.150179
Kb 0.002300 0.015318 1280.000000 2.000000 1.380379 1.150301 0.150179
Kb 0.002300 0.015318 1285.000000 2.000000 1.380379 1.150302 0.150180
Kb 0.002300 0.015318 1290.000000 2.000000 1.380379 1.150303 0.150180
Kb 0.002300 0.015318 1295.000000 2.000000 1.380379 1.150303 0.150181
Kb 0.002300 0.015318 1300.000000 2.000000 1.380379 1.150304 0.150181
Kb 0.002300 0.015318 1305.000000 2.000000 1.380379 1.150305 0.150181
Kb 0.002300 0.015318 1310.000000 2.000000 1.380379 1.150306 0.150182
Kb 0.002300 0.015318 1315.000000 2.000000 1.380379 1.150306 0.150182
Kb 0.002300 0.015318 1320.000000 2.000000 1.380379 1.150307 0.150182
Kb 0.002300 0.015318 1325.000000 2.000000 1.380379 1.150307 0.150183
Kb 0.002300 0.015318 1330.000000 2.000000 1.380379 1.150308 0.150183
Kb 0.002300 0.015318 1335.000000 2.000000 1.380379 1.150308 0.150183
Kb 0.002300 0.015318 1340.000000 2.000000 1.380379 1.150309 0.150184
Kb 0.002300 0.015318 1345.000000 2.000000 1.380379 1.150309 0.150184
Kb 0.002300 0.015318 1350.000000 2.000000 1.380379 1.150310 0.150184
Kb 0.002300 0.015318 1355.000000 2.000000 1.380379 1.150310 0.150184
Kb 0.002300 0.015318 1360.000000 2.000000 1.380379 1.150310 0.150185
Kb 0.002300 0.015318 1365.000000 2.000000 1.380379 1.150311 0.150185
Kb 0.002300 0.015318 1370.000000 2.000000 1.380379 1.150311 0.150185
Kb 0.002300 0.015318 1375.000000 2.000000 1.380379 1.150311 0.150185
Kb 0.002300 0.015318 1380.000000 2.000000 1.380379 1.150312 0.150185
Kb 0.002300 0.015318 1385.000000 2.000000 1.380379 1.150312 0.150185
Kb 0.002300 0.015318 1390.000000 2.000000 1.380379 1.150312 0.150186
Kb 0.002300 0.015318 1395.000000 2.000000 1.380379 1.150312 0.150186
Kb 0.002300 0.015318 1400.000000 2.000000 1.380379 1.150312 0.150186
Kb 0.002300 0.015318 1405.000000 2.000000 1.380379 1.150313 0.150186
Kb 0.002300 0.015318 1410.000000 2.000000 1.380379 1.150313 0.150186
Kb 0.002300 0.015318 1415.000000 2.000000 1.380379 1.150313 0.150186
Kb 0.002300 0.015318 1420.000000 2.000000 1.380379 1.150313 0.150186
Kb 0.002300 0.015318 1425.000000 2.000000 1.380379 1.150313 0.150186
Kb 0.002300 0.015318 1430.000000 2.000000 1.380379 1.150313 0.150186
Kb 0.002300 0.015318 1435.000000 2.000000 1.380379 1.150314 0.150186
Kb 0.002300 0.015318 1440.000000 2.000000 1.380379 1.150314 0.150187
Kb 0.002300 0.015318 1445.000000 2.000000 1.380379 1.150314 0.150187
Kb 0.002300 0.015318 1450.000000 2.000000 1.380379 1.150314 0.150187
Kb 0.002300 0.015318 1455.000000 2.000000 1.380379 1.150314 0.150187
Kb 0.002300 0.015318 1460.000000 2.000000 1.380379 1.150314 0.150187
Kb 0.002300 0.015318 1465.000000 2.000000 1.380379 1.150314 0.150187
Kb 0.002300 0.015318 1470.000000 2.000000 1.380379 1.150314 0.150187
Kb 0.002300 0.015318 1475.000000 2.000000 1.380379 1.150314 0.150187
Kb 0.002300 0.015318 1480.000000 2.000000 1.380379 1.150314 0.150187
Kb 0.002300 0.015318 1485.000000 2.000000 1.380379 1.150315 0.150187
Kb 0.002300 0.015318 1490.000000 2.000000 1.380379 1.150315 0.150187
Kb 0.002300 0.015318 1495.000000 2.000000 1.380379 1.150315 0.150187
Kb 0.002300 0.015318 1500.000000 2.000000 1.380379 1.150315 0.150187
Kb 0.002300 0.015318 1505.000000 2.000000 1.380379 1.150315 0.150187
Kb 0.002300 0.015318 1510.000000 2.000000 1.380379 1.150315 0.150187
Kb 0.002300 0.015318 1515.000000 2.000000 1.380379 1.150315 0.150187
Kb 0.002300 0.015318 1520.000000 2.000000 1.380379 1.150315 0.150187
Kb 0.002300 0.015318 1525.000000 2.000000 1.380379 1.150315 0.150187
Kb 0.002300 0.015318 1530.000000 2.000000 1.380379 1.150315 0.150187
Kb 0.002300 0.015318 1535.000000 2.000000 1.380379 1.150315 0.150187
Kb 0.002300 0.015318 1540.000000 2.000000 1.380379 1.150315 0.150187
Kb 0.002300 0.015318 1545.000000 2.000000 1.380379 1.150315 0.150187
Kb 0.002300 0.015318 1550.000000 2.000000 1.380379 1.150315 0.150187
Kb 0.002300 0.015318 1555.000000 2.000000 1.380379 1.150315 0.150187
Kb 0.002300 0.015318 1560.000000 2.000000 1.380379 1.150315 0.150187
Kb 0.002300 0.015318 1565.000000 2.000000 1.380379 1.150315 0.150187
Kb 0.002300 0.015318 1570.000000 2.000000 1.380379 1.150315 0.150187
Kb 0.002300 0.015318 1575.000000 2.000000 1.380379 1.150315 0.150187
Kb 0.002300 0.015318 1580.000000 2.000000 1.380379 1.150315 0.150188
Kb 0.002300 0.015318 1585.000000 2.000000 1.380379 1.150315 0.150188
Kb 0.002300 0.015318 1590.000000 2.000000 1.380379 1.150315 0.150188
Kb 0.002300 0.015318 1595.000000 2.000000 1.380379 1.150315 0.150188
Kb 0.002300 0.015318 1600.000000 2.000000 1.380379 1.150315 0.150188
Kb 0.002300 0.015318 1605.000000 2.000000 1.380379 1.150316 0.150188
Kb 0.002300 0.015318 1610.000000 2.000000 1.380379 1.150316 0.150188
Kb 0.002300 0.015318 1615.000000 2.000000 1.380379 1.150316 0.150188
Kb 0.002300 0.015318 1620.000000 2.000000 1.380379 1.150316 0.150188
Kb 0.002300 0.015318 1625.000000 2.000000 1.380379 1.150316 0.150188
Kb 0.002300 0.015318 1630.000000 2.000000 1.380379 1.150316 0.150188
Kb 0.002300 0.015318 1635.000000 2.000000 1.380379 1.150316 0.150188
Kb 0.002300 0.015318 1640.000000 2.000000 1.380379 1.150316 0.150188
Kb 0.002300 0.015318 1645.000000 2.000000 1.380379 1.150316 0.150188
Kb 0.002300 0.015318 1650.000000 2.000000 1.380379 1.150316 0.150188
Kb 0.002300 0.015318 1655.000000 2.000000 1.380379 1.150316 0.150188
Kb 0.002300 0.015318 1660.000000 2.000000 1.380379 1.150316 0.150188
Kb 0.002300 0.015318 1665.000000 2.000000 1.380379 1.150316 0.150188
Kb 0.002300 0.015318 1670.000000 2.000000 1.380379 1.150316 0.150188
Kb 0.002300 0.015318 1675.000000 2.000000 1.380379 1.150316 0.150188
Kb 0.002300 0.015318 1680.000000 2.000000 1.380379 1.150316 0.150188
Kb 0.002300 0.015318 1685.000000 2.000000 1.380379 1.150316 0.150188
Kb 0.002300 0.015318 1690.000000 2.000000 1.380379 1.150316 0.150188
Kb 0.002300 0.015318 1695.000000 2.000000 1.380379 1.150316 0.150188
Kb 0.002300 0.015318 1700.000000 2.000000 1.380379 1.150316 0.150188
Kb 0.002300 0.015318 1705.000000 2.000000 1.380379 1.150316 0.150188
Kb 0.002300 0.015318 1710.000000 2.000000 1.380379 1.150316 0.150188
Kb 0.002300 0.015318 1715.000000 2.000000 1.380379 1.150316 0.150188
Kb 0.002300 0.015318 1720.000000 2.000000 1.380379 1.150316 0.150188
Kb 0.002300 0.015318 1725.000000 2.000000 1.380379 1.150316 0.150188
Kb 0.002300 0.015318 1730.000000 2.000000 1.380379 1.150316 0.150188
Kb 0.002300 0.015318 1735.000000 2.000000 1.380379 1.150316 0.150188
Kb 0.002300 0.015318 1740.000000 2.000000 1.380379 1.150316 0.150188
Kb 0.002300 0.015318 1745.000000 2.000000 1.380379 1.150316 0.150188
Kb 0.002300 0.015318 1750.000000 2.000000 1.380379 1.150316 0.150188
Kb 0.002300 0.015318 1755.000000 2.000000 1.380379 1.150316 0.150188
Kb 0.002300 0.015318 1760.000000 2.000000 1.380379 1.150316 0.150188
Kb 0.002300 0.015318 1765.000000 2.000000 1.380379 1.150316 0.150188
Kb 0.002300 0.015318 1770.000000 2.000000 1.380379 1.150316 0.150188
Kb 0.002300 0.015318 1775.000000 2.000000 1.380379 1.150316 0.150188
Kb 0.002300 0.015318 1780.000000 2.000000 1.380379 1.150316 0.150188
Kb 0.002300 0.015318 1785.000000 2.000000 1.380379 1.150316 0.150188
Kb 0.002300 0.015318 1790.000000 2.000000 1.380379 1.150316 0.150188
Kb 0.002300 0.015318 1795.000000 2.000000 1.380379 1.150316 0.150188
Kb 0.002300 0.015318 1800.000000 2.000000 1.380379 1.150316 0.150188
Kb 0.002300 0.015318 1805.000000 2.000000 1.380379 1.150316 0.150188
Kb 0.002300 0.015318 1810.000000 2.000000 1.380379 1.150316 0.150188
Kb 0.002300 0.015318 1815.000000 2.000000 1.380379 1.150316 0.150188
Kb 0.002300 0.015318 1820.000000 2.000000 1.380379 1.150316 0.150188
Kb 0.002300 0.015318 1825.000000 2.000000 1.380379 1.150316 0.150188
Kb 0.002300 0.015318 1830.000000 2.000000 1.380379 1.150316 0.150188
Kb 0.002300 0.015318 1835.000000 2.000000 1.380379 1.150316 0.150188
Kb 0.002300 0.015318 1840.000000 2.000000 1.380379 1.150316 0.150188
Kb 0.002300 0.015318 1845.000000 2.000000 1.380379 1.150316 0.150188
Kb 0.002300 0.015318 1850.000000 2.000000 1.380379 1.150316 0.150188
Kb 0.002300 0.015318 1855.000000 2.000000 1.380379 1.150316 0.150188
Kb 0.002300 0.015318 1860.000000 2.000000 1.380379 1.150316 0.150188
Kb 0.002300 0.015318 1865.000000 2.000000 1.380379 1.150316 0.150188
Kb 0.002300 0.015318 1870.000000 2.000000 1.380379 1.150316 0.150188
Kb 0.002300 0.015318 1875.000000 2.000000 1.380379 1.150316 0.150188
Kb 0.002300 0.015318 1880.000000 2.000000 1.380379 1.150316 0.150188
Kb 0.002300 0.015318 1885.000000 2.000000 1.380379 1.150316 0.150188
Kb 0.002300 0.015318 1890.000000 2.000000 1.380379 1.150316 0.150188
Kb 0.002300 0.015318 1895.000000 2.000000 1.380379 1.150316 0.150188
Kb 0.002300 0.015318 1900.000000 2.000000 1.380379 1.150316 0.150188
Kb 0.002300 0.015318 1905.000000 2.000000 1.380379 1.150316 0.150188
Kb 0.002300 0.015318 1910.000000 2.000000 1.380379 1.150316 0.150188
Kb 0.002300 0.015318 1915.000000 2.000000 1.380379 1.150316 0.150188
Kb 0.002300 0.015318 1920.000000 2.000000 1.380379 1.150316 0.150188
Kb 0.002300 0.015318 1925.000000 2.000000 1.380379 1.150316 0.150188
Kb 0.002300 0.015318 1930.000000 2.000000 1.380379 1.150316 0.150188
Kb 0.002300 0.015318 1935.000000 2.000000 1.380379 1.150316 0.150188
Kb 0.002300 0.015318 1940.000000 2.000000 1.380379 1.150316 0.150188
Kb 0.002300 0.015318 1945.000000 2.000000 1.380379 1.150316 0.150188
Kb 0.002300 0.015318 1950.000000 2.000000 1.380379 1.150316 0.150188
Kb 0.002300 0.015318 1955.000000 2.000000 1.380379 1.150316 0.150188
Kb 0.002300 0.015318 1960.000000 2.000000 1.380379 1.150316 0.150188
Kb 0.002300 0.015318 1965.000000 2.000000 1.380379 1.150316 0.150188
Kb 0.002300 0.015318 1970.000000 2.000000 1.380379 1.150316 0.150188
Kb 0.002300 0.015318 1975.000000 2.000000 1.380379 1.150316 0.150188
Kb 0.002300 0.015318 1980.000000 2.000000 1.380379 1.150316 0.150188
Kb 0.002300 0.015318 1985.000000 2.000000 1.380379 1.150316 0.150188
Kb 0.002300 0.015318 1990.000000 2.000000 1.380379 1.150316 0.150188
Kb 0.002300 0.015318 1995.000000 2.000000 1.380379 1.150316 0.150188
Kb 0.002300 0.015318 2000.000000 2.000000 1.380379 1.150316 0.150188
Kb 0.002300 0.015318 2005.000000 2.000000 1.380379 1.150316 0.150188
Kb 0.002300 0.015318 2010.000000 2.000000 1.380379 1.150316 0.150188
Kb 0.002300 0.015318 2015.000000 2.000000 1.380379 1.150316 0.150188
Kb 0.002300 0.015318 2020.000000 2.000000 1.380379 1.150316 0.150188
Kb 0.002300 0.015318 2025.000000 2.000000 1.380379 1.150316 0.150188
Kb 0.002300 0.015318 2030.000000 2.000000 1.380379 1.150316 0.150188
Kb 0.002300 0.015318 2035.000000 2.000000 1.380379 1.150316 0.150188
Kb 0.002300 0.015318 2040.000000 2.000000 1.380379 1.150316 0.150188
Kb 0.002300 0.015318 2045.000000 2.000000 1.380379 1.150316 0.150188
Kb 0.002300 0.015318 2050.000000 2.000000 1.380379 1.150316 0.150188
Kb 0.002300 0.015318 2055.000000 2.000000 1.380379 1.150316 0.150188
Kb 0.002300 0.015318 2060.000000 2.000000 1.380379 1.150316 0.150188
Kb 0.002300 0.015318 2065.000000 2.000000 1.380379 1.150316 0.150188
Kb 0.002300 0.015318 2070.000000 2.000000 1.380379 1.150316 0.150188
Kb 0.002300 0.015318 2075.000000 2.000000 1.380379 1.150316 0.150188
Kb 0.002300 0.015318 2080.000000 2.000000 1.380379 1.150316 0.150188
Kb 0.002300 0.015318 2085.000000 2.000000 1.380379 1.150316 0.150188
Kb 0.002300 0.015318 2090.000000 2.000000 1.380379 1.150316 0.150188
Kb 0.002300 0.015318 2095.000000 2.000000 1.380379 1.150316 0.150188
Kb 0.002300 0.015318 2100.000000 2.000000 1.380379 1.150316 0.150188
Kb 0.002300 0.015318 2105.000000 2.000000 1.380379 1.150316 0.150188
Kb 0.002300 0.015318 2110.000000 2.000000 1.380379 1.150316 0.150188
Kb 0.002300 0.015318 2115.000000 2.000000 1.380379 1.150316 0.150188
Kb 0.002300 0.015318 2120.000000 2.000000 1.380379 1.150316 0.150188
Kb 0.002300 0.015318 2125.000000 2.000000 1.380379 1.150316 0.150188
Kb 0.002300 0.015318 2130.000000 2.000000 1.380379 1.150316 0.150188
Kb 0.002300 0.015318 2135.000000 2.000000 1.380379 1.150316 0.150188
Kb 0.002300 0.015318 2140.000000 2.000000 1.380379 1.150316 0.150188
Kb 0.002300 0.015318 2145.000000 2.000000 1.380379 1.150316 0.150188
Kb 0.002300 0.015318 2150.000000 2.000000 1.380379 1.150316 0.150188
Kb 0.002300 0.015318 2155.000000 2.000000 1.380379 1.150316 0.150188
Kb 0.002300 0.015318 2160.000000 2.000000 1.380379 1.150316 0.150188
Kb 0.002300 0.015318 2165.000000 2.000000 1.380379 1.150316 0.150188
Kb 0.002300 0.015318 2170.000000 2.000000 1.380379 1.150316 0.150188
Kb 0.002300 0.015318 2175.000000 2.000000 1.380379 1.150316 0.150188
Kb 0.002300 0.015318 2180.000000 2.000000 1.380379 1.150316 0.150188
Kb 0.002300 0.015318 2185.000000 2.000000 1.380379 1.150316 0.150188
Kb 0.002300 0.015318 2190.000000 2.000000 1.380379 1.150316 0.150188
Kb 0.002300 0.015318 2195.000000 2.000000 1.380379 1.150316 0.150188
Kb 0.002300 0.015318 2200.000000 2.000000 1.380379 1.150316 0.150188
Kb 0.002300 0.015318 2205.000000 2.000000 1.380379 1.150316 0.150188
Kb 0.002300 0.015318 2210.000000 2.000000 1.380379 1.150316 0.150188
Kb 0.002300 0.015318 2215.000000 2.000000 1.380379 1.150316 0.150188
Kb 0.002300 0.015318 2220.000000 2.000000 1.380379 1.150316 0.150188
Kb 0.002300 0.015318 2225.000000 2.000000 1.380379 1.150316 0.150188
Kb 0.002300 0.015318 2230.000000 2.000000 1.380379 1.150316 0.150188
Kb 0.002300 0.015318 2235.000000 2.000000 1.380379 1.150316 0.150188
Kb 0.002300 0.015318 2240.000000 2.000000 1.380379 1.150316 0.150188
Kb 0.002300 0.015318 2245.000000 2.000000 1.380379 1.150316 0.150188
Kb 0.002300 0.015318 2250.000000 2.000000 1.380379 1.150316 0.150188
Kb 0.002300 0.015318 2255.000000 2.000000 1.380379 1.150316 0.150188
Kb 0.002300 0.015318 2260.000000 2.000000 1.380379 1.150316 0.150188
Kb 0.002300 0.015318 2265.000000 2.000000 1.380379 1.150316 0.150188
Kb 0.002300 0.015318 2270.000000 2.000000 1.380379 1.150316 0.150188
Kb 0.002300 0.015318 2275.000000 2.000000 1.380379 1.150316 0.150188
Kb 0.002300 0.015318 2280.000000 2.000000 1.380379 1.150316 0.150188
Kb 0.002300 0.015318 2285.000000 2.000000 1.380379 1.150316 0.150188
Kb 0.002300 0.015318 2290.000000 2.000000 1.380379 1.150316 0.150188
Kb 0.002300 0.015318 2295.000000 2.000000 1.380379 1.150316 0.150188
Kb 0.002300 0.015318 2300.000000 2.000000 1.380379 1.150316 0.150188
Kb 0.002300 0.015318 2305.000000 2.000000 1.380379 1.150316 0.150188
Kb 0.002300 0.015318 2310.000000 2.000000 1.380379 1.150316 0.150188
Kb 0.002300 0.015318 2315.000000 2.000000 1.380379 1.150316 0.150188
Kb 0.002300 0.015318 2320.000000 2.000000 1.380379 1.150316 0.150188
Kb 0.002300 0.015318 2325.000000 2.000000 1.380379 1.150316 0.150188
Kb 0.002300 0.015318 2330.000000 2.000000 1.380379 1.150316 0.150188
Kb 0.002300 0.015318 2335.000000 2.000000 1.380379 1.150316 0.150188
Kb 0.002300 0.015318 2340.000000 2.000000 1.380379 1.150316 0.150188
Kb 0.002300 0.015318 2345.000000 2.000000 1.380379 1.150316 0.150188
Kb 0.002300 0.015318 2350.000000 2.000000 1.380379 1.150316 0.150188
Kb 0.002300 0.015318 2355.000000 2.000000 1.380379 1.150316 0.150188
Kb 0.002300 0.015318 2360.000000 2.000000 1.380379 1.150316 0.150188
Kb 0.002300 0.015318 2365.000000 2.000000 1.380379 1.150316 0.150188
Kb 0.002300 0.015318 2370.000000 2.000000 1.380379 1.150316 0.150188
Kb 0.002300 0.015318 2375.000000 2.000000 1.380379 1.150316 0.150188
Kb 0.002300 0.015318 2380.000000 2.000000 1.380379 1.150316 0.150188
Kb 0.002300 0.015318 2385.000000 2.000000 1.380379 1.150316 0.150188
Kb 0.002300 0.015318 2390.000000 2.000000 1.380379 1.150316 0.150188
Kb 0.002300 0.015318 2395.000000 2.000000 1.380379 1.150316 0.150188
Kb 0.002300 0.015318 2400.000000 2.000000 1.380379 1.150316 0.150188
Kb 0.002300 0.015318 2405.000000 2.000000 1.380379 1.150316 0.150188
Kb 0.002300 0.015318 2410.000000 2.000000 1.380379 1.150316 0.150188
Kb 0.002300 0.015318 2415.000000 2.000000 1.380379 1.150316 0.150188
Kb 0.002300 0.015318 2420.000000 2.000000 1.380379 1.150316 0.150188
Kb 0.002300 0.015318 2425.000000 2.000000 1.380379 1.150316 0.150188
Kb 0.002300 0.015318 2430.000000 2.000000 1.380379 1.150316 0.150188
Kb 0.002300 0.015318 2435.000000 2.000000 1.380379 1.150316 0.150188
Kb 0.002300 0.015318 2440.000000 2.000000 1.380379 1.150316 0.150188
Kb 0.002300 0.015318 2445.000000 2.000000 1.380379 1.150316 0.150188
Kb 0.002300 0.015318 2450.000000 2.000000 1.380379 1.150316 0.150188
Kb 0.002300 0.015318 2455.000000 2.000000 1.380379 1.150316 0.150188
Kb 0.002300 0.015318 2460.000000 2.000000 1.380379 1.150316 0.150188
Kb 0.002300 0.015318 2465.000000 2.000000 1.380379 1.150316 0.150188
Kb 0.002300 0.015318 2470.000000 2.000000 1.380379 1.150316 0.150188
Kb 0.002300 0.015318 2475.000000 2.000000 1.380379 1.150316 0.150188
Kb 0.002300 0.015318 2480.000000 2.000000 1.380379 1.150316 0.150188
Kb 0.002300 0.015318 2485.000000 2.000000 1.380379 1.150316 0.150188
Kb 0.002300 0.015318 2490.000000 2.000000 1.380379 1.150316 0.150188
Kb 0.002300 0.015318 2495.000000 2.000000 1.380379 1.150316 0.150188
Kb 0.002300 0.015318 2500.000000 2.000000 1.380379 1.150316 0.150188
Kb 0.002300 0.015318 2505.000000 2.000000 1.380379 1.150316 0.150188
Kb 0.002300 0.015318 2510.000000 2.000000 1.380379 1.150316 0.150188
Kb 0.002300 0.015318 2515.000000 2.000000 1.380379 1.150316 0.150188
Kb 0.002300 0.015318 2520.000000 2.000000 1.380379 1.150316 0.150188
Kb 0.002300 0.015318 2525.000000 2.000000 1.380379 1.150316 0.150188
Kb 0.002300 0.015318 2530.000000 2.000000 1.380379 1.150316 0.150188
Kb 0.002300 0.015318 2535.000000 2.000000 1.380379 1.150316 0.150188
Kb 0.002300 0.015318 2540.000000 2.000000 1.380379 1.150316 0.150188
Kb 0.002300 0.015318 2545.000000 2.000000 1.380379 1.150316 0.150188
Kb 0.002300 0.015318 2550.000000 2.000000 1.380379 1.150316 0.150188
Kb 0.002300 0.015318 2555.000000 2.000000 1.380379 1.150316 0.150188
Kb 0.002300 0.015318 2560.000000 2.000000 1.380379 1.150316 0.150188
Kb 0.002300 0.015318 2565.000000 2.000000 1.380379 1.150316 0.150188
Kb 0.002300 0.015318 2570.000000 2.000000 1.380379 1.150316 0.150188
Kb 0.002300 0.015318 2575.000000 2.000000 1.380379 1.150316 0.150188
Kb 0.002300 0.015318 2580.000000 2.000000 1.380379 1.150316 0.150188
Kb 0.002300 0.015318 2585.000000 2.000000 1.380379 1.150316 0.150188
Kb 0.002300 0.015318 2590.000000 2.000000 1.380379 1.150316 0.150188
Kb 0.002300 0.015318 2595.000000 2.000000 1.380379 1.150316 0.150188
Kb 0.002300 0.015318 2600.000000 2.000000 1.380379 1.150316 0.150188
Kb 0.002300 0.015318 2605.000000 2.000000 1.380379 1.150316 0.150188
Kb 0.002300 0.015318 2610.000000 2.000000 1.380379 1.150316 0.150188
Kb 0.002300 0.015318 2615.000000 2.000000 1.380379 1.150316 0.150188
Kb 0.002300 0.015318 2620.000000 2.000000 1.380379 1.150316 0.150188
Kb 0.002300 0.015318 2625.000000 2.000000 1.380379 1.150316 0.150188
Kb 0.002300 0.015318 2630.000000 2.000000 1.380379 1.150316 0.150188
Kb 0.002300 0.015318 2635.000000 2.000000 1.380379 1.150316 0.150188
Kb 0.002300 0.015318 2640.000000 2.000000 1.380379 1.150316 0.150188
Kb 0.002300 0.015318 2645.000000 2.000000 1.380379 1.150316 0.150188
Kb 0.002300 0.015318 2650.000000 2.000000 1.380379 1.150316 0.150188
Kb 0.002300 0.015318 2655.000000 2.000000 1.380379 1.150316 0.150188
Kb 0.002300 0.015318 2660.000000 2.000000 1.380379 1.150316 0.150188
Kb 0.002300 0.015318 2665.000000 2.000000 1.380379 1.150316 0.150188
Kb 0.002300 0.015318 2670.000000 2.000000 1.380379 1.150316 0.150188
Kb 0.002300 0.015318 2675.000000 2.000000 1.380379 1.150316 0.150188
Kb 0.002300 0.015318 2680.000000 2.000000 1.380379 1.150316 0.150188
Kb 0.002300 0.015318 2685.000000 2.000000 1.380379 1.150316 0.150188
Kb 0.002300 0.015318 2690.000000 2.000000 1.380379 1.150316 0.150188
Kb 0.002300 0.015318 2695.000000 2.000000 1.380379 1.150316 0.150188
Kb 0.002300 0.015318 2700.000000 2.000000 1.380379 1.150316 0.150188
Kb 0.002300 0.015318 2705.000000 2.000000 1.380379 1.150316 0.150188
Kb 0.002300 0.015318 2710.000000 2.000000 1.380379 1.150316 0.150188
Kb 0.002300 0.015318 2715.000000 2.000000 1.380379 1.150316 0.150188
Kb 0.002300 0.015318 2720.000000 2.000000 1.380379 1.150316 0.150188
Kb 0.002300 0.015318 2725.000000 2.000000 1.380379 1.150316 0.150188
Kb 0.002300 0.015318 2730.000000 2.000000 1.380379 1.150316 0.150188
Kb 0.002300 0.015318 2735.000000 2.000000 1.380379 1.150316 0.150188
Kb 0.002300 0.015318 2740.000000 2.000000 1.380379 1.150316 0.150188
Kb 0.002300 0.015318 2745.000000 2.000000 1.380379 1.150316 0.150188
Kb 0.002300 0.015318 2750.000000 2.000000 1.380379 1.150316 0.150188
Kb 0.002300 0.015318 2755.000000 2.000000 1.380379 1.150316 0.150188
Kb 0.002300 0.015318 2760.000000 2.000000 1.380379 1.150316 0.150188
Kb 0.002300 0.015318 2765.000000 2.000000 1.380379 1.150316 0.150188
Kb 0.002300 0.015318 2770.000000 2.000000 1.380379 1.150316 0.150188
Kb 0.002300 0.015318 2775.000000 2.000000 1.380379 1.150316 0.150188
Kb 0.002300 0.015318 2780.000000 2.000000 1.380379 1.150316 0.150188
Kb 0.002300 0.015318 2785.000000 2.000000 1.380379 1.150316 0.150188
Kb 0.002300 0.015318 2790.000000 2.000000 1.380379 1.150316 0.150188
Kb 0.002300 0.015318 2795.000000 2.000000 1.380379 1.150316 0.150188
Kb 0.002300 0.015318 2800.000000 2.000000 1.380379 1.150316 0.150188
Kb 0.002300 0.015318 2805.000000 2.000000 1.380379 1.150316 0.150188
Kb 0.002300 0.015318 2810.000000 2.000000 1.380379 1.150316 0.150188
Kb 0.002300 0.015318 2815.000000 2.000000 1.380379 1.150316 0.150188
Kb 0.002300 0.015318 2820.000000 2.000000 1.380379 1.150316 0.150188
Kb 0.002300 0.015318 2825.000000 2.000000 1.380379 1.150316 0.150188
Kb 0.002300 0.015318 2830.000000 2.000000 1.380379 1.150316 0.150188
Kb 0.002300 0.015318 2835.000000 2.000000 1.380379 1.150316 0.150188
Kb 0.002300 0.015318 2840.000000 2.000000 1.380379 1.150316 0.150188
Kb 0.002300 0.015318 2845.000000 2.000000 1.380379 1.150316 0.150188
Kb 0.002300 0.015318 2850.000000 2.000000 1.380379 1.150316 0.150188
Kb 0.002300 0.015318 2855.000000 2.000000 1.380379 1.150316 0.150188
Kb 0.002300 0.015318 2860.000000 2.000000 1.380379 1.150316 0.150188
Kb 0.002300 0.015318 2865.000000 2.000000 1.380379 1.150316 0.150188
Kb 0.002300 0.015318 2870.000000 2.000000 1.380379 1.150316 0.150188
Kb 0.002300 0.015318 2875.000000 2.000000 1.380379 1.150316 0.150188
Kb 0.002300 0.015318 2880.000000 2.000000 1.380379 1.150316 0.150188
Kb 0.002300 0.015318 2885.000000 2.000000 1.380379 1.150316 0.150188
Kb 0.002300 0.015318 2890.000000 2.000000 1.380379 1.150316 0.150188
Kb 0.002300 0.015318 2895.000000 2.000000 1.380379 1.150316 0.150188
Kb 0.002300 0.015318 2900.000000 2.000000 1.380379 1.150316 0.150188
Kb 0.002300 0.015318 2905.000000 2.000000 1.380379 1.150316 0.150188
Kb 0.002300 0.015318 2910.000000 2.000000 1.380379 1.150316 0.150188
Kb 0.002300 0.015318 2915.000000 2.000000 1.380379 1.150316 0.150188
Kb 0.002300 0.015318 2920.000000 2.000000 1.380379 1.150316 0.150188
Kb 0.002300 0.015318 2925.000000 2.000000 1.380379 1.150316 0.150188
Kb 0.002300 0.015318 2930.000000 2.000000 1.380379 1.150316 0.150188
Kb 0.002300 0.015318 2935.000000 2.000000 1.380379 1.150316 0.150188
Kb 0.002300 0.015318 2940.000000 2.000000 1.380379 1.150316 0.150188
Kb 0.002300 0.015318 2945.000000 2.000000 1.380379 1.150316 0.150188
Kb 0.002300 0.015318 2950.000000 2.000000 1.380379 1.150316 0.150188
Kb 0.002300 0.015318 2955.000000 2.000000 1.380379 1.150316 0.150188
Kb 0.002300 0.015318 2960.000000 2.000000 1.380379 1.150316 0.150188
Kb 0.002300 0.015318 2965.000000 2.000000 1.380379 1.150316 0.150188
Kb 0.002300 0.015318 2970.000000 2.000000 1.380379 1.150316 0.150188
Kb 0.002300 0.015318 2975.000000 2.000000 1.380379 1.150316 0.150188
Kb 0.002300 0.015318 2980.000000 2.000000 1.380379 1.150316 0.150188
Kb 0.002300 0.015318 2985.000000 2.000000 1.380379 1.150316 0.150188
Kb 0.002300 0.015318 2990.000000 2.000000 1.380379 1.150316 0.150188
Kb 0.002300 0.015318 2995.000000 2.000000 1.380379 1.150316 0.150188
Kb 0.002300 0.015318 3000.000000 2.000000 1.380379 1.150316 0.150188
Kb 0.002300 0.015318 3005.000000 2.000000 1.380379 1.150316 0.150188
Kb 0.002300 0.015318 3010.000000 2.000000 1.380379 1.150316 0.150188
Kb 0.002300 0.015318 3015.000000 2.000000 1.380379 1.150316 0.150188
Kb 0.002300 0.015318 3020.000000 2.000000 1.380379 1.150316 0.150188
Kb 0.002300 0.015318 3025.000000 2.000000 1.380379 1.150316 0.150188
Kb 0.002300 0.015318 3030.000000 2.000000 1.380379 1.150316 0.150188
Kb 0.002300 0.015318 3035.000000 2.000000 1.380379 1.150316 0.150188
Kb 0.002300 0.015318 3040.000000 2.000000 1.380379 1.150316 0.150188
Kb 0.002300 0.015318 3045.000000 2.000000 1.380379 1.150316 0.150188
Kb 0.002300 0.015318 3050.000000 2.000000 1.380379 1.150316 0.150188
Kb 0.002300 0.015318 3055.000000 2.000000 1.380379 1.150316 0.150188
Kb 0.002300 0.015318 3060.000000 2.000000 1.380379 1.150316 0.150188
Kb 0.002300 0.015318 3065.000000 2.000000 1.380379 1.150316 0.150188
Kb 0.002300 0.015318 3070.000000 2.000000 1.380379 1.150316 0.150188
Kb 0.002300 0.015318 3075.000000 2.000000 1.380379 1.150316 0.150188
Kb 0.002300 0.015318 3080.000000 2.000000 1.380379 1.150316 0.150188
Kb 0.002300 0.015318 3085.000000 2.000000 1.380379 1.150316 0.150188
Kb 0.002300 0.015318 3090.000000 2.000000 1.380379 1.150316 0.150188
Kb 0.002300 0.015318 3095.000000 2.000000 1.380379 1.150316 0.150188
Kb 0.002300 0.015318 3100.000000 2.000000 1.380379 1.150316 0.150188
Kb 0.002300 0.015318 3105.000000 2.000000 1.380379 1.150316 0.150188
Kb 0.002300 0.015318 3110.000000 2.000000 1.380379 1.150316 0.150188
Kb 0.002300 0.015318 3115.000000 2.000000 1.380379 1.150316 0.150188
Kb 0.002300 0.015318 3120.000000 2.000000 1.380379 1.150316 0.150188
Kb 0.002300 0.015318 3125.000000 2.000000 1.380379 1.150316 0.150188
Kb 0.002300 0.015318 3130.000000 2.000000 1.380379 1.150316 0.150188
Kb 0.002300 0.015318 3135.000000 2.000000 1.380379 1.150316 0.150188
Kb 0.002300 0.015318 3140.000000 2.000000 1.380379 1.150316 0.150188
Kb 0.002300 0.015318 3145.000000 2.000000 1.380379 1.150316 0.150188
Kb 0.002300 0.015318 3150.000000 2.000000 1.380379 1.150316 0.150188
Kb 0.002300 0.015318 3155.000000 2.000000 1.380379 1.150316 0.150188
Kb 0.002300 0.015318 3160.000000 2.000000 1.380379 1.150316 0.150188
Kb 0.002300 0.015318 3165.000000 2.000000 1.380379 1.150316 0.150188
Kb 0.002300 0.015318 3170.000000 2.000000 1.380379 1.150316 0.150188
Kb 0.002300 0.015318 3175.000000 2.000000 1.380379 1.150316 0.150188
Kb 0.002300 0.015318 3180.000000 2.000000 1.380379 1.150316 0.150188
Kb 0.002300 0.015318 3185.000000 2.000000 1.380379 1.150316 0.150188
Kb 0.002300 0.015318 3190.000000 2.000000 1.380379 1.150316 0.150188
Kb 0.002300 0.015318 3195.000000 2.000000 1.380379 1.150316 0.150188
Kb 0.002300 0.015318 3200.000000 2.000000 1.380379 1.150316 0.150188
Kb 0.002300 0.015318 3205.000000 2.000000 1.380379 1.150316 0.150188
Kb 0.002300 0.015318 3210.000000 2.000000 1.380379 1.150316 0.150188
Kb 0.002300 0.015318 3215.000000 2.000000 1.380379 1.150316 0.150188
Kb 0.002300 0.015318 3220.000000 2.000000 1.380379 1.150316 0.150188
Kb 0.002300 0.015318 3225.000000 2.000000 1.380379 1.150316 0.150188
Kb 0.002300 0.015318 3230.000000 2.000000 1.380379 1.150316 0.150188
Kb 0.002300 0.015318 3235.000000 2.000000 1.380379 1.150316 0.150188
Kb 0.002300 0.015318 3240.000000 2.000000 1.380379 1.150316 0.150188
Kb 0.002300 0.015318 3245.000000 2.000000 1.380379 1.150316 0.150188
Kb 0.002300 0.015318 3250.000000 2.000000 1.380379 1.150316 0.150188
Kb 0.002300 0.015318 3255.000000 2.000000 1.380379 1.150316 0.150188
Kb 0.002300 0.015318 3260.000000 2.000000 1.380379 1.150316 0.150188
Kb 0.002300 0.015318 3265.000000 2.000000 1.380379 1.150316 0.150188
Kb 0.002300 0.015318 3270.000000 2.000000 1.380379 1.150316 0.150188
Kb 0.002300 0.015318 3275.000000 2.000000 1.380379 1.150316 0.150188
Kb 0.002300 0.015318 3280.000000 2.000000 1.380379 1.150316 0.150188
Kb 0.002300 0.015318 3285.000000 2.000000 1.380379 1.150316 0.150188
Kb 0.002300 0.015318 3290.000000 2.000000 1.380379 1.150316 0.150188
Kb 0.002300 0.015318 3295.000000 2.000000 1.380379 1.150316 0.150188
Kb 0.002300 0.015318 3300.000000 2.000000 1.380379 1.150316 0.150188
Kb 0.002300 0.015318 3305.000000 2.000000 1.380379 1.150316 0.150188
Kb 0.002300 0.015318 3310.000000 2.000000 1.380379 1.150316 0.150188
Kb 0.002300 0.015318 3315.000000 2.000000 1.380379 1.150316 0.150188
Kb 0.002300 0.015318 3320.000000 2.000000 1.380379 1.150316 0.150188
Kb 0.002300 0.015318 3325.000000 2.000000 1.380379 1.150316 0.150188
Kb 0.002300 0.015318 3330.000000 2.000000 1.380379 1.150316 0.150188
Kb 0.002300 0.015318 3335.000000 2.000000 1.380379 1.150316 0.150188
Kb 0.002300 0.015318 3340.000000 2.000000 1.380379 1.150316 0.150188
Kb 0.002300 0.015318 3345.000000 2.000000 1.380379 1.150316 0.150188
Kb 0.002300 0.015318 3350.000000 2.000000 1.380379 1.150316 0.150188
Kb 0.002300 0.015318 3355.000000 2.000000 1.380379 1.150316 0.150188
Kb 0.002300 0.015318 3360.000000 2.000000 1.380379 1.150316 0.150188
Kb 0.002300 0.015318 3365.000000 2.000000 1.380379 1.150316 0.150188
Kb 0.002300 0.015318 3370.000000 2.000000 1.380379 1.150316 0.150188
Kb 0.002300 0.015318 3375.000000 2.000000 1.380379 1.150316 0.150188
Kb 0.002300 0.015318 3380.000000 2.000000 1.380379 1.150316 0.150188
Kb 0.002300 0.015318 3385.000000 2.000000 1.380379 1.150316 0.150188
Kb 0.002300 0.015318 3390.000000 2.000000 1.380379 1.150316 0.150188
Kb 0.002300 0.015318 3395.000000 2.000000 1.380379 1.150316 0.150188
Kb 0.002300 0.015318 3400.000000 2.000000 1.380379 1.150316 0.150188
Kb 0.002300 0.015318 3405.000000 2.000000 1.380379 1.150316 0.150188
Kb 0.002300 0.015318 3410.000000 2.000000 1.380379 1.150316 0.150188
Kb 0.002300 0.015318 3415.000000 2.000000 1.380379 1.150316 0.150188
Kb 0.002300 0.015318 3420.000000 2.000000 1.380379 1.150316 0.150188
Kb 0.002300 0.015318 3425.000000 2.000000 1.380379 1.150316 0.150188
Kb 0.002300 0.015318 3430.000000 2.000000 1.380379 1.150316 0.150188
Kb 0.002300 0.015318 3435.000000 2.000000 1.380379 1.150316 0.150188
Kb 0.002300 0.015318 3440.000000 2.000000 1.380379 1.150316 0.150188
Kb 0.002300 0.015318 3445.000000 2.000000 1.380379 1.150316 0.150188
Kb 0.002300 0.015318 3450.000000 2.000000 1.380379 1.150316 0.150188
Kb 0.002300 0.015318 3455.000000 2.000000 1.380379 1.150316 0.150188
Kb 0.002300 0.015318 3460.000000 2.000000 1.380379 1.150316 0.150188
Kb 0.002300 0.015318 3465.000000 2.000000 1.380379 1.150316 0.150188
Kb 0.002300 0.015318 3470.000000 2.000000 1.380379 1.150316 0.150188
Kb 0.002300 0.015318 3475.000000 2.000000 1.380379 1.150316 0.150188
Kb 0.002300 0.015318 3480.000000 2.000000 1.380379 1.150316 0.150188
Kb 0.002300 0.015318 3485.000000 2.000000 1.380379 1.150316 0.150188
Kb 0.002300 0.015318 3490.000000 2.000000 1.380379 1.150316 0.150188
Kb 0.002300 0.015318 3495.000000 2.000000 1.380379 1.150316 0.150188
Kb 0.002300 0.015318 3500.000000 2.000000 1.380379 1.150316 0.150188
Kb 0.002300 0.015318 3505.000000 2.000000 1.380379 1.150316 0.150188
Kb 0.002300 0.015318 3510.000000 2.000000 1.380379 1.150316 0.150188
Kb 0.002300 0.015318 3515.000000 2.000000 1.380379 1.150316 0.150188
Kb 0.002300 0.015318 3520.000000 2.000000 1.380379 1.150316 0.150188
Kb 0.002300 0.015318 3525.000000 2.000000 1.380379 1.150316 0.150188
Kb 0.002300 0.015318 3530.000000 2.000000 1.380379 1.150316 0.150188
Kb 0.002300 0.015318 3535.000000 2.000000 1.380379 1.150316 0.150188
Kb 0.002300 0.015318 3540.000000 2.000000 1.380379 1.150316 0.150188
Kb 0.002300 0.015318 3545.000000 2.000000 1.380379 1.150316 0.150188
Kb 0.002300 0.015318 3550.000000 2.000000 1.380379 1.150316 0.150188
Kb 0.002300 0.015318 3555.000000 2.000000 1.380379 1.150316 0.150188
Kb 0.002300 0.015318 3560.000000 2.000000 1.380379 1.150316 0.150188
Kb 0.002300 0.015318 3565.000000 2.000000 1.380379 1.150316 0.150188
Kb 0.002300 0.015318 3570.000000 2.000000 1.380379 1.150316 0.150188
Kb 0.002300 0.015318 3575.000000 2.000000 1.380379 1.150316 0.150188
Kb 0.002300 0.015318 3580.000000 2.000000 1.380379 1.150316 0.150188
Kb 0.002300 0.015318 3585.000000 2.000000 1.380379 1.150316 0.150188
Kb 0.002300 0.015318 3590.000000 2.000000 1.380379 1.150316 0.150188
Kb 0.002300 0.015318 3595.000000 2.000000 1.380379 1.150316 0.150188
Kb 0.002300 0.015318 3600.000000 2.000000 1.380379 1.150316 0.150188
