HEADER DATE 31-Jul-2017 20:35:07
HEADER RANDSEED 1742361028
Param True_Value Sim_Value Sim_Time Input mRNA foldedP fluo
Kb 0.002300 0.000257 0.000000 0.000000 0.001104 0.000920 0.007159
Kb 0.002300 0.000257 5.000000 0.000000 0.001104 0.000920 0.007159
Kb 0.002300 0.000257 10.000000 0.000000 0.001104 0.000920 0.007159
Kb 0.002300 0.000257 15.000000 0.000000 0.001104 0.000920 0.007159
Kb 0.002300 0.000257 20.000000 0.000000 0.001104 0.000920 0.007159
Kb 0.002300 0.000257 25.000000 0.000000 0.001104 0.000920 0.007159
Kb 0.002300 0.000257 30.000000 0.000000 0.001104 0.000920 0.007159
Kb 0.002300 0.000257 35.000000 0.000000 0.001104 0.000920 0.007159
Kb 0.002300 0.000257 40.000000 0.000000 0.001104 0.000920 0.007159
Kb 0.002300 0.000257 45.000000 0.000000 0.001104 0.000920 0.007159
Kb 0.002300 0.000257 50.000000 0.000000 0.001104 0.000920 0.007159
Kb 0.002300 0.000257 55.000000 0.000000 0.001104 0.000920 0.007159
Kb 0.002300 0.000257 60.000000 0.000000 0.001104 0.000920 0.007159
Kb 0.002300 0.000257 65.000000 0.000000 0.001104 0.000920 0.007159
Kb 0.002300 0.000257 70.000000 0.000000 0.001104 0.000920 0.007159
Kb 0.002300 0.000257 75.000000 0.000000 0.001104 0.000920 0.007159
Kb 0.002300 0.000257 80.000000 0.000000 0.001104 0.000920 0.007159
Kb 0.002300 0.000257 85.000000 0.000000 0.001104 0.000920 0.007159
Kb 0.002300 0.000257 90.000000 0.000000 0.001104 0.000920 0.007159
Kb 0.002300 0.000257 95.000000 0.000000 0.001104 0.000920 0.007159
Kb 0.002300 0.000257 100.000000 0.000000 0.001104 0.000920 0.007159
Kb 0.002300 0.000257 105.000000 0.000000 0.001104 0.000920 0.007159
Kb 0.002300 0.000257 110.000000 0.000000 0.001104 0.000920 0.007159
Kb 0.002300 0.000257 115.000000 0.000000 0.001104 0.000920 0.007159
Kb 0.002300 0.000257 120.000000 0.000000 0.001104 0.000920 0.007159
Kb 0.002300 0.000257 125.000000 0.000000 0.001104 0.000920 0.007159
Kb 0.002300 0.000257 130.000000 0.000000 0.001104 0.000920 0.007159
Kb 0.002300 0.000257 135.000000 0.000000 0.001104 0.000920 0.007159
Kb 0.002300 0.000257 140.000000 0.000000 0.001104 0.000920 0.007159
Kb 0.002300 0.000257 145.000000 0.000000 0.001104 0.000920 0.007159
Kb 0.002300 0.000257 150.000000 0.000000 0.001104 0.000920 0.007159
Kb 0.002300 0.000257 155.000000 0.000000 0.001104 0.000920 0.007159
Kb 0.002300 0.000257 160.000000 0.000000 0.001104 0.000920 0.007159
Kb 0.002300 0.000257 165.000000 0.000000 0.001104 0.000920 0.007159
Kb 0.002300 0.000257 170.000000 0.000000 0.001104 0.000920 0.007159
Kb 0.002300 0.000257 175.000000 0.000000 0.001104 0.000920 0.007159
Kb 0.002300 0.000257 180.000000 0.000000 0.001104 0.000920 0.007159
Kb 0.002300 0.000257 185.000000 0.000000 0.001104 0.000920 0.007159
Kb 0.002300 0.000257 190.000000 0.000000 0.001104 0.000920 0.007159
Kb 0.002300 0.000257 195.000000 0.000000 0.001104 0.000920 0.007159
Kb 0.002300 0.000257 200.000000 0.000000 0.001104 0.000920 0.007159
Kb 0.002300 0.000257 205.000000 0.000000 0.001104 0.000920 0.007159
Kb 0.002300 0.000257 210.000000 0.000000 0.001104 0.000920 0.007159
Kb 0.002300 0.000257 215.000000 0.000000 0.001104 0.000920 0.007159
Kb 0.002300 0.000257 220.000000 0.000000 0.001104 0.000920 0.007159
Kb 0.002300 0.000257 225.000000 0.000000 0.001104 0.000920 0.007159
Kb 0.002300 0.000257 230.000000 0.000000 0.001104 0.000920 0.007159
Kb 0.002300 0.000257 235.000000 0.000000 0.001104 0.000920 0.007159
Kb 0.002300 0.000257 240.000000 0.000000 0.001104 0.000920 0.007159
Kb 0.002300 0.000257 245.000000 0.000000 0.001104 0.000920 0.007159
Kb 0.002300 0.000257 250.000000 0.000000 0.001104 0.000920 0.007159
Kb 0.002300 0.000257 255.000000 0.000000 0.001104 0.000920 0.007159
Kb 0.002300 0.000257 260.000000 0.000000 0.001104 0.000920 0.007159
Kb 0.002300 0.000257 265.000000 0.000000 0.001104 0.000920 0.007159
Kb 0.002300 0.000257 270.000000 0.000000 0.001104 0.000920 0.007159
Kb 0.002300 0.000257 275.000000 0.000000 0.001104 0.000920 0.007159
Kb 0.002300 0.000257 280.000000 0.000000 0.001104 0.000920 0.007159
Kb 0.002300 0.000257 285.000000 0.000000 0.001104 0.000920 0.007159
Kb 0.002300 0.000257 290.000000 0.000000 0.001104 0.000920 0.007159
Kb 0.002300 0.000257 295.000000 0.000000 0.001104 0.000920 0.007159
Kb 0.002300 0.000257 300.000000 2.000000 0.001104 0.000920 0.007159
Kb 0.002300 0.000257 305.000000 2.000000 0.193226 0.005745 0.007176
Kb 0.002300 0.000257 310.000000 2.000000 0.358586 0.018941 0.007284
Kb 0.002300 0.000257 315.000000 2.000000 0.500914 0.038814 0.007558
Kb 0.002300 0.000257 320.000000 2.000000 0.623417 0.063939 0.008058
Kb 0.002300 0.000257 325.000000 2.000000 0.728856 0.093118 0.008829
Kb 0.002300 0.000257 330.000000 2.000000 0.819608 0.125345 0.009907
Kb 0.002300 0.000257 335.000000 2.000000 0.897719 0.159783 0.011318
Kb 0.002300 0.000257 340.000000 2.000000 0.964949 0.195732 0.013079
Kb 0.002300 0.000257 345.000000 2.000000 1.022815 0.232615 0.015202
Kb 0.002300 0.000257 350.000000 2.000000 1.072621 0.269956 0.017693
Kb 0.002300 0.000257 355.000000 2.000000 1.115489 0.307366 0.020556
Kb 0.002300 0.000257 360.000000 2.000000 1.152386 0.344527 0.023787
Kb 0.002300 0.000257 365.000000 2.000000 1.184143 0.381186 0.027383
Kb 0.002300 0.000257 370.000000 2.000000 1.211477 0.417140 0.031338
Kb 0.002300 0.000257 375.000000 2.000000 1.235004 0.452231 0.035642
Kb 0.002300 0.000257 380.000000 2.000000 1.255254 0.486338 0.040287
Kb 0.002300 0.000257 385.000000 2.000000 1.272682 0.519370 0.045262
Kb 0.002300 0.000257 390.000000 2.000000 1.287684 0.551264 0.050554
Kb 0.002300 0.000257 395.000000 2.000000 1.300595 0.581976 0.056153
Kb 0.002300 0.000257 400.000000 2.000000 1.311709 0.611481 0.062046
Kb 0.002300 0.000257 405.000000 2.000000 1.321274 0.639768 0.068219
Kb 0.002300 0.000257 410.000000 2.000000 1.329507 0.666838 0.074661
Kb 0.002300 0.000257 415.000000 2.000000 1.336593 0.692703 0.081360
Kb 0.002300 0.000257 420.000000 2.000000 1.342692 0.717380 0.088302
Kb 0.002300 0.000257 425.000000 2.000000 1.347941 0.740896 0.095477
Kb 0.002300 0.000257 430.000000 2.000000 1.352460 0.763278 0.102871
Kb 0.002300 0.000257 435.000000 2.000000 1.356349 0.784560 0.110474
Kb 0.002300 0.000257 440.000000 2.000000 1.359696 0.804778 0.118275
Kb 0.002300 0.000257 445.000000 2.000000 1.362577 0.823969 0.126262
Kb 0.002300 0.000257 450.000000 2.000000 1.365057 0.842172 0.134426
Kb 0.002300 0.000257 455.000000 2.000000 1.367191 0.859427 0.142757
Kb 0.002300 0.000257 460.000000 2.000000 1.369028 0.875773 0.151245
Kb 0.002300 0.000257 465.000000 2.000000 1.370609 0.891250 0.159881
Kb 0.002300 0.000257 470.000000 2.000000 1.371970 0.905897 0.168656
Kb 0.002300 0.000257 475.000000 2.000000 1.373141 0.919752 0.177562
Kb 0.002300 0.000257 480.000000 2.000000 1.374149 0.932853 0.186592
Kb 0.002300 0.000257 485.000000 2.000000 1.375017 0.945237 0.195737
Kb 0.002300 0.000257 490.000000 2.000000 1.375764 0.956938 0.204991
Kb 0.002300 0.000257 495.000000 2.000000 1.376407 0.967992 0.214347
Kb 0.002300 0.000257 500.000000 2.000000 1.376960 0.978431 0.223798
Kb 0.002300 0.000257 505.000000 2.000000 1.377436 0.988287 0.233339
Kb 0.002300 0.000257 510.000000 2.000000 1.377846 0.997590 0.242962
Kb 0.002300 0.000257 515.000000 2.000000 1.378199 1.006370 0.252664
Kb 0.002300 0.000257 520.000000 2.000000 1.378503 1.014655 0.262439
Kb 0.002300 0.000257 525.000000 2.000000 1.378764 1.022470 0.272281
Kb 0.002300 0.000257 530.000000 2.000000 1.378989 1.029843 0.282187
Kb 0.002300 0.000257 535.000000 2.000000 1.379183 1.036796 0.292151
Kb 0.002300 0.000257 540.000000 2.000000 1.379349 1.043353 0.302171
Kb 0.002300 0.000257 545.000000 2.000000 1.379493 1.049536 0.312241
Kb 0.002300 0.000257 550.000000 2.000000 1.379616 1.055365 0.322358
Kb 0.002300 0.000257 555.000000 2.000000 1.379722 1.060860 0.332518
Kb 0.002300 0.000257 560.000000 2.000000 1.379814 1.066040 0.342719
Kb 0.002300 0.000257 565.000000 2.000000 1.379893 1.070922 0.352957
Kb 0.002300 0.000257 570.000000 2.000000 1.379960 1.075524 0.363229
Kb 0.002300 0.000257 575.000000 2.000000 1.380019 1.079861 0.373533
Kb 0.002300 0.000257 580.000000 2.000000 1.380069 1.083947 0.383866
Kb 0.002300 0.000257 585.000000 2.000000 1.380112 1.087798 0.394225
Kb 0.002300 0.000257 590.000000 2.000000 1.380149 1.091427 0.404608
Kb 0.002300 0.000257 595.000000 2.000000 1.380181 1.094846 0.415013
Kb 0.002300 0.000257 600.000000 2.000000 1.380209 1.098068 0.425438
Kb 0.002300 0.000257 605.000000 2.000000 1.380233 1.101103 0.435880
Kb 0.002300 0.000257 610.000000 2.000000 1.380253 1.103962 0.446339
Kb 0.002300 0.000257 615.000000 2.000000 1.380271 1.106656 0.456812
Kb 0.002300 0.000257 620.000000 2.000000 1.380286 1.109193 0.467297
Kb 0.002300 0.000257 625.000000 2.000000 1.380299 1.111584 0.477794
Kb 0.002300 0.000257 630.000000 2.000000 1.380310 1.113836 0.488301
Kb 0.002300 0.000257 635.000000 2.000000 1.380320 1.115957 0.498815
Kb 0.002300 0.000257 640.000000 2.000000 1.380328 1.117955 0.509337
Kb 0.002300 0.000257 645.000000 2.000000 1.380335 1.119838 0.519865
Kb 0.002300 0.000257 650.000000 2.000000 1.380341 1.121611 0.530398
Kb 0.002300 0.000257 655.000000 2.000000 1.380346 1.123280 0.540934
Kb 0.002300 0.000257 660.000000 2.000000 1.380351 1.124853 0.551473
Kb 0.002300 0.000257 665.000000 2.000000 1.380355 1.126335 0.562013
Kb 0.002300 0.000257 670.000000 2.000000 1.380358 1.127730 0.572555
Kb 0.002300 0.000257 675.000000 2.000000 1.380361 1.129045 0.583096
Kb 0.002300 0.000257 680.000000 2.000000 1.380364 1.130282 0.593637
Kb 0.002300 0.000257 685.000000 2.000000 1.380366 1.131448 0.604176
Kb 0.002300 0.000257 690.000000 2.000000 1.380368 1.132547 0.614713
Kb 0.002300 0.000257 695.000000 2.000000 1.380369 1.133581 0.625247
Kb 0.002300 0.000257 700.000000 2.000000 1.380371 1.134555 0.635777
Kb 0.002300 0.000257 705.000000 2.000000 1.380372 1.135472 0.646304
Kb 0.002300 0.000257 710.000000 2.000000 1.380373 1.136336 0.656825
Kb 0.002300 0.000257 715.000000 2.000000 1.380374 1.137150 0.667342
Kb 0.002300 0.000257 720.000000 2.000000 1.380375 1.137917 0.677853
Kb 0.002300 0.000257 725.000000 2.000000 1.380375 1.138639 0.688358
Kb 0.002300 0.000257 730.000000 2.000000 1.380376 1.139318 0.698857
Kb 0.002300 0.000257 735.000000 2.000000 1.380376 1.139959 0.709348
Kb 0.002300 0.000257 740.000000 2.000000 1.380377 1.140562 0.719833
Kb 0.002300 0.000257 745.000000 2.000000 1.380377 1.141130 0.730309
Kb 0.002300 0.000257 750.000000 2.000000 1.380377 1.141665 0.740778
Kb 0.002300 0.000257 755.000000 2.000000 1.380378 1.142168 0.751239
Kb 0.002300 0.000257 760.000000 2.000000 1.380378 1.142643 0.761691
Kb 0.002300 0.000257 765.000000 2.000000 1.380378 1.143089 0.772134
Kb 0.002300 0.000257 770.000000 2.000000 1.380378 1.143510 0.782568
Kb 0.002300 0.000257 775.000000 2.000000 1.380378 1.143907 0.792993
Kb 0.002300 0.000257 780.000000 2.000000 1.380379 1.144280 0.803408
Kb 0.002300 0.000257 785.000000 2.000000 1.380379 1.144631 0.813813
Kb 0.002300 0.000257 790.000000 2.000000 1.380379 1.144962 0.824209
Kb 0.002300 0.000257 795.000000 2.000000 1.380379 1.145274 0.834594
Kb 0.002300 0.000257 800.000000 2.000000 1.380379 1.145568 0.844969
Kb 0.002300 0.000257 805.000000 2.000000 1.380379 1.145844 0.855334
Kb 0.002300 0.000257 810.000000 2.000000 1.380379 1.146104 0.865688
Kb 0.002300 0.000257 815.000000 2.000000 1.380379 1.146350 0.876031
Kb 0.002300 0.000257 820.000000 2.000000 1.380379 1.146581 0.886363
Kb 0.002300 0.000257 825.000000 2.000000 1.380379 1.146798 0.896685
Kb 0.002300 0.000257 830.000000 2.000000 1.380379 1.147003 0.906995
Kb 0.002300 0.000257 835.000000 2.000000 1.380379 1.147196 0.917293
Kb 0.002300 0.000257 840.000000 2.000000 1.380379 1.147378 0.927581
Kb 0.002300 0.000257 845.000000 2.000000 1.380379 1.147549 0.937857
Kb 0.002300 0.000257 850.000000 2.000000 1.380379 1.147710 0.948122
Kb 0.002300 0.000257 855.000000 2.000000 1.380379 1.147862 0.958374
Kb 0.002300 0.000257 860.000000 2.000000 1.380379 1.148005 0.968616
Kb 0.002300 0.000257 865.000000 2.000000 1.380379 1.148139 0.978845
Kb 0.002300 0.000257 870.000000 2.000000 1.380379 1.148266 0.989063
Kb 0.002300 0.000257 875.000000 2.000000 1.380379 1.148385 0.999268
Kb 0.002300 0.000257 880.000000 2.000000 1.380379 1.148498 1.009462
Kb 0.002300 0.000257 885.000000 2.000000 1.380379 1.148604 1.019644
Kb 0.002300 0.000257 890.000000 2.000000 1.380379 1.148703 1.029814
Kb 0.002300 0.000257 895.000000 2.000000 1.380379 1.148797 1.039971
Kb 0.002300 0.000257 900.000000 2.000000 1.380379 1.148886 1.050117
Kb 0.002300 0.000257 905.000000 2.000000 1.380379 1.148969 1.060250
Kb 0.002300 0.000257 910.000000 2.000000 1.380379 1.149047 1.070371
Kb 0.002300 0.000257 915.000000 2.000000 1.380379 1.149121 1.080480
Kb 0.002300 0.000257 920.000000 2.000000 1.380379 1.149191 1.090577
Kb 0.002300 0.000257 925.000000 2.000000 1.380379 1.149256 1.100661
Kb 0.002300 0.000257 930.000000 2.000000 1.380379 1.149318 1.110733
Kb 0.002300 0.000257 935.000000 2.000000 1.380379 1.149376 1.120793
Kb 0.002300 0.000257 940.000000 2.000000 1.380379 1.149431 1.130840
Kb 0.002300 0.000257 945.000000 2.000000 1.380379 1.149482 1.140875
Kb 0.002300 0.000257 950.000000 2.000000 1.380379 1.149531 1.150898
Kb 0.002300 0.000257 955.000000 2.000000 1.380379 1.149577 1.160908
Kb 0.002300 0.000257 960.000000 2.000000 1.380379 1.149620 1.170905
Kb 0.002300 0.000257 965.000000 2.000000 1.380379 1.149660 1.180891
Kb 0.002300 0.000257 970.000000 2.000000 1.380379 1.149698 1.190864
Kb 0.002300 0.000257 975.000000 2.000000 1.380379 1.149734 1.200824
Kb 0.002300 0.000257 980.000000 2.000000 1.380379 1.149768 1.210772
Kb 0.002300 0.000257 985.000000 2.000000 1.380379 1.149800 1.220708
Kb 0.002300 0.000257 990.000000 2.000000 1.380379 1.149830 1.230631
Kb 0.002300 0.000257 995.000000 2.000000 1.380379 1.149858 1.240541
Kb 0.002300 0.000257 1000.000000 2.000000 1.380379 1.149885 1.250440
Kb 0.002300 0.000257 1005.000000 2.000000 1.380379 1.149910 1.260325
Kb 0.002300 0.000257 1010.000000 2.000000 1.380379 1.149934 1.270199
Kb 0.002300 0.000257 1015.000000 2.000000 1.380379 1.149956 1.280060
Kb 0.002300 0.000257 1020.000000 2.000000 1.380379 1.149977 1.289908
Kb 0.002300 0.000257 1025.000000 2.000000 1.380379 1.149997 1.299744
Kb 0.002300 0.000257 1030.000000 2.000000 1.380379 1.150015 1.309567
Kb 0.002300 0.000257 1035.000000 2.000000 1.380379 1.150033 1.319378
Kb 0.002300 0.000257 1040.000000 2.000000 1.380379 1.150049 1.329177
Kb 0.002300 0.000257 1045.000000 2.000000 1.380379 1.150065 1.338963
Kb 0.002300 0.000257 1050.000000 2.000000 1.380379 1.150079 1.348737
Kb 0.002300 0.000257 1055.000000 2.000000 1.380379 1.150093 1.358499
Kb 0.002300 0.000257 1060.000000 2.000000 1.380379 1.150106 1.368248
Kb 0.002300 0.000257 1065.000000 2.000000 1.380379 1.150118 1.377984
Kb 0.002300 0.000257 1070.000000 2.000000 1.380379 1.150130 1.387708
Kb 0.002300 0.000257 1075.000000 2.000000 1.380379 1.150141 1.397420
Kb 0.002300 0.000257 1080.000000 2.000000 1.380379 1.150151 1.407120
Kb 0.002300 0.000257 1085.000000 2.000000 1.380379 1.150161 1.416807
Kb 0.002300 0.000257 1090.000000 2.000000 1.380379 1.150170 1.426482
Kb 0.002300 0.000257 1095.000000 2.000000 1.380379 1.150178 1.436144
Kb 0.002300 0.000257 1100.000000 2.000000 1.380379 1.150186 1.445794
Kb 0.002300 0.000257 1105.000000 2.000000 1.380379 1.150194 1.455432
Kb 0.002300 0.000257 1110.000000 2.000000 1.380379 1.150201 1.465057
Kb 0.002300 0.000257 1115.000000 2.000000 1.380379 1.150208 1.474671
Kb 0.002300 0.000257 1120.000000 2.000000 1.380379 1.150214 1.484272
Kb 0.002300 0.000257 1125.000000 2.000000 1.380379 1.150220 1.493860
Kb 0.002300 0.000257 1130.000000 2.000000 1.380379 1.150225 1.503437
Kb 0.002300 0.000257 1135.000000 2.000000 1.380379 1.150231 1.513001
Kb 0.002300 0.000257 1140.000000 2.000000 1.380379 1.150236 1.522553
Kb 0.002300 0.000257 1145.000000 2.000000 1.380379 1.150240 1.532092
Kb 0.002300 0.000257 1150.000000 2.000000 1.380379 1.150245 1.541620
Kb 0.002300 0.000257 1155.000000 2.000000 1.380379 1.150249 1.551135
Kb 0.002300 0.000257 1160.000000 2.000000 1.380379 1.150253 1.560638
Kb 0.002300 0.000257 1165.000000 2.000000 1.380379 1.150256 1.570129
Kb 0.002300 0.000257 1170.000000 2.000000 1.380379 1.150260 1.579608
Kb 0.002300 0.000257 1175.000000 2.000000 1.380379 1.150263 1.589075
Kb 0.002300 0.000257 1180.000000 2.000000 1.380379 1.150266 1.598529
Kb 0.002300 0.000257 1185.000000 2.000000 1.380379 1.150269 1.607972
Kb 0.002300 0.000257 1190.000000 2.000000 1.380379 1.150272 1.617402
Kb 0.002300 0.000257 1195.000000 2.000000 1.380379 1.150274 1.626820
Kb 0.002300 0.000257 1200.000000 2.000000 1.380379 1.150277 1.636226
Kb 0.002300 0.000257 1205.000000 2.000000 1.380379 1.150279 1.645621
Kb 0.002300 0.000257 1210.000000 2.000000 1.380379 1.150281 1.655003
Kb 0.002300 0.000257 1215.000000 2.000000 1.380379 1.150283 1.664373
Kb 0.002300 0.000257 1220.000000 2.000000 1.380379 1.150285 1.673731
Kb 0.002300 0.000257 1225.000000 2.000000 1.380379 1.150287 1.683077
Kb 0.002300 0.000257 1230.000000 2.000000 1.380379 1.150289 1.692411
Kb 0.002300 0.000257 1235.000000 2.000000 1.380379 1.150290 1.701733
Kb 0.002300 0.000257 1240.000000 2.000000 1.380379 1.150292 1.711043
Kb 0.002300 0.000257 1245.000000 2.000000 1.380379 1.150293 1.720341
Kb 0.002300 0.000257 1250.000000 2.000000 1.380379 1.150294 1.729627
Kb 0.002300 0.000257 1255.000000 2.000000 1.380379 1.150296 1.738902
Kb 0.002300 0.000257 1260.000000 2.000000 1.380379 1.150297 1.748164
Kb 0.002300 0.000257 1265.000000 2.000000 1.380379 1.150298 1.757415
Kb 0.002300 0.000257 1270.000000 2.000000 1.380379 1.150299 1.766654
Kb 0.002300 0.000257 1275.000000 2.000000 1.380379 1.150300 1.775880
Kb 0.002300 0.000257 1280.000000 2.000000 1.380379 1.150301 1.785095
Kb 0.002300 0.000257 1285.000000 2.000000 1.380379 1.150302 1.794298
Kb 0.002300 0.000257 1290.000000 2.000000 1.380379 1.150303 1.803490
Kb 0.002300 0.000257 1295.000000 2.000000 1.380379 1.150303 1.812669
Kb 0.002300 0.000257 1300.000000 2.000000 1.380379 1.150304 1.821837
Kb 0.002300 0.000257 1305.000000 2.000000 1.380379 1.150305 1.830993
Kb 0.002300 0.000257 1310.000000 2.000000 1.380379 1.150305 1.840137
Kb 0.002300 0.000257 1315.000000 2.000000 1.380379 1.150306 1.849270
Kb 0.002300 0.000257 1320.000000 2.000000 1.380379 1.150307 1.858391
Kb 0.002300 0.000257 1325.000000 2.000000 1.380379 1.150307 1.867500
Kb 0.002300 0.000257 1330.000000 2.000000 1.380379 1.150308 1.876597
Kb 0.002300 0.000257 1335.000000 2.000000 1.380379 1.150308 1.885683
Kb 0.002300 0.000257 1340.000000 2.000000 1.380379 1.150309 1.894757
Kb 0.002300 0.000257 1345.000000 2.000000 1.380379 1.150309 1.903820
Kb 0.002300 0.000257 1350.000000 2.000000 1.380379 1.150309 1.912870
Kb 0.002300 0.000257 1355.000000 2.000000 1.380379 1.150310 1.921910
Kb 0.002300 0.000257 1360.000000 2.000000 1.380379 1.150310 1.930937
Kb 0.002300 0.000257 1365.000000 2.000000 1.380379 1.150310 1.939953
Kb 0.002300 0.000257 1370.000000 2.000000 1.380379 1.150311 1.948957
Kb 0.002300 0.000257 1375.000000 2.000000 1.380379 1.150311 1.957950
Kb 0.002300 0.000257 1380.000000 2.000000 1.380379 1.150311 1.966932
Kb 0.002300 0.000257 1385.000000 2.000000 1.380379 1.150311 1.975901
Kb 0.002300 0.000257 1390.000000 2.000000 1.380379 1.150311 1.984860
Kb 0.002300 0.000257 1395.000000 2.000000 1.380379 1.150312 1.993806
Kb 0.002300 0.000257 1400.000000 2.000000 1.380379 1.150312 2.002742
Kb 0.002300 0.000257 1405.000000 2.000000 1.380379 1.150312 2.011665
Kb 0.002300 0.000257 1410.000000 2.000000 1.380379 1.150312 2.020578
Kb 0.002300 0.000257 1415.000000 2.000000 1.380379 1.150312 2.029479
Kb 0.002300 0.000257 1420.000000 2.000000 1.380379 1.150312 2.038368
Kb 0.002300 0.000257 1425.000000 2.000000 1.380379 1.150313 2.047246
Kb 0.002300 0.000257 1430.000000 2.000000 1.380379 1.150313 2.056113
Kb 0.002300 0.000257 1435.000000 2.000000 1.380379 1.150313 2.064968
Kb 0.002300 0.000257 1440.000000 2.000000 1.380379 1.150313 2.073812
Kb 0.002300 0.000257 1445.000000 2.000000 1.380379 1.150313 2.082644
Kb 0.002300 0.000257 1450.000000 2.000000 1.380379 1.150313 2.091466
Kb 0.002300 0.000257 1455.000000 2.000000 1.380379 1.150313 2.100275
Kb 0.002300 0.000257 1460.000000 2.000000 1.380379 1.150314 2.109074
Kb 0.002300 0.000257 1465.000000 2.000000 1.380379 1.150314 2.117861
Kb 0.002300 0.000257 1470.000000 2.000000 1.380379 1.150314 2.126637
Kb 0.002300 0.000257 1475.000000 2.000000 1.380379 1.150314 2.135402
Kb 0.002300 0.000257 1480.000000 2.000000 1.380379 1.150314 2.144155
Kb 0.002300 0.000257 1485.000000 2.000000 1.380379 1.150314 2.152897
Kb 0.002300 0.000257 1490.000000 2.000000 1.380379 1.150314 2.161628
Kb 0.002300 0.000257 1495.000000 2.000000 1.380379 1.150315 2.170348
Kb 0.002300 0.000257 1500.000000 2.000000 1.380379 1.150315 2.179057
Kb 0.002300 0.000257 1505.000000 2.000000 1.380379 1.150315 2.187754
Kb 0.002300 0.000257 1510.000000 2.000000 1.380379 1.150315 2.196440
Kb 0.002300 0.000257 1515.000000 2.000000 1.380379 1.150315 2.205115
Kb 0.002300 0.000257 1520.000000 2.000000 1.380379 1.150315 2.213779
Kb 0.002300 0.000257 1525.000000 2.000000 1.380379 1.150315 2.222432
Kb 0.002300 0.000257 1530.000000 2.000000 1.380379 1.150315 2.231074
Kb 0.002300 0.000257 1535.000000 2.000000 1.380379 1.150315 2.239704
Kb 0.002300 0.000257 1540.000000 2.000000 1.380379 1.150315 2.248324
Kb 0.002300 0.000257 1545.000000 2.000000 1.380379 1.150315 2.256932
Kb 0.002300 0.000257 1550.000000 2.000000 1.380379 1.150315 2.265529
Kb 0.002300 0.000257 1555.000000 2.000000 1.380379 1.150315 2.274116
Kb 0.002300 0.000257 1560.000000 2.000000 1.380379 1.150316 2.282691
Kb 0.002300 0.000257 1565.000000 2.000000 1.380379 1.150316 2.291255
Kb 0.002300 0.000257 1570.000000 2.000000 1.380379 1.150316 2.299809
Kb 0.002300 0.000257 1575.000000 2.000000 1.380379 1.150316 2.308351
Kb 0.002300 0.000257 1580.000000 2.000000 1.380379 1.150316 2.316882
Kb 0.002300 0.000257 1585.000000 2.000000 1.380379 1.150316 2.325403
Kb 0.002300 0.000257 1590.000000 2.000000 1.380379 1.150316 2.333912
Kb 0.002300 0.000257 1595.000000 2.000000 1.380379 1.150316 2.342411
Kb 0.002300 0.000257 1600.000000 2.000000 1.380379 1.150316 2.350898
Kb 0.002300 0.000257 1605.000000 2.000000 1.380379 1.150316 2.359375
Kb 0.002300 0.000257 1610.000000 2.000000 1.380379 1.150316 2.367841
Kb 0.002300 0.000257 1615.000000 2.000000 1.380379 1.150316 2.376296
Kb 0.002300 0.000257 1620.000000 2.000000 1.380379 1.150316 2.384740
Kb 0.002300 0.000257 1625.000000 2.000000 1.380379 1.150316 2.393173
Kb 0.002300 0.000257 1630.000000 2.000000 1.380379 1.150316 2.401595
Kb 0.002300 0.000257 1635.000000 2.000000 1.380379 1.150316 2.410007
Kb 0.002300 0.000257 1640.000000 2.000000 1.380379 1.150316 2.418408
Kb 0.002300 0.000257 1645.000000 2.000000 1.380379 1.150315 2.426798
Kb 0.002300 0.000257 1650.000000 2.000000 1.380379 1.150315 2.435177
Kb 0.002300 0.000257 1655.000000 2.000000 1.380379 1.150315 2.443546
Kb 0.002300 0.000257 1660.000000 2.000000 1.380379 1.150315 2.451903
Kb 0.002300 0.000257 1665.000000 2.000000 1.380379 1.150315 2.460250
Kb 0.002300 0.000257 1670.000000 2.000000 1.380379 1.150315 2.468586
Kb 0.002300 0.000257 1675.000000 2.000000 1.380379 1.150315 2.476912
Kb 0.002300 0.000257 1680.000000 2.000000 1.380379 1.150315 2.485227
Kb 0.002300 0.000257 1685.000000 2.000000 1.380379 1.150315 2.493531
Kb 0.002300 0.000257 1690.000000 2.000000 1.380379 1.150315 2.501825
Kb 0.002300 0.000257 1695.000000 2.000000 1.380379 1.150315 2.510108
Kb 0.002300 0.000257 1700.000000 2.000000 1.380379 1.150315 2.518380
Kb 0.002300 0.000257 1705.000000 2.000000 1.380379 1.150315 2.526641
Kb 0.002300 0.000257 1710.000000 2.000000 1.380379 1.150316 2.534892
Kb 0.002300 0.000257 1715.000000 2.000000 1.380379 1.150316 2.543133
Kb 0.002300 0.000257 1720.000000 2.000000 1.380379 1.150316 2.551363
Kb 0.002300 0.000257 1725.000000 2.000000 1.380379 1.150316 2.559582
Kb 0.002300 0.000257 1730.000000 2.000000 1.380379 1.150316 2.567791
Kb 0.002300 0.000257 1735.000000 2.000000 1.380379 1.150316 2.575989
Kb 0.002300 0.000257 1740.000000 2.000000 1.380379 1.150316 2.584176
Kb 0.002300 0.000257 1745.000000 2.000000 1.380379 1.150316 2.592353
Kb 0.002300 0.000257 1750.000000 2.000000 1.380379 1.150316 2.600520
Kb 0.002300 0.000257 1755.000000 2.000000 1.380379 1.150316 2.608676
Kb 0.002300 0.000257 1760.000000 2.000000 1.380379 1.150316 2.616822
Kb 0.002300 0.000257 1765.000000 2.000000 1.380379 1.150316 2.624957
Kb 0.002300 0.000257 1770.000000 2.000000 1.380379 1.150316 2.633082
Kb 0.002300 0.000257 1775.000000 2.000000 1.380379 1.150316 2.641196
Kb 0.002300 0.000257 1780.000000 2.000000 1.380379 1.150316 2.649300
Kb 0.002300 0.000257 1785.000000 2.000000 1.380379 1.150316 2.657393
Kb 0.002300 0.000257 1790.000000 2.000000 1.380379 1.150316 2.665477
Kb 0.002300 0.000257 1795.000000 2.000000 1.380379 1.150316 2.673549
Kb 0.002300 0.000257 1800.000000 2.000000 1.380379 1.150316 2.681612
Kb 0.002300 0.000257 1805.000000 2.000000 1.380379 1.150316 2.689664
Kb 0.002300 0.000257 1810.000000 2.000000 1.380379 1.150316 2.697705
Kb 0.002300 0.000257 1815.000000 2.000000 1.380379 1.150316 2.705737
Kb 0.002300 0.000257 1820.000000 2.000000 1.380379 1.150316 2.713758
Kb 0.002300 0.000257 1825.000000 2.000000 1.380379 1.150316 2.721768
Kb 0.002300 0.000257 1830.000000 2.000000 1.380379 1.150316 2.729769
Kb 0.002300 0.000257 1835.000000 2.000000 1.380379 1.150316 2.737759
Kb 0.002300 0.000257 1840.000000 2.000000 1.380379 1.150316 2.745739
Kb 0.002300 0.000257 1845.000000 2.000000 1.380379 1.150316 2.753708
Kb 0.002300 0.000257 1850.000000 2.000000 1.380379 1.150316 2.761668
Kb 0.002300 0.000257 1855.000000 2.000000 1.380379 1.150316 2.769617
Kb 0.002300 0.000257 1860.000000 2.000000 1.380379 1.150316 2.777556
Kb 0.002300 0.000257 1865.000000 2.000000 1.380379 1.150316 2.785485
Kb 0.002300 0.000257 1870.000000 2.000000 1.380379 1.150316 2.793403
Kb 0.002300 0.000257 1875.000000 2.000000 1.380379 1.150316 2.801312
Kb 0.002300 0.000257 1880.000000 2.000000 1.380379 1.150316 2.809210
Kb 0.002300 0.000257 1885.000000 2.000000 1.380379 1.150316 2.817098
Kb 0.002300 0.000257 1890.000000 2.000000 1.380379 1.150316 2.824976
Kb 0.002300 0.000257 1895.000000 2.000000 1.380379 1.150316 2.832844
Kb 0.002300 0.000257 1900.000000 2.000000 1.380379 1.150316 2.840702
Kb 0.002300 0.000257 1905.000000 2.000000 1.380379 1.150316 2.848549
Kb 0.002300 0.000257 1910.000000 2.000000 1.380379 1.150316 2.856387
Kb 0.002300 0.000257 1915.000000 2.000000 1.380379 1.150316 2.864215
Kb 0.002300 0.000257 1920.000000 2.000000 1.380379 1.150316 2.872032
Kb 0.002300 0.000257 1925.000000 2.000000 1.380379 1.150316 2.879839
Kb 0.002300 0.000257 1930.000000 2.000000 1.380379 1.150316 2.887637
Kb 0.002300 0.000257 1935.000000 2.000000 1.380379 1.150316 2.895424
Kb 0.002300 0.000257 1940.000000 2.000000 1.380379 1.150316 2.903202
Kb 0.002300 0.000257 1945.000000 2.000000 1.380379 1.150316 2.910969
Kb 0.002300 0.000257 1950.000000 2.000000 1.380379 1.150316 2.918727
Kb 0.002300 0.000257 1955.000000 2.000000 1.380379 1.150316 2.926474
Kb 0.002300 0.000257 1960.000000 2.000000 1.380379 1.150316 2.934212
Kb 0.002300 0.000257 1965.000000 2.000000 1.380379 1.150316 2.941939
Kb 0.002300 0.000257 1970.000000 2.000000 1.380379 1.150316 2.949657
Kb 0.002300 0.000257 1975.000000 2.000000 1.380379 1.150316 2.957365
Kb 0.002300 0.000257 1980.000000 2.000000 1.380379 1.150316 2.965063
Kb 0.002300 0.000257 1985.000000 2.000000 1.380379 1.150316 2.972751
Kb 0.002300 0.000257 1990.000000 2.000000 1.380379 1.150316 2.980429
Kb 0.002300 0.000257 1995.000000 2.000000 1.380379 1.150316 2.988097
Kb 0.002300 0.000257 2000.000000 2.000000 1.380379 1.150316 2.995755
Kb 0.002300 0.000257 2005.000000 2.000000 1.380379 1.150316 3.003404
Kb 0.002300 0.000257 2010.000000 2.000000 1.380379 1.150316 3.011043
Kb 0.002300 0.000257 2015.000000 2.000000 1.380379 1.150316 3.018672
Kb 0.002300 0.000257 2020.000000 2.000000 1.380379 1.150316 3.026291
Kb 0.002300 0.000257 2025.000000 2.000000 1.380379 1.150316 3.033900
Kb 0.002300 0.000257 2030.000000 2.000000 1.380379 1.150316 3.041500
Kb 0.002300 0.000257 2035.000000 2.000000 1.380379 1.150316 3.049089
Kb 0.002300 0.000257 2040.000000 2.000000 1.380379 1.150316 3.056669
Kb 0.002300 0.000257 2045.000000 2.000000 1.380379 1.150316 3.064240
Kb 0.002300 0.000257 2050.000000 2.000000 1.380379 1.150316 3.071800
Kb 0.002300 0.000257 2055.000000 2.000000 1.380379 1.150316 3.079351
Kb 0.002300 0.000257 2060.000000 2.000000 1.380379 1.150316 3.086893
Kb 0.002300 0.000257 2065.000000 2.000000 1.380379 1.150316 3.094424
Kb 0.002300 0.000257 2070.000000 2.000000 1.380379 1.150316 3.101946
Kb 0.002300 0.000257 2075.000000 2.000000 1.380379 1.150316 3.109458
Kb 0.002300 0.000257 2080.000000 2.000000 1.380379 1.150316 3.116961
Kb 0.002300 0.000257 2085.000000 2.000000 1.380379 1.150316 3.124454
Kb 0.002300 0.000257 2090.000000 2.000000 1.380379 1.150316 3.131937
Kb 0.002300 0.000257 2095.000000 2.000000 1.380379 1.150316 3.139410
Kb 0.002300 0.000257 2100.000000 2.000000 1.380379 1.150316 3.146875
Kb 0.002300 0.000257 2105.000000 2.000000 1.380379 1.150316 3.154329
Kb 0.002300 0.000257 2110.000000 2.000000 1.380379 1.150316 3.161774
Kb 0.002300 0.000257 2115.000000 2.000000 1.380379 1.150316 3.169209
Kb 0.002300 0.000257 2120.000000 2.000000 1.380379 1.150316 3.176635
Kb 0.002300 0.000257 2125.000000 2.000000 1.380379 1.150316 3.184051
Kb 0.002300 0.000257 2130.000000 2.000000 1.380379 1.150316 3.191458
Kb 0.002300 0.000257 2135.000000 2.000000 1.380379 1.150316 3.198855
Kb 0.002300 0.000257 2140.000000 2.000000 1.380379 1.150316 3.206243
Kb 0.002300 0.000257 2145.000000 2.000000 1.380379 1.150316 3.213621
Kb 0.002300 0.000257 2150.000000 2.000000 1.380379 1.150316 3.220990
Kb 0.002300 0.000257 2155.000000 2.000000 1.380379 1.150316 3.228349
Kb 0.002300 0.000257 2160.000000 2.000000 1.380379 1.150316 3.235699
Kb 0.002300 0.000257 2165.000000 2.000000 1.380379 1.150316 3.243040
Kb 0.002300 0.000257 2170.000000 2.000000 1.380379 1.150316 3.250371
Kb 0.002300 0.000257 2175.000000 2.000000 1.380379 1.150316 3.257692
Kb 0.002300 0.000257 2180.000000 2.000000 1.380379 1.150316 3.265004
Kb 0.002300 0.000257 2185.000000 2.000000 1.380379 1.150316 3.272307
Kb 0.002300 0.000257 2190.000000 2.000000 1.380379 1.150316 3.279601
Kb 0.002300 0.000257 2195.000000 2.000000 1.380379 1.150316 3.286885
Kb 0.002300 0.000257 2200.000000 2.000000 1.380379 1.150316 3.294159
Kb 0.002300 0.000257 2205.000000 2.000000 1.380379 1.150316 3.301425
Kb 0.002300 0.000257 2210.000000 2.000000 1.380379 1.150316 3.308681
Kb 0.002300 0.000257 2215.000000 2.000000 1.380379 1.150316 3.315927
Kb 0.002300 0.000257 2220.000000 2.000000 1.380379 1.150316 3.323165
Kb 0.002300 0.000257 2225.000000 2.000000 1.380379 1.150316 3.330393
Kb 0.002300 0.000257 2230.000000 2.000000 1.380379 1.150316 3.337612
Kb 0.002300 0.000257 2235.000000 2.000000 1.380379 1.150316 3.344821
Kb 0.002300 0.000257 2240.000000 2.000000 1.380379 1.150316 3.352022
Kb 0.002300 0.000257 2245.000000 2.000000 1.380379 1.150316 3.359213
Kb 0.002300 0.000257 2250.000000 2.000000 1.380379 1.150316 3.366394
Kb 0.002300 0.000257 2255.000000 2.000000 1.380379 1.150316 3.373567
Kb 0.002300 0.000257 2260.000000 2.000000 1.380379 1.150316 3.380730
Kb 0.002300 0.000257 2265.000000 2.000000 1.380379 1.150316 3.387885
Kb 0.002300 0.000257 2270.000000 2.000000 1.380379 1.150316 3.395030
Kb 0.002300 0.000257 2275.000000 2.000000 1.380379 1.150316 3.402165
Kb 0.002300 0.000257 2280.000000 2.000000 1.380379 1.150316 3.409292
Kb 0.002300 0.000257 2285.000000 2.000000 1.380379 1.150316 3.416409
Kb 0.002300 0.000257 2290.000000 2.000000 1.380379 1.150316 3.423518
Kb 0.002300 0.000257 2295.000000 2.000000 1.380379 1.150316 3.430617
Kb 0.002300 0.000257 2300.000000 2.000000 1.380379 1.150316 3.437707
Kb 0.002300 0.000257 2305.000000 2.000000 1.380379 1.150316 3.444788
Kb 0.002300 0.000257 2310.000000 2.000000 1.380379 1.150316 3.451860
Kb 0.002300 0.000257 2315.000000 2.000000 1.380379 1.150316 3.458923
Kb 0.002300 0.000257 2320.000000 2.000000 1.380379 1.150316 3.465977
Kb 0.002300 0.000257 2325.000000 2.000000 1.380379 1.150316 3.473021
Kb 0.002300 0.000257 2330.000000 2.000000 1.380379 1.150316 3.480057
Kb 0.002300 0.000257 2335.000000 2.000000 1.380379 1.150316 3.487084
Kb 0.002300 0.000257 2340.000000 2.000000 1.380379 1.150316 3.494101
Kb 0.002300 0.000257 2345.000000 2.000000 1.380379 1.150316 3.501110
Kb 0.002300 0.000257 2350.000000 2.000000 1.380379 1.150316 3.508109
Kb 0.002300 0.000257 2355.000000 2.000000 1.380379 1.150316 3.515100
Kb 0.002300 0.000257 2360.000000 2.000000 1.380379 1.150316 3.522082
Kb 0.002300 0.000257 2365.000000 2.000000 1.380379 1.150316 3.529054
Kb 0.002300 0.000257 2370.000000 2.000000 1.380379 1.150316 3.536018
Kb 0.002300 0.000257 2375.000000 2.000000 1.380379 1.150316 3.542973
Kb 0.002300 0.000257 2380.000000 2.000000 1.380379 1.150316 3.549918
Kb 0.002300 0.000257 2385.000000 2.000000 1.380379 1.150316 3.556855
Kb 0.002300 0.000257 2390.000000 2.000000 1.380379 1.150316 3.563783
Kb 0.002300 0.000257 2395.000000 2.000000 1.380379 1.150316 3.570702
Kb 0.002300 0.000257 2400.000000 2.000000 1.380379 1.150316 3.577613
Kb 0.002300 0.000257 2405.000000 2.000000 1.380379 1.150316 3.584514
Kb 0.002300 0.000257 2410.000000 2.000000 1.380379 1.150316 3.591406
Kb 0.002300 0.000257 2415.000000 2.000000 1.380379 1.150316 3.598290
Kb 0.002300 0.000257 2420.000000 2.000000 1.380379 1.150316 3.605165
Kb 0.002300 0.000257 2425.000000 2.000000 1.380379 1.150316 3.612031
Kb 0.002300 0.000257 2430.000000 2.000000 1.380379 1.150316 3.618888
Kb 0.002300 0.000257 2435.000000 2.000000 1.380379 1.150316 3.625736
Kb 0.002300 0.000257 2440.000000 2.000000 1.380379 1.150316 3.632576
Kb 0.002300 0.000257 2445.000000 2.000000 1.380379 1.150316 3.639406
Kb 0.002300 0.000257 2450.000000 2.000000 1.380379 1.150316 3.646228
Kb 0.002300 0.000257 2455.000000 2.000000 1.380379 1.150316 3.653042
Kb 0.002300 0.000257 2460.000000 2.000000 1.380379 1.150316 3.659846
Kb 0.002300 0.000257 2465.000000 2.000000 1.380379 1.150316 3.666642
Kb 0.002300 0.000257 2470.000000 2.000000 1.380379 1.150316 3.673429
Kb 0.002300 0.000257 2475.000000 2.000000 1.380379 1.150316 3.680207
Kb 0.002300 0.000257 2480.000000 2.000000 1.380379 1.150316 3.686977
Kb 0.002300 0.000257 2485.000000 2.000000 1.380379 1.150316 3.693738
Kb 0.002300 0.000257 2490.000000 2.000000 1.380379 1.150316 3.700490
Kb 0.002300 0.000257 2495.000000 2.000000 1.380379 1.150316 3.707233
Kb 0.002300 0.000257 2500.000000 2.000000 1.380379 1.150316 3.713968
Kb 0.002300 0.000257 2505.000000 2.000000 1.380379 1.150316 3.720694
Kb 0.002300 0.000257 2510.000000 2.000000 1.380379 1.150316 3.727412
Kb 0.002300 0.000257 2515.000000 2.000000 1.380379 1.150316 3.734121
Kb 0.002300 0.000257 2520.000000 2.000000 1.380379 1.150316 3.740821
Kb 0.002300 0.000257 2525.000000 2.000000 1.380379 1.150316 3.747513
Kb 0.002300 0.000257 2530.000000 2.000000 1.380379 1.150316 3.754196
Kb 0.002300 0.000257 2535.000000 2.000000 1.380379 1.150316 3.760871
Kb 0.002300 0.000257 2540.000000 2.000000 1.380379 1.150316 3.767537
Kb 0.002300 0.000257 2545.000000 2.000000 1.380379 1.150316 3.774194
Kb 0.002300 0.000257 2550.000000 2.000000 1.380379 1.150316 3.780843
Kb 0.002300 0.000257 2555.000000 2.000000 1.380379 1.150316 3.787483
Kb 0.002300 0.000257 2560.000000 2.000000 1.380379 1.150316 3.794115
Kb 0.002300 0.000257 2565.000000 2.000000 1.380379 1.150316 3.800738
Kb 0.002300 0.000257 2570.000000 2.000000 1.380379 1.150316 3.807353
Kb 0.002300 0.000257 2575.000000 2.000000 1.380379 1.150316 3.813959
Kb 0.002300 0.000257 2580.000000 2.000000 1.380379 1.150316 3.820557
Kb 0.002300 0.000257 2585.000000 2.000000 1.380379 1.150316 3.827147
Kb 0.002300 0.000257 2590.000000 2.000000 1.380379 1.150316 3.833727
Kb 0.002300 0.000257 2595.000000 2.000000 1.380379 1.150316 3.840300
Kb 0.002300 0.000257 2600.000000 2.000000 1.380379 1.150316 3.846864
Kb 0.002300 0.000257 2605.000000 2.000000 1.380379 1.150316 3.853419
Kb 0.002300 0.000257 2610.000000 2.000000 1.380379 1.150316 3.859966
Kb 0.002300 0.000257 2615.000000 2.000000 1.380379 1.150316 3.866505
Kb 0.002300 0.000257 2620.000000 2.000000 1.380379 1.150316 3.873036
Kb 0.002300 0.000257 2625.000000 2.000000 1.380379 1.150316 3.879557
Kb 0.002300 0.000257 2630.000000 2.000000 1.380379 1.150316 3.886071
Kb 0.002300 0.000257 2635.000000 2.000000 1.380379 1.150316 3.892576
Kb 0.002300 0.000257 2640.000000 2.000000 1.380379 1.150316 3.899073
Kb 0.002300 0.000257 2645.000000 2.000000 1.380379 1.150316 3.905562
Kb 0.002300 0.000257 2650.000000 2.000000 1.380379 1.150316 3.912042
Kb 0.002300 0.000257 2655.000000 2.000000 1.380379 1.150316 3.918514
Kb 0.002300 0.000257 2660.000000 2.000000 1.380379 1.150316 3.924977
Kb 0.002300 0.000257 2665.000000 2.000000 1.380379 1.150316 3.931432
Kb 0.002300 0.000257 2670.000000 2.000000 1.380379 1.150316 3.937879
Kb 0.002300 0.000257 2675.000000 2.000000 1.380379 1.150316 3.944318
Kb 0.002300 0.000257 2680.000000 2.000000 1.380379 1.150316 3.950748
Kb 0.002300 0.000257 2685.000000 2.000000 1.380379 1.150316 3.957170
Kb 0.002300 0.000257 2690.000000 2.000000 1.380379 1.150316 3.963584
Kb 0.002300 0.000257 2695.000000 2.000000 1.380379 1.150316 3.969990
Kb 0.002300 0.000257 2700.000000 2.000000 1.380379 1.150316 3.976387
Kb 0.002300 0.000257 2705.000000 2.000000 1.380379 1.150316 3.982777
Kb 0.002300 0.000257 2710.000000 2.000000 1.380379 1.150316 3.989158
Kb 0.002300 0.000257 2715.000000 2.000000 1.380379 1.150316 3.995531
Kb 0.002300 0.000257 2720.000000 2.000000 1.380379 1.150316 4.001895
Kb 0.002300 0.000257 2725.000000 2.000000 1.380379 1.150316 4.008252
Kb 0.002300 0.000257 2730.000000 2.000000 1.380379 1.150316 4.014600
Kb 0.002300 0.000257 2735.000000 2.000000 1.380379 1.150316 4.020940
Kb 0.002300 0.000257 2740.000000 2.000000 1.380379 1.150316 4.027272
Kb 0.002300 0.000257 2745.000000 2.000000 1.380379 1.150316 4.033596
Kb 0.002300 0.000257 2750.000000 2.000000 1.380379 1.150316 4.039912
Kb 0.002300 0.000257 2755.000000 2.000000 1.380379 1.150316 4.046219
Kb 0.002300 0.000257 2760.000000 2.000000 1.380379 1.150316 4.052519
Kb 0.002300 0.000257 2765.000000 2.000000 1.380379 1.150316 4.058810
Kb 0.002300 0.000257 2770.000000 2.000000 1.380379 1.150316 4.065094
Kb 0.002300 0.000257 2775.000000 2.000000 1.380379 1.150316 4.071369
Kb 0.002300 0.000257 2780.000000 2.000000 1.380379 1.150316 4.077636
Kb 0.002300 0.000257 2785.000000 2.000000 1.380379 1.150316 4.083895
Kb 0.002300 0.000257 2790.000000 2.000000 1.380379 1.150316 4.090147
Kb 0.002300 0.000257 2795.000000 2.000000 1.380379 1.150316 4.096390
Kb 0.002300 0.000257 2800.000000 2.000000 1.380379 1.150316 4.102625
Kb 0.002300 0.000257 2805.000000 2.000000 1.380379 1.150316 4.108852
Kb 0.002300 0.000257 2810.000000 2.000000 1.380379 1.150316 4.115071
Kb 0.002300 0.000257 2815.000000 2.000000 1.380379 1.150316 4.121282
Kb 0.002300 0.000257 2820.000000 2.000000 1.380379 1.150316 4.127485
Kb 0.002300 0.000257 2825.000000 2.000000 1.380379 1.150316 4.133680
Kb 0.002300 0.000257 2830.000000 2.000000 1.380379 1.150316 4.139868
Kb 0.002300 0.000257 2835.000000 2.000000 1.380379 1.150316 4.146047
Kb 0.002300 0.000257 2840.000000 2.000000 1.380379 1.150316 4.152218
Kb 0.002300 0.000257 2845.000000 2.000000 1.380379 1.150316 4.158382
Kb 0.002300 0.000257 2850.000000 2.000000 1.380379 1.150316 4.164537
Kb 0.002300 0.000257 2855.000000 2.000000 1.380379 1.150316 4.170685
Kb 0.002300 0.000257 2860.000000 2.000000 1.380379 1.150316 4.176824
Kb 0.002300 0.000257 2865.000000 2.000000 1.380379 1.150316 4.182956
Kb 0.002300 0.000257 2870.000000 2.000000 1.380379 1.150316 4.189080
Kb 0.002300 0.000257 2875.000000 2.000000 1.380379 1.150316 4.195196
Kb 0.002300 0.000257 2880.000000 2.000000 1.380379 1.150316 4.201304
Kb 0.002300 0.000257 2885.000000 2.000000 1.380379 1.150316 4.207405
Kb 0.002300 0.000257 2890.000000 2.000000 1.380379 1.150316 4.213497
Kb 0.002300 0.000257 2895.000000 2.000000 1.380379 1.150316 4.219582
Kb 0.002300 0.000257 2900.000000 2.000000 1.380379 1.150316 4.225659
Kb 0.002300 0.000257 2905.000000 2.000000 1.380379 1.150316 4.231728
Kb 0.002300 0.000257 2910.000000 2.000000 1.380379 1.150316 4.237789
Kb 0.002300 0.000257 2915.000000 2.000000 1.380379 1.150316 4.243843
Kb 0.002300 0.000257 2920.000000 2.000000 1.380379 1.150316 4.249889
Kb 0.002300 0.000257 2925.000000 2.000000 1.380379 1.150316 4.255927
Kb 0.002300 0.000257 2930.000000 2.000000 1.380379 1.150316 4.261957
Kb 0.002300 0.000257 2935.000000 2.000000 1.380379 1.150316 4.267979
Kb 0.002300 0.000257 2940.000000 2.000000 1.380379 1.150316 4.273994
Kb 0.002300 0.000257 2945.000000 2.000000 1.380379 1.150316 4.280001
Kb 0.002300 0.000257 2950.000000 2.000000 1.380379 1.150316 4.286000
Kb 0.002300 0.000257 2955.000000 2.000000 1.380379 1.150316 4.291992
Kb 0.002300 0.000257 2960.000000 2.000000 1.380379 1.150316 4.297976
Kb 0.002300 0.000257 2965.000000 2.000000 1.380379 1.150316 4.303952
Kb 0.002300 0.000257 2970.000000 2.000000 1.380379 1.150316 4.309921
Kb 0.002300 0.000257 2975.000000 2.000000 1.380379 1.150316 4.315881
Kb 0.002300 0.000257 2980.000000 2.000000 1.380379 1.150316 4.321835
Kb 0.002300 0.000257 2985.000000 2.000000 1.380379 1.150316 4.327780
Kb 0.002300 0.000257 2990.000000 2.000000 1.380379 1.150316 4.333718
Kb 0.002300 0.000257 2995.000000 2.000000 1.380379 1.150316 4.339649
Kb 0.002300 0.000257 3000.000000 2.000000 1.380379 1.150316 4.345571
Kb 0.002300 0.000257 3005.000000 2.000000 1.380379 1.150316 4.351486
Kb 0.002300 0.000257 3010.000000 2.000000 1.380379 1.150316 4.357394
Kb 0.002300 0.000257 3015.000000 2.000000 1.380379 1.150316 4.363294
Kb 0.002300 0.000257 3020.000000 2.000000 1.380379 1.150316 4.369186
Kb 0.002300 0.000257 3025.000000 2.000000 1.380379 1.150316 4.375071
Kb 0.002300 0.000257 3030.000000 2.000000 1.380379 1.150316 4.380948
Kb 0.002300 0.000257 3035.000000 2.000000 1.380379 1.150316 4.386818
Kb 0.002300 0.000257 3040.000000 2.000000 1.380379 1.150316 4.392680
Kb 0.002300 0.000257 3045.000000 2.000000 1.380379 1.150316 4.398535
Kb 0.002300 0.000257 3050.000000 2.000000 1.380379 1.150316 4.404382
Kb 0.002300 0.000257 3055.000000 2.000000 1.380379 1.150316 4.410221
Kb 0.002300 0.000257 3060.000000 2.000000 1.380379 1.150316 4.416053
Kb 0.002300 0.000257 3065.000000 2.000000 1.380379 1.150316 4.421878
Kb 0.002300 0.000257 3070.000000 2.000000 1.380379 1.150316 4.427695
Kb 0.002300 0.000257 3075.000000 2.000000 1.380379 1.150316 4.433505
Kb 0.002300 0.000257 3080.000000 2.000000 1.380379 1.150316 4.439307
Kb 0.002300 0.000257 3085.000000 2.000000 1.380379 1.150316 4.445102
Kb 0.002300 0.000257 3090.000000 2.000000 1.380379 1.150316 4.450889
Kb 0.002300 0.000257 3095.000000 2.000000 1.380379 1.150316 4.456669
Kb 0.002300 0.000257 3100.000000 2.000000 1.380379 1.150316 4.462441
Kb 0.002300 0.000257 3105.000000 2.000000 1.380379 1.150316 4.468206
Kb 0.002300 0.000257 3110.000000 2.000000 1.380379 1.150316 4.473964
Kb 0.002300 0.000257 3115.000000 2.000000 1.380379 1.150316 4.479714
Kb 0.002300 0.000257 3120.000000 2.000000 1.380379 1.150316 4.485457
Kb 0.002300 0.000257 3125.000000 2.000000 1.380379 1.150316 4.491192
Kb 0.002300 0.000257 3130.000000 2.000000 1.380379 1.150316 4.496920
Kb 0.002300 0.000257 3135.000000 2.000000 1.380379 1.150316 4.502641
Kb 0.002300 0.000257 3140.000000 2.000000 1.380379 1.150316 4.508354
Kb 0.002300 0.000257 3145.000000 2.000000 1.380379 1.150316 4.514060
Kb 0.002300 0.000257 3150.000000 2.000000 1.380379 1.150316 4.519759
Kb 0.002300 0.000257 3155.000000 2.000000 1.380379 1.150316 4.525451
Kb 0.002300 0.000257 3160.000000 2.000000 1.380379 1.150316 4.531135
Kb 0.002300 0.000257 3165.000000 2.000000 1.380379 1.150316 4.536812
Kb 0.002300 0.000257 3170.000000 2.000000 1.380379 1.150316 4.542481
Kb 0.002300 0.000257 3175.000000 2.000000 1.380379 1.150316 4.548143
Kb 0.002300 0.000257 3180.000000 2.000000 1.380379 1.150316 4.553798
Kb 0.002300 0.000257 3185.000000 2.000000 1.380379 1.150316 4.559446
Kb 0.002300 0.000257 3190.000000 2.000000 1.380379 1.150316 4.565086
Kb 0.002300 0.000257 3195.000000 2.000000 1.380379 1.150316 4.570720
Kb 0.002300 0.000257 3200.000000 2.000000 1.380379 1.150316 4.576346
Kb 0.002300 0.000257 3205.000000 2.000000 1.380379 1.150316 4.581964
Kb 0.002300 0.000257 3210.000000 2.000000 1.380379 1.150316 4.587576
Kb 0.002300 0.000257 3215.000000 2.000000 1.380379 1.150316 4.593180
Kb 0.002300 0.000257 3220.000000 2.000000 1.380379 1.150316 4.598777
Kb 0.002300 0.000257 3225.000000 2.000000 1.380379 1.150316 4.604367
Kb 0.002300 0.000257 3230.000000 2.000000 1.380379 1.150316 4.609950
Kb 0.002300 0.000257 3235.000000 2.000000 1.380379 1.150316 4.615525
Kb 0.002300 0.000257 3240.000000 2.000000 1.380379 1.150316 4.621094
Kb 0.002300 0.000257 3245.000000 2.000000 1.380379 1.150316 4.626655
Kb 0.002300 0.000257 3250.000000 2.000000 1.380379 1.150316 4.632209
Kb 0.002300 0.000257 3255.000000 2.000000 1.380379 1.150316 4.637756
Kb 0.002300 0.000257 3260.000000 2.000000 1.380379 1.150316 4.643296
Kb 0.002300 0.000257 3265.000000 2.000000 1.380379 1.150316 4.648829
Kb 0.002300 0.000257 3270.000000 2.000000 1.380379 1.150316 4.654355
Kb 0.002300 0.000257 3275.000000 2.000000 1.380379 1.150316 4.659873
Kb 0.002300 0.000257 3280.000000 2.000000 1.380379 1.150316 4.665385
Kb 0.002300 0.000257 3285.000000 2.000000 1.380379 1.150316 4.670889
Kb 0.002300 0.000257 3290.000000 2.000000 1.380379 1.150316 4.676386
Kb 0.002300 0.000257 3295.000000 2.000000 1.380379 1.150316 4.681877
Kb 0.002300 0.000257 3300.000000 2.000000 1.380379 1.150316 4.687360
Kb 0.002300 0.000257 3305.000000 2.000000 1.380379 1.150316 4.692836
Kb 0.002300 0.000257 3310.000000 2.000000 1.380379 1.150316 4.698305
Kb 0.002300 0.000257 3315.000000 2.000000 1.380379 1.150316 4.703767
Kb 0.002300 0.000257 3320.000000 2.000000 1.380379 1.150316 4.709222
Kb 0.002300 0.000257 3325.000000 2.000000 1.380379 1.150316 4.714670
Kb 0.002300 0.000257 3330.000000 2.000000 1.380379 1.150316 4.720112
Kb 0.002300 0.000257 3335.000000 2.000000 1.380379 1.150316 4.725546
Kb 0.002300 0.000257 3340.000000 2.000000 1.380379 1.150316 4.730973
Kb 0.002300 0.000257 3345.000000 2.000000 1.380379 1.150316 4.736393
Kb 0.002300 0.000257 3350.000000 2.000000 1.380379 1.150316 4.741806
Kb 0.002300 0.000257 3355.000000 2.000000 1.380379 1.150316 4.747212
Kb 0.002300 0.000257 3360.000000 2.000000 1.380379 1.150316 4.752612
Kb 0.002300 0.000257 3365.000000 2.000000 1.380379 1.150316 4.758004
Kb 0.002300 0.000257 3370.000000 2.000000 1.380379 1.150316 4.763390
Kb 0.002300 0.000257 3375.000000 2.000000 1.380379 1.150316 4.768768
Kb 0.002300 0.000257 3380.000000 2.000000 1.380379 1.150316 4.774140
Kb 0.002300 0.000257 3385.000000 2.000000 1.380379 1.150316 4.779504
Kb 0.002300 0.000257 3390.000000 2.000000 1.380379 1.150316 4.784862
Kb 0.002300 0.000257 3395.000000 2.000000 1.380379 1.150316 4.790213
Kb 0.002300 0.000257 3400.000000 2.000000 1.380379 1.150316 4.795557
Kb 0.002300 0.000257 3405.000000 2.000000 1.380379 1.150316 4.800895
Kb 0.002300 0.000257 3410.000000 2.000000 1.380379 1.150316 4.806225
Kb 0.002300 0.000257 3415.000000 2.000000 1.380379 1.150316 4.811548
Kb 0.002300 0.000257 3420.000000 2.000000 1.380379 1.150316 4.816865
Kb 0.002300 0.000257 3425.000000 2.000000 1.380379 1.150316 4.822175
Kb 0.002300 0.000257 3430.000000 2.000000 1.380379 1.150316 4.827478
Kb 0.002300 0.000257 3435.000000 2.000000 1.380379 1.150316 4.832774
Kb 0.002300 0.000257 3440.000000 2.000000 1.380379 1.150316 4.838064
Kb 0.002300 0.000257 3445.000000 2.000000 1.380379 1.150316 4.843346
Kb 0.002300 0.000257 3450.000000 2.000000 1.380379 1.150316 4.848622
Kb 0.002300 0.000257 3455.000000 2.000000 1.380379 1.150316 4.853891
Kb 0.002300 0.000257 3460.000000 2.000000 1.380379 1.150316 4.859154
Kb 0.002300 0.000257 3465.000000 2.000000 1.380379 1.150316 4.864409
Kb 0.002300 0.000257 3470.000000 2.000000 1.380379 1.150316 4.869658
Kb 0.002300 0.000257 3475.000000 2.000000 1.380379 1.150316 4.874900
Kb 0.002300 0.000257 3480.000000 2.000000 1.380379 1.150316 4.880135
Kb 0.002300 0.000257 3485.000000 2.000000 1.380379 1.150316 4.885364
Kb 0.002300 0.000257 3490.000000 2.000000 1.380379 1.150316 4.890586
Kb 0.002300 0.000257 3495.000000 2.000000 1.380379 1.150316 4.895801
Kb 0.002300 0.000257 3500.000000 2.000000 1.380379 1.150316 4.901009
Kb 0.002300 0.000257 3505.000000 2.000000 1.380379 1.150316 4.906211
Kb 0.002300 0.000257 3510.000000 2.000000 1.380379 1.150316 4.911406
Kb 0.002300 0.000257 3515.000000 2.000000 1.380379 1.150316 4.916595
Kb 0.002300 0.000257 3520.000000 2.000000 1.380379 1.150316 4.921777
Kb 0.002300 0.000257 3525.000000 2.000000 1.380379 1.150316 4.926952
Kb 0.002300 0.000257 3530.000000 2.000000 1.380379 1.150316 4.932120
Kb 0.002300 0.000257 3535.000000 2.000000 1.380379 1.150316 4.937282
Kb 0.002300 0.000257 3540.000000 2.000000 1.380379 1.150316 4.942437
Kb 0.002300 0.000257 3545.000000 2.000000 1.380379 1.150316 4.947586
Kb 0.002300 0.000257 3550.000000 2.000000 1.380379 1.150316 4.952728
Kb 0.002300 0.000257 3555.000000 2.000000 1.380379 1.150316 4.957863
Kb 0.002300 0.000257 3560.000000 2.000000 1.380379 1.150316 4.962992
Kb 0.002300 0.000257 3565.000000 2.000000 1.380379 1.150316 4.968114
Kb 0.002300 0.000257 3570.000000 2.000000 1.380379 1.150316 4.973230
Kb 0.002300 0.000257 3575.000000 2.000000 1.380379 1.150316 4.978339
Kb 0.002300 0.000257 3580.000000 2.000000 1.380379 1.150316 4.983441
Kb 0.002300 0.000257 3585.000000 2.000000 1.380379 1.150316 4.988537
Kb 0.002300 0.000257 3590.000000 2.000000 1.380379 1.150316 4.993627
Kb 0.002300 0.000257 3595.000000 2.000000 1.380379 1.150316 4.998710
Kb 0.002300 0.000257 3600.000000 2.000000 1.380379 1.150316 5.003786
