HEADER DATE 31-Jul-2017 19:53:00
HEADER RANDSEED 1742108294
Param True_Value Sim_Value Sim_Time Input mRNA foldedP fluo
d1 0.030000 0.163009 0.000000 0.000000 0.000203 0.000169 0.000147
d1 0.030000 0.163009 5.000000 0.000000 0.000203 0.000169 0.000147
d1 0.030000 0.163009 10.000000 0.000000 0.000203 0.000169 0.000147
d1 0.030000 0.163009 15.000000 0.000000 0.000203 0.000169 0.000147
d1 0.030000 0.163009 20.000000 0.000000 0.000203 0.000169 0.000147
d1 0.030000 0.163009 25.000000 0.000000 0.000203 0.000169 0.000147
d1 0.030000 0.163009 30.000000 0.000000 0.000203 0.000169 0.000147
d1 0.030000 0.163009 35.000000 0.000000 0.000203 0.000169 0.000147
d1 0.030000 0.163009 40.000000 0.000000 0.000203 0.000169 0.000147
d1 0.030000 0.163009 45.000000 0.000000 0.000203 0.000169 0.000147
d1 0.030000 0.163009 50.000000 0.000000 0.000203 0.000169 0.000147
d1 0.030000 0.163009 55.000000 0.000000 0.000203 0.000169 0.000147
d1 0.030000 0.163009 60.000000 0.000000 0.000203 0.000169 0.000147
d1 0.030000 0.163009 65.000000 0.000000 0.000203 0.000169 0.000147
d1 0.030000 0.163009 70.000000 0.000000 0.000203 0.000169 0.000147
d1 0.030000 0.163009 75.000000 0.000000 0.000203 0.000169 0.000147
d1 0.030000 0.163009 80.000000 0.000000 0.000203 0.000169 0.000147
d1 0.030000 0.163009 85.000000 0.000000 0.000203 0.000169 0.000147
d1 0.030000 0.163009 90.000000 0.000000 0.000203 0.000169 0.000147
d1 0.030000 0.163009 95.000000 0.000000 0.000203 0.000169 0.000147
d1 0.030000 0.163009 100.000000 0.000000 0.000203 0.000169 0.000147
d1 0.030000 0.163009 105.000000 0.000000 0.000203 0.000169 0.000147
d1 0.030000 0.163009 110.000000 0.000000 0.000203 0.000169 0.000147
d1 0.030000 0.163009 115.000000 0.000000 0.000203 0.000169 0.000147
d1 0.030000 0.163009 120.000000 0.000000 0.000203 0.000169 0.000147
d1 0.030000 0.163009 125.000000 0.000000 0.000203 0.000169 0.000147
d1 0.030000 0.163009 130.000000 0.000000 0.000203 0.000169 0.000147
d1 0.030000 0.163009 135.000000 0.000000 0.000203 0.000169 0.000147
d1 0.030000 0.163009 140.000000 0.000000 0.000203 0.000169 0.000147
d1 0.030000 0.163009 145.000000 0.000000 0.000203 0.000169 0.000147
d1 0.030000 0.163009 150.000000 0.000000 0.000203 0.000169 0.000147
d1 0.030000 0.163009 155.000000 0.000000 0.000203 0.000169 0.000147
d1 0.030000 0.163009 160.000000 0.000000 0.000203 0.000169 0.000147
d1 0.030000 0.163009 165.000000 0.000000 0.000203 0.000169 0.000147
d1 0.030000 0.163009 170.000000 0.000000 0.000203 0.000169 0.000147
d1 0.030000 0.163009 175.000000 0.000000 0.000203 0.000169 0.000147
d1 0.030000 0.163009 180.000000 0.000000 0.000203 0.000169 0.000147
d1 0.030000 0.163009 185.000000 0.000000 0.000203 0.000169 0.000147
d1 0.030000 0.163009 190.000000 0.000000 0.000203 0.000169 0.000147
d1 0.030000 0.163009 195.000000 0.000000 0.000203 0.000169 0.000147
d1 0.030000 0.163009 200.000000 0.000000 0.000203 0.000169 0.000147
d1 0.030000 0.163009 205.000000 0.000000 0.000203 0.000169 0.000147
d1 0.030000 0.163009 210.000000 0.000000 0.000203 0.000169 0.000147
d1 0.030000 0.163009 215.000000 0.000000 0.000203 0.000169 0.000147
d1 0.030000 0.163009 220.000000 0.000000 0.000203 0.000169 0.000147
d1 0.030000 0.163009 225.000000 0.000000 0.000203 0.000169 0.000147
d1 0.030000 0.163009 230.000000 0.000000 0.000203 0.000169 0.000147
d1 0.030000 0.163009 235.000000 0.000000 0.000203 0.000169 0.000147
d1 0.030000 0.163009 240.000000 0.000000 0.000203 0.000169 0.000147
d1 0.030000 0.163009 245.000000 0.000000 0.000203 0.000169 0.000147
d1 0.030000 0.163009 250.000000 0.000000 0.000203 0.000169 0.000147
d1 0.030000 0.163009 255.000000 0.000000 0.000203 0.000169 0.000147
d1 0.030000 0.163009 260.000000 0.000000 0.000203 0.000169 0.000147
d1 0.030000 0.163009 265.000000 0.000000 0.000203 0.000169 0.000147
d1 0.030000 0.163009 270.000000 0.000000 0.000203 0.000169 0.000147
d1 0.030000 0.163009 275.000000 0.000000 0.000203 0.000169 0.000147
d1 0.030000 0.163009 280.000000 0.000000 0.000203 0.000169 0.000147
d1 0.030000 0.163009 285.000000 0.000000 0.000203 0.000169 0.000147
d1 0.030000 0.163009 290.000000 0.000000 0.000203 0.000169 0.000147
d1 0.030000 0.163009 295.000000 0.000000 0.000203 0.000169 0.000147
d1 0.030000 0.163009 300.000000 2.000000 0.000203 0.000169 0.000147
d1 0.030000 0.163009 305.000000 2.000000 0.141689 0.004098 0.000161
d1 0.030000 0.163009 310.000000 2.000000 0.204314 0.012474 0.000240
d1 0.030000 0.163009 315.000000 2.000000 0.232032 0.022432 0.000410
d1 0.030000 0.163009 320.000000 2.000000 0.244301 0.032727 0.000680
d1 0.030000 0.163009 325.000000 2.000000 0.249731 0.042828 0.001048
d1 0.030000 0.163009 330.000000 2.000000 0.252135 0.052520 0.001510
d1 0.030000 0.163009 335.000000 2.000000 0.253199 0.061727 0.002061
d1 0.030000 0.163009 340.000000 2.000000 0.253670 0.070433 0.002695
d1 0.030000 0.163009 345.000000 2.000000 0.253878 0.078647 0.003406
d1 0.030000 0.163009 350.000000 2.000000 0.253970 0.086390 0.004188
d1 0.030000 0.163009 355.000000 2.000000 0.254011 0.093686 0.005036
d1 0.030000 0.163009 360.000000 2.000000 0.254029 0.100557 0.005944
d1 0.030000 0.163009 365.000000 2.000000 0.254037 0.107030 0.006909
d1 0.030000 0.163009 370.000000 2.000000 0.254041 0.113125 0.007925
d1 0.030000 0.163009 375.000000 2.000000 0.254042 0.118866 0.008988
d1 0.030000 0.163009 380.000000 2.000000 0.254043 0.124272 0.010094
d1 0.030000 0.163009 385.000000 2.000000 0.254043 0.129364 0.011240
d1 0.030000 0.163009 390.000000 2.000000 0.254044 0.134159 0.012422
d1 0.030000 0.163009 395.000000 2.000000 0.254044 0.138675 0.013636
d1 0.030000 0.163009 400.000000 2.000000 0.254044 0.142927 0.014880
d1 0.030000 0.163009 405.000000 2.000000 0.254044 0.146933 0.016152
d1 0.030000 0.163009 410.000000 2.000000 0.254044 0.150705 0.017447
d1 0.030000 0.163009 415.000000 2.000000 0.254044 0.154257 0.018764
d1 0.030000 0.163009 420.000000 2.000000 0.254044 0.157602 0.020100
d1 0.030000 0.163009 425.000000 2.000000 0.254044 0.160753 0.021453
d1 0.030000 0.163009 430.000000 2.000000 0.254044 0.163720 0.022821
d1 0.030000 0.163009 435.000000 2.000000 0.254044 0.166514 0.024201
d1 0.030000 0.163009 440.000000 2.000000 0.254044 0.169146 0.025594
d1 0.030000 0.163009 445.000000 2.000000 0.254044 0.171625 0.026995
d1 0.030000 0.163009 450.000000 2.000000 0.254044 0.173959 0.028405
d1 0.030000 0.163009 455.000000 2.000000 0.254044 0.176157 0.029820
d1 0.030000 0.163009 460.000000 2.000000 0.254044 0.178227 0.031241
d1 0.030000 0.163009 465.000000 2.000000 0.254044 0.180176 0.032666
d1 0.030000 0.163009 470.000000 2.000000 0.254044 0.182012 0.034093
d1 0.030000 0.163009 475.000000 2.000000 0.254044 0.183741 0.035522
d1 0.030000 0.163009 480.000000 2.000000 0.254044 0.185370 0.036951
d1 0.030000 0.163009 485.000000 2.000000 0.254044 0.186903 0.038379
d1 0.030000 0.163009 490.000000 2.000000 0.254044 0.188347 0.039806
d1 0.030000 0.163009 495.000000 2.000000 0.254044 0.189708 0.041230
d1 0.030000 0.163009 500.000000 2.000000 0.254044 0.190988 0.042651
d1 0.030000 0.163009 505.000000 2.000000 0.254044 0.192195 0.044069
d1 0.030000 0.163009 510.000000 2.000000 0.254044 0.193331 0.045481
d1 0.030000 0.163009 515.000000 2.000000 0.254044 0.194401 0.046889
d1 0.030000 0.163009 520.000000 2.000000 0.254044 0.195408 0.048291
d1 0.030000 0.163009 525.000000 2.000000 0.254044 0.196357 0.049686
d1 0.030000 0.163009 530.000000 2.000000 0.254044 0.197251 0.051075
d1 0.030000 0.163009 535.000000 2.000000 0.254044 0.198092 0.052457
d1 0.030000 0.163009 540.000000 2.000000 0.254044 0.198885 0.053830
d1 0.030000 0.163009 545.000000 2.000000 0.254044 0.199631 0.055196
d1 0.030000 0.163009 550.000000 2.000000 0.254044 0.200334 0.056553
d1 0.030000 0.163009 555.000000 2.000000 0.254044 0.200996 0.057902
d1 0.030000 0.163009 560.000000 2.000000 0.254044 0.201620 0.059242
d1 0.030000 0.163009 565.000000 2.000000 0.254044 0.202207 0.060572
d1 0.030000 0.163009 570.000000 2.000000 0.254044 0.202760 0.061892
d1 0.030000 0.163009 575.000000 2.000000 0.254044 0.203281 0.063203
d1 0.030000 0.163009 580.000000 2.000000 0.254044 0.203771 0.064504
d1 0.030000 0.163009 585.000000 2.000000 0.254044 0.204233 0.065795
d1 0.030000 0.163009 590.000000 2.000000 0.254044 0.204668 0.067076
d1 0.030000 0.163009 595.000000 2.000000 0.254044 0.205078 0.068346
d1 0.030000 0.163009 600.000000 2.000000 0.254044 0.205464 0.069605
d1 0.030000 0.163009 605.000000 2.000000 0.254044 0.205827 0.070854
d1 0.030000 0.163009 610.000000 2.000000 0.254044 0.206169 0.072092
d1 0.030000 0.163009 615.000000 2.000000 0.254044 0.206491 0.073319
d1 0.030000 0.163009 620.000000 2.000000 0.254044 0.206795 0.074536
d1 0.030000 0.163009 625.000000 2.000000 0.254044 0.207081 0.075741
d1 0.030000 0.163009 630.000000 2.000000 0.254044 0.207350 0.076935
d1 0.030000 0.163009 635.000000 2.000000 0.254044 0.207603 0.078118
d1 0.030000 0.163009 640.000000 2.000000 0.254044 0.207842 0.079290
d1 0.030000 0.163009 645.000000 2.000000 0.254044 0.208067 0.080452
d1 0.030000 0.163009 650.000000 2.000000 0.254044 0.208279 0.081601
d1 0.030000 0.163009 655.000000 2.000000 0.254044 0.208478 0.082740
d1 0.030000 0.163009 660.000000 2.000000 0.254044 0.208666 0.083868
d1 0.030000 0.163009 665.000000 2.000000 0.254044 0.208843 0.084985
d1 0.030000 0.163009 670.000000 2.000000 0.254044 0.209009 0.086090
d1 0.030000 0.163009 675.000000 2.000000 0.254044 0.209166 0.087185
d1 0.030000 0.163009 680.000000 2.000000 0.254044 0.209314 0.088268
d1 0.030000 0.163009 685.000000 2.000000 0.254044 0.209453 0.089341
d1 0.030000 0.163009 690.000000 2.000000 0.254044 0.209584 0.090403
d1 0.030000 0.163009 695.000000 2.000000 0.254044 0.209707 0.091453
d1 0.030000 0.163009 700.000000 2.000000 0.254044 0.209824 0.092493
d1 0.030000 0.163009 705.000000 2.000000 0.254044 0.209933 0.093522
d1 0.030000 0.163009 710.000000 2.000000 0.254044 0.210036 0.094541
d1 0.030000 0.163009 715.000000 2.000000 0.254044 0.210133 0.095549
d1 0.030000 0.163009 720.000000 2.000000 0.254044 0.210225 0.096546
d1 0.030000 0.163009 725.000000 2.000000 0.254044 0.210311 0.097533
d1 0.030000 0.163009 730.000000 2.000000 0.254044 0.210392 0.098509
d1 0.030000 0.163009 735.000000 2.000000 0.254044 0.210468 0.099475
d1 0.030000 0.163009 740.000000 2.000000 0.254044 0.210540 0.100430
d1 0.030000 0.163009 745.000000 2.000000 0.254044 0.210608 0.101376
d1 0.030000 0.163009 750.000000 2.000000 0.254044 0.210672 0.102311
d1 0.030000 0.163009 755.000000 2.000000 0.254044 0.210732 0.103236
d1 0.030000 0.163009 760.000000 2.000000 0.254044 0.210788 0.104151
d1 0.030000 0.163009 765.000000 2.000000 0.254044 0.210842 0.105056
d1 0.030000 0.163009 770.000000 2.000000 0.254044 0.210892 0.105952
d1 0.030000 0.163009 775.000000 2.000000 0.254044 0.210939 0.106837
d1 0.030000 0.163009 780.000000 2.000000 0.254044 0.210983 0.107713
d1 0.030000 0.163009 785.000000 2.000000 0.254044 0.211025 0.108580
d1 0.030000 0.163009 790.000000 2.000000 0.254044 0.211065 0.109437
d1 0.030000 0.163009 795.000000 2.000000 0.254044 0.211102 0.110284
d1 0.030000 0.163009 800.000000 2.000000 0.254044 0.211137 0.111122
d1 0.030000 0.163009 805.000000 2.000000 0.254044 0.211170 0.111951
d1 0.030000 0.163009 810.000000 2.000000 0.254044 0.211201 0.112771
d1 0.030000 0.163009 815.000000 2.000000 0.254044 0.211230 0.113581
d1 0.030000 0.163009 820.000000 2.000000 0.254044 0.211258 0.114383
d1 0.030000 0.163009 825.000000 2.000000 0.254044 0.211284 0.115176
d1 0.030000 0.163009 830.000000 2.000000 0.254044 0.211308 0.115960
d1 0.030000 0.163009 835.000000 2.000000 0.254044 0.211331 0.116735
d1 0.030000 0.163009 840.000000 2.000000 0.254044 0.211353 0.117501
d1 0.030000 0.163009 845.000000 2.000000 0.254044 0.211373 0.118259
d1 0.030000 0.163009 850.000000 2.000000 0.254044 0.211392 0.119009
d1 0.030000 0.163009 855.000000 2.000000 0.254044 0.211410 0.119750
d1 0.030000 0.163009 860.000000 2.000000 0.254044 0.211428 0.120483
d1 0.030000 0.163009 865.000000 2.000000 0.254044 0.211444 0.121207
d1 0.030000 0.163009 870.000000 2.000000 0.254044 0.211459 0.121924
d1 0.030000 0.163009 875.000000 2.000000 0.254044 0.211473 0.122632
d1 0.030000 0.163009 880.000000 2.000000 0.254044 0.211486 0.123333
d1 0.030000 0.163009 885.000000 2.000000 0.254044 0.211499 0.124026
d1 0.030000 0.163009 890.000000 2.000000 0.254044 0.211511 0.124710
d1 0.030000 0.163009 895.000000 2.000000 0.254044 0.211522 0.125387
d1 0.030000 0.163009 900.000000 2.000000 0.254044 0.211532 0.126057
d1 0.030000 0.163009 905.000000 2.000000 0.254044 0.211542 0.126719
d1 0.030000 0.163009 910.000000 2.000000 0.254044 0.211552 0.127373
d1 0.030000 0.163009 915.000000 2.000000 0.254044 0.211561 0.128020
d1 0.030000 0.163009 920.000000 2.000000 0.254044 0.211569 0.128660
d1 0.030000 0.163009 925.000000 2.000000 0.254044 0.211577 0.129293
d1 0.030000 0.163009 930.000000 2.000000 0.254044 0.211584 0.129918
d1 0.030000 0.163009 935.000000 2.000000 0.254044 0.211591 0.130536
d1 0.030000 0.163009 940.000000 2.000000 0.254044 0.211598 0.131147
d1 0.030000 0.163009 945.000000 2.000000 0.254044 0.211604 0.131752
d1 0.030000 0.163009 950.000000 2.000000 0.254044 0.211609 0.132349
d1 0.030000 0.163009 955.000000 2.000000 0.254044 0.211615 0.132940
d1 0.030000 0.163009 960.000000 2.000000 0.254044 0.211620 0.133524
d1 0.030000 0.163009 965.000000 2.000000 0.254044 0.211625 0.134101
d1 0.030000 0.163009 970.000000 2.000000 0.254044 0.211629 0.134672
d1 0.030000 0.163009 975.000000 2.000000 0.254044 0.211634 0.135236
d1 0.030000 0.163009 980.000000 2.000000 0.254044 0.211638 0.135794
d1 0.030000 0.163009 985.000000 2.000000 0.254044 0.211642 0.136346
d1 0.030000 0.163009 990.000000 2.000000 0.254044 0.211645 0.136891
d1 0.030000 0.163009 995.000000 2.000000 0.254044 0.211649 0.137430
d1 0.030000 0.163009 1000.000000 2.000000 0.254044 0.211652 0.137963
d1 0.030000 0.163009 1005.000000 2.000000 0.254044 0.211655 0.138490
d1 0.030000 0.163009 1010.000000 2.000000 0.254044 0.211658 0.139011
d1 0.030000 0.163009 1015.000000 2.000000 0.254044 0.211660 0.139526
d1 0.030000 0.163009 1020.000000 2.000000 0.254044 0.211663 0.140035
d1 0.030000 0.163009 1025.000000 2.000000 0.254044 0.211665 0.140539
d1 0.030000 0.163009 1030.000000 2.000000 0.254044 0.211667 0.141036
d1 0.030000 0.163009 1035.000000 2.000000 0.254044 0.211669 0.141528
d1 0.030000 0.163009 1040.000000 2.000000 0.254044 0.211671 0.142015
d1 0.030000 0.163009 1045.000000 2.000000 0.254044 0.211673 0.142495
d1 0.030000 0.163009 1050.000000 2.000000 0.254044 0.211675 0.142971
d1 0.030000 0.163009 1055.000000 2.000000 0.254044 0.211677 0.143440
d1 0.030000 0.163009 1060.000000 2.000000 0.254044 0.211678 0.143905
d1 0.030000 0.163009 1065.000000 2.000000 0.254044 0.211680 0.144364
d1 0.030000 0.163009 1070.000000 2.000000 0.254044 0.211681 0.144818
d1 0.030000 0.163009 1075.000000 2.000000 0.254044 0.211682 0.145267
d1 0.030000 0.163009 1080.000000 2.000000 0.254044 0.211683 0.145711
d1 0.030000 0.163009 1085.000000 2.000000 0.254044 0.211685 0.146149
d1 0.030000 0.163009 1090.000000 2.000000 0.254044 0.211686 0.146583
d1 0.030000 0.163009 1095.000000 2.000000 0.254044 0.211687 0.147012
d1 0.030000 0.163009 1100.000000 2.000000 0.254044 0.211688 0.147436
d1 0.030000 0.163009 1105.000000 2.000000 0.254044 0.211689 0.147854
d1 0.030000 0.163009 1110.000000 2.000000 0.254044 0.211689 0.148269
d1 0.030000 0.163009 1115.000000 2.000000 0.254044 0.211690 0.148678
d1 0.030000 0.163009 1120.000000 2.000000 0.254044 0.211691 0.149083
d1 0.030000 0.163009 1125.000000 2.000000 0.254044 0.211692 0.149483
d1 0.030000 0.163009 1130.000000 2.000000 0.254044 0.211692 0.149879
d1 0.030000 0.163009 1135.000000 2.000000 0.254044 0.211693 0.150270
d1 0.030000 0.163009 1140.000000 2.000000 0.254044 0.211693 0.150656
d1 0.030000 0.163009 1145.000000 2.000000 0.254044 0.211694 0.151038
d1 0.030000 0.163009 1150.000000 2.000000 0.254044 0.211695 0.151416
d1 0.030000 0.163009 1155.000000 2.000000 0.254044 0.211695 0.151790
d1 0.030000 0.163009 1160.000000 2.000000 0.254044 0.211696 0.152159
d1 0.030000 0.163009 1165.000000 2.000000 0.254044 0.211696 0.152524
d1 0.030000 0.163009 1170.000000 2.000000 0.254044 0.211696 0.152885
d1 0.030000 0.163009 1175.000000 2.000000 0.254044 0.211697 0.153242
d1 0.030000 0.163009 1180.000000 2.000000 0.254044 0.211697 0.153594
d1 0.030000 0.163009 1185.000000 2.000000 0.254044 0.211697 0.153943
d1 0.030000 0.163009 1190.000000 2.000000 0.254044 0.211698 0.154288
d1 0.030000 0.163009 1195.000000 2.000000 0.254044 0.211698 0.154628
d1 0.030000 0.163009 1200.000000 2.000000 0.254044 0.211698 0.154965
d1 0.030000 0.163009 1205.000000 2.000000 0.254044 0.211699 0.155298
d1 0.030000 0.163009 1210.000000 2.000000 0.254044 0.211699 0.155627
d1 0.030000 0.163009 1215.000000 2.000000 0.254044 0.211699 0.155953
d1 0.030000 0.163009 1220.000000 2.000000 0.254044 0.211699 0.156274
d1 0.030000 0.163009 1225.000000 2.000000 0.254044 0.211700 0.156592
d1 0.030000 0.163009 1230.000000 2.000000 0.254044 0.211700 0.156907
d1 0.030000 0.163009 1235.000000 2.000000 0.254044 0.211700 0.157218
d1 0.030000 0.163009 1240.000000 2.000000 0.254044 0.211700 0.157525
d1 0.030000 0.163009 1245.000000 2.000000 0.254044 0.211700 0.157828
d1 0.030000 0.163009 1250.000000 2.000000 0.254044 0.211701 0.158129
d1 0.030000 0.163009 1255.000000 2.000000 0.254044 0.211701 0.158426
d1 0.030000 0.163009 1260.000000 2.000000 0.254044 0.211701 0.158719
d1 0.030000 0.163009 1265.000000 2.000000 0.254044 0.211701 0.159009
d1 0.030000 0.163009 1270.000000 2.000000 0.254044 0.211701 0.159296
d1 0.030000 0.163009 1275.000000 2.000000 0.254044 0.211701 0.159579
d1 0.030000 0.163009 1280.000000 2.000000 0.254044 0.211701 0.159860
d1 0.030000 0.163009 1285.000000 2.000000 0.254044 0.211701 0.160137
d1 0.030000 0.163009 1290.000000 2.000000 0.254044 0.211702 0.160410
d1 0.030000 0.163009 1295.000000 2.000000 0.254044 0.211702 0.160681
d1 0.030000 0.163009 1300.000000 2.000000 0.254044 0.211702 0.160949
d1 0.030000 0.163009 1305.000000 2.000000 0.254044 0.211702 0.161213
d1 0.030000 0.163009 1310.000000 2.000000 0.254044 0.211702 0.161475
d1 0.030000 0.163009 1315.000000 2.000000 0.254044 0.211702 0.161733
d1 0.030000 0.163009 1320.000000 2.000000 0.254044 0.211702 0.161989
d1 0.030000 0.163009 1325.000000 2.000000 0.254044 0.211702 0.162242
d1 0.030000 0.163009 1330.000000 2.000000 0.254044 0.211702 0.162492
d1 0.030000 0.163009 1335.000000 2.000000 0.254044 0.211702 0.162739
d1 0.030000 0.163009 1340.000000 2.000000 0.254044 0.211702 0.162983
d1 0.030000 0.163009 1345.000000 2.000000 0.254044 0.211702 0.163224
d1 0.030000 0.163009 1350.000000 2.000000 0.254044 0.211702 0.163463
d1 0.030000 0.163009 1355.000000 2.000000 0.254044 0.211702 0.163698
d1 0.030000 0.163009 1360.000000 2.000000 0.254044 0.211702 0.163932
d1 0.030000 0.163009 1365.000000 2.000000 0.254044 0.211702 0.164162
d1 0.030000 0.163009 1370.000000 2.000000 0.254044 0.211702 0.164390
d1 0.030000 0.163009 1375.000000 2.000000 0.254044 0.211702 0.164615
d1 0.030000 0.163009 1380.000000 2.000000 0.254044 0.211703 0.164838
d1 0.030000 0.163009 1385.000000 2.000000 0.254044 0.211703 0.165058
d1 0.030000 0.163009 1390.000000 2.000000 0.254044 0.211703 0.165276
d1 0.030000 0.163009 1395.000000 2.000000 0.254044 0.211703 0.165491
d1 0.030000 0.163009 1400.000000 2.000000 0.254044 0.211703 0.165703
d1 0.030000 0.163009 1405.000000 2.000000 0.254044 0.211703 0.165914
d1 0.030000 0.163009 1410.000000 2.000000 0.254044 0.211703 0.166121
d1 0.030000 0.163009 1415.000000 2.000000 0.254044 0.211703 0.166327
d1 0.030000 0.163009 1420.000000 2.000000 0.254044 0.211703 0.166530
d1 0.030000 0.163009 1425.000000 2.000000 0.254044 0.211703 0.166731
d1 0.030000 0.163009 1430.000000 2.000000 0.254044 0.211703 0.166929
d1 0.030000 0.163009 1435.000000 2.000000 0.254044 0.211703 0.167125
d1 0.030000 0.163009 1440.000000 2.000000 0.254044 0.211703 0.167319
d1 0.030000 0.163009 1445.000000 2.000000 0.254044 0.211703 0.167511
d1 0.030000 0.163009 1450.000000 2.000000 0.254044 0.211703 0.167701
d1 0.030000 0.163009 1455.000000 2.000000 0.254044 0.211703 0.167888
d1 0.030000 0.163009 1460.000000 2.000000 0.254044 0.211703 0.168073
d1 0.030000 0.163009 1465.000000 2.000000 0.254044 0.211703 0.168256
d1 0.030000 0.163009 1470.000000 2.000000 0.254044 0.211703 0.168437
d1 0.030000 0.163009 1475.000000 2.000000 0.254044 0.211703 0.168616
d1 0.030000 0.163009 1480.000000 2.000000 0.254044 0.211703 0.168793
d1 0.030000 0.163009 1485.000000 2.000000 0.254044 0.211703 0.168968
d1 0.030000 0.163009 1490.000000 2.000000 0.254044 0.211703 0.169141
d1 0.030000 0.163009 1495.000000 2.000000 0.254044 0.211703 0.169312
d1 0.030000 0.163009 1500.000000 2.000000 0.254044 0.211703 0.169481
d1 0.030000 0.163009 1505.000000 2.000000 0.254044 0.211703 0.169648
d1 0.030000 0.163009 1510.000000 2.000000 0.254044 0.211703 0.169813
d1 0.030000 0.163009 1515.000000 2.000000 0.254044 0.211703 0.169976
d1 0.030000 0.163009 1520.000000 2.000000 0.254044 0.211703 0.170138
d1 0.030000 0.163009 1525.000000 2.000000 0.254044 0.211703 0.170297
d1 0.030000 0.163009 1530.000000 2.000000 0.254044 0.211703 0.170455
d1 0.030000 0.163009 1535.000000 2.000000 0.254044 0.211703 0.170611
d1 0.030000 0.163009 1540.000000 2.000000 0.254044 0.211703 0.170765
d1 0.030000 0.163009 1545.000000 2.000000 0.254044 0.211703 0.170917
d1 0.030000 0.163009 1550.000000 2.000000 0.254044 0.211703 0.171068
d1 0.030000 0.163009 1555.000000 2.000000 0.254044 0.211703 0.171217
d1 0.030000 0.163009 1560.000000 2.000000 0.254044 0.211703 0.171364
d1 0.030000 0.163009 1565.000000 2.000000 0.254044 0.211703 0.171509
d1 0.030000 0.163009 1570.000000 2.000000 0.254044 0.211703 0.171653
d1 0.030000 0.163009 1575.000000 2.000000 0.254044 0.211703 0.171795
d1 0.030000 0.163009 1580.000000 2.000000 0.254044 0.211703 0.171936
d1 0.030000 0.163009 1585.000000 2.000000 0.254044 0.211703 0.172075
d1 0.030000 0.163009 1590.000000 2.000000 0.254044 0.211703 0.172212
d1 0.030000 0.163009 1595.000000 2.000000 0.254044 0.211703 0.172348
d1 0.030000 0.163009 1600.000000 2.000000 0.254044 0.211703 0.172482
d1 0.030000 0.163009 1605.000000 2.000000 0.254044 0.211703 0.172615
d1 0.030000 0.163009 1610.000000 2.000000 0.254044 0.211703 0.172746
d1 0.030000 0.163009 1615.000000 2.000000 0.254044 0.211703 0.172876
d1 0.030000 0.163009 1620.000000 2.000000 0.254044 0.211703 0.173004
d1 0.030000 0.163009 1625.000000 2.000000 0.254044 0.211703 0.173131
d1 0.030000 0.163009 1630.000000 2.000000 0.254044 0.211703 0.173256
d1 0.030000 0.163009 1635.000000 2.000000 0.254044 0.211703 0.173380
d1 0.030000 0.163009 1640.000000 2.000000 0.254044 0.211703 0.173503
d1 0.030000 0.163009 1645.000000 2.000000 0.254044 0.211703 0.173624
d1 0.030000 0.163009 1650.000000 2.000000 0.254044 0.211703 0.173743
d1 0.030000 0.163009 1655.000000 2.000000 0.254044 0.211703 0.173862
d1 0.030000 0.163009 1660.000000 2.000000 0.254044 0.211703 0.173979
d1 0.030000 0.163009 1665.000000 2.000000 0.254044 0.211703 0.174094
d1 0.030000 0.163009 1670.000000 2.000000 0.254044 0.211703 0.174208
d1 0.030000 0.163009 1675.000000 2.000000 0.254044 0.211703 0.174321
d1 0.030000 0.163009 1680.000000 2.000000 0.254044 0.211703 0.174433
d1 0.030000 0.163009 1685.000000 2.000000 0.254044 0.211703 0.174543
d1 0.030000 0.163009 1690.000000 2.000000 0.254044 0.211703 0.174653
d1 0.030000 0.163009 1695.000000 2.000000 0.254044 0.211703 0.174761
d1 0.030000 0.163009 1700.000000 2.000000 0.254044 0.211703 0.174867
d1 0.030000 0.163009 1705.000000 2.000000 0.254044 0.211703 0.174973
d1 0.030000 0.163009 1710.000000 2.000000 0.254044 0.211703 0.175077
d1 0.030000 0.163009 1715.000000 2.000000 0.254044 0.211703 0.175180
d1 0.030000 0.163009 1720.000000 2.000000 0.254044 0.211703 0.175282
d1 0.030000 0.163009 1725.000000 2.000000 0.254044 0.211703 0.175383
d1 0.030000 0.163009 1730.000000 2.000000 0.254044 0.211703 0.175482
d1 0.030000 0.163009 1735.000000 2.000000 0.254044 0.211703 0.175581
d1 0.030000 0.163009 1740.000000 2.000000 0.254044 0.211703 0.175678
d1 0.030000 0.163009 1745.000000 2.000000 0.254044 0.211703 0.175774
d1 0.030000 0.163009 1750.000000 2.000000 0.254044 0.211703 0.175869
d1 0.030000 0.163009 1755.000000 2.000000 0.254044 0.211703 0.175963
d1 0.030000 0.163009 1760.000000 2.000000 0.254044 0.211703 0.176056
d1 0.030000 0.163009 1765.000000 2.000000 0.254044 0.211703 0.176148
d1 0.030000 0.163009 1770.000000 2.000000 0.254044 0.211703 0.176239
d1 0.030000 0.163009 1775.000000 2.000000 0.254044 0.211703 0.176328
d1 0.030000 0.163009 1780.000000 2.000000 0.254044 0.211703 0.176417
d1 0.030000 0.163009 1785.000000 2.000000 0.254044 0.211703 0.176505
d1 0.030000 0.163009 1790.000000 2.000000 0.254044 0.211703 0.176592
d1 0.030000 0.163009 1795.000000 2.000000 0.254044 0.211703 0.176677
d1 0.030000 0.163009 1800.000000 2.000000 0.254044 0.211703 0.176762
d1 0.030000 0.163009 1805.000000 2.000000 0.254044 0.211703 0.176846
d1 0.030000 0.163009 1810.000000 2.000000 0.254044 0.211703 0.176929
d1 0.030000 0.163009 1815.000000 2.000000 0.254044 0.211703 0.177011
d1 0.030000 0.163009 1820.000000 2.000000 0.254044 0.211703 0.177092
d1 0.030000 0.163009 1825.000000 2.000000 0.254044 0.211703 0.177172
d1 0.030000 0.163009 1830.000000 2.000000 0.254044 0.211703 0.177251
d1 0.030000 0.163009 1835.000000 2.000000 0.254044 0.211703 0.177329
d1 0.030000 0.163009 1840.000000 2.000000 0.254044 0.211703 0.177406
d1 0.030000 0.163009 1845.000000 2.000000 0.254044 0.211703 0.177483
d1 0.030000 0.163009 1850.000000 2.000000 0.254044 0.211703 0.177558
d1 0.030000 0.163009 1855.000000 2.000000 0.254044 0.211703 0.177633
d1 0.030000 0.163009 1860.000000 2.000000 0.254044 0.211703 0.177707
d1 0.030000 0.163009 1865.000000 2.000000 0.254044 0.211703 0.177780
d1 0.030000 0.163009 1870.000000 2.000000 0.254044 0.211703 0.177852
d1 0.030000 0.163009 1875.000000 2.000000 0.254044 0.211703 0.177923
d1 0.030000 0.163009 1880.000000 2.000000 0.254044 0.211703 0.177994
d1 0.030000 0.163009 1885.000000 2.000000 0.254044 0.211703 0.178063
d1 0.030000 0.163009 1890.000000 2.000000 0.254044 0.211703 0.178132
d1 0.030000 0.163009 1895.000000 2.000000 0.254044 0.211703 0.178200
d1 0.030000 0.163009 1900.000000 2.000000 0.254044 0.211703 0.178268
d1 0.030000 0.163009 1905.000000 2.000000 0.254044 0.211703 0.178334
d1 0.030000 0.163009 1910.000000 2.000000 0.254044 0.211703 0.178400
d1 0.030000 0.163009 1915.000000 2.000000 0.254044 0.211703 0.178465
d1 0.030000 0.163009 1920.000000 2.000000 0.254044 0.211703 0.178529
d1 0.030000 0.163009 1925.000000 2.000000 0.254044 0.211703 0.178593
d1 0.030000 0.163009 1930.000000 2.000000 0.254044 0.211703 0.178656
d1 0.030000 0.163009 1935.000000 2.000000 0.254044 0.211703 0.178718
d1 0.030000 0.163009 1940.000000 2.000000 0.254044 0.211703 0.178779
d1 0.030000 0.163009 1945.000000 2.000000 0.254044 0.211703 0.178840
d1 0.030000 0.163009 1950.000000 2.000000 0.254044 0.211703 0.178900
d1 0.030000 0.163009 1955.000000 2.000000 0.254044 0.211703 0.178959
d1 0.030000 0.163009 1960.000000 2.000000 0.254044 0.211703 0.179018
d1 0.030000 0.163009 1965.000000 2.000000 0.254044 0.211703 0.179076
d1 0.030000 0.163009 1970.000000 2.000000 0.254044 0.211703 0.179133
d1 0.030000 0.163009 1975.000000 2.000000 0.254044 0.211703 0.179190
d1 0.030000 0.163009 1980.000000 2.000000 0.254044 0.211703 0.179246
d1 0.030000 0.163009 1985.000000 2.000000 0.254044 0.211703 0.179301
d1 0.030000 0.163009 1990.000000 2.000000 0.254044 0.211703 0.179356
d1 0.030000 0.163009 1995.000000 2.000000 0.254044 0.211703 0.179410
d1 0.030000 0.163009 2000.000000 2.000000 0.254044 0.211703 0.179464
d1 0.030000 0.163009 2005.000000 2.000000 0.254044 0.211703 0.179517
d1 0.030000 0.163009 2010.000000 2.000000 0.254044 0.211703 0.179569
d1 0.030000 0.163009 2015.000000 2.000000 0.254044 0.211703 0.179621
d1 0.030000 0.163009 2020.000000 2.000000 0.254044 0.211703 0.179672
d1 0.030000 0.163009 2025.000000 2.000000 0.254044 0.211703 0.179722
d1 0.030000 0.163009 2030.000000 2.000000 0.254044 0.211703 0.179772
d1 0.030000 0.163009 2035.000000 2.000000 0.254044 0.211703 0.179822
d1 0.030000 0.163009 2040.000000 2.000000 0.254044 0.211703 0.179870
d1 0.030000 0.163009 2045.000000 2.000000 0.254044 0.211703 0.179919
d1 0.030000 0.163009 2050.000000 2.000000 0.254044 0.211703 0.179966
d1 0.030000 0.163009 2055.000000 2.000000 0.254044 0.211703 0.180013
d1 0.030000 0.163009 2060.000000 2.000000 0.254044 0.211703 0.180060
d1 0.030000 0.163009 2065.000000 2.000000 0.254044 0.211703 0.180106
d1 0.030000 0.163009 2070.000000 2.000000 0.254044 0.211703 0.180152
d1 0.030000 0.163009 2075.000000 2.000000 0.254044 0.211703 0.180197
d1 0.030000 0.163009 2080.000000 2.000000 0.254044 0.211703 0.180241
d1 0.030000 0.163009 2085.000000 2.000000 0.254044 0.211703 0.180285
d1 0.030000 0.163009 2090.000000 2.000000 0.254044 0.211703 0.180329
d1 0.030000 0.163009 2095.000000 2.000000 0.254044 0.211703 0.180372
d1 0.030000 0.163009 2100.000000 2.000000 0.254044 0.211703 0.180414
d1 0.030000 0.163009 2105.000000 2.000000 0.254044 0.211703 0.180456
d1 0.030000 0.163009 2110.000000 2.000000 0.254044 0.211703 0.180498
d1 0.030000 0.163009 2115.000000 2.000000 0.254044 0.211703 0.180539
d1 0.030000 0.163009 2120.000000 2.000000 0.254044 0.211703 0.180579
d1 0.030000 0.163009 2125.000000 2.000000 0.254044 0.211703 0.180620
d1 0.030000 0.163009 2130.000000 2.000000 0.254044 0.211703 0.180659
d1 0.030000 0.163009 2135.000000 2.000000 0.254044 0.211703 0.180699
d1 0.030000 0.163009 2140.000000 2.000000 0.254044 0.211703 0.180737
d1 0.030000 0.163009 2145.000000 2.000000 0.254044 0.211703 0.180776
d1 0.030000 0.163009 2150.000000 2.000000 0.254044 0.211703 0.180814
d1 0.030000 0.163009 2155.000000 2.000000 0.254044 0.211703 0.180851
d1 0.030000 0.163009 2160.000000 2.000000 0.254044 0.211703 0.180888
d1 0.030000 0.163009 2165.000000 2.000000 0.254044 0.211703 0.180925
d1 0.030000 0.163009 2170.000000 2.000000 0.254044 0.211703 0.180961
d1 0.030000 0.163009 2175.000000 2.000000 0.254044 0.211703 0.180997
d1 0.030000 0.163009 2180.000000 2.000000 0.254044 0.211703 0.181032
d1 0.030000 0.163009 2185.000000 2.000000 0.254044 0.211703 0.181067
d1 0.030000 0.163009 2190.000000 2.000000 0.254044 0.211703 0.181101
d1 0.030000 0.163009 2195.000000 2.000000 0.254044 0.211703 0.181136
d1 0.030000 0.163009 2200.000000 2.000000 0.254044 0.211703 0.181169
d1 0.030000 0.163009 2205.000000 2.000000 0.254044 0.211703 0.181203
d1 0.030000 0.163009 2210.000000 2.000000 0.254044 0.211703 0.181236
d1 0.030000 0.163009 2215.000000 2.000000 0.254044 0.211703 0.181268
d1 0.030000 0.163009 2220.000000 2.000000 0.254044 0.211703 0.181301
d1 0.030000 0.163009 2225.000000 2.000000 0.254044 0.211703 0.181333
d1 0.030000 0.163009 2230.000000 2.000000 0.254044 0.211703 0.181364
d1 0.030000 0.163009 2235.000000 2.000000 0.254044 0.211703 0.181395
d1 0.030000 0.163009 2240.000000 2.000000 0.254044 0.211703 0.181426
d1 0.030000 0.163009 2245.000000 2.000000 0.254044 0.211703 0.181457
d1 0.030000 0.163009 2250.000000 2.000000 0.254044 0.211703 0.181487
d1 0.030000 0.163009 2255.000000 2.000000 0.254044 0.211703 0.181516
d1 0.030000 0.163009 2260.000000 2.000000 0.254044 0.211703 0.181546
d1 0.030000 0.163009 2265.000000 2.000000 0.254044 0.211703 0.181575
d1 0.030000 0.163009 2270.000000 2.000000 0.254044 0.211703 0.181604
d1 0.030000 0.163009 2275.000000 2.000000 0.254044 0.211703 0.181632
d1 0.030000 0.163009 2280.000000 2.000000 0.254044 0.211703 0.181660
d1 0.030000 0.163009 2285.000000 2.000000 0.254044 0.211703 0.181688
d1 0.030000 0.163009 2290.000000 2.000000 0.254044 0.211703 0.181715
d1 0.030000 0.163009 2295.000000 2.000000 0.254044 0.211703 0.181743
d1 0.030000 0.163009 2300.000000 2.000000 0.254044 0.211703 0.181769
d1 0.030000 0.163009 2305.000000 2.000000 0.254044 0.211703 0.181796
d1 0.030000 0.163009 2310.000000 2.000000 0.254044 0.211703 0.181822
d1 0.030000 0.163009 2315.000000 2.000000 0.254044 0.211703 0.181848
d1 0.030000 0.163009 2320.000000 2.000000 0.254044 0.211703 0.181874
d1 0.030000 0.163009 2325.000000 2.000000 0.254044 0.211703 0.181899
d1 0.030000 0.163009 2330.000000 2.000000 0.254044 0.211703 0.181924
d1 0.030000 0.163009 2335.000000 2.000000 0.254044 0.211703 0.181949
d1 0.030000 0.163009 2340.000000 2.000000 0.254044 0.211703 0.181973
d1 0.030000 0.163009 2345.000000 2.000000 0.254044 0.211703 0.181998
d1 0.030000 0.163009 2350.000000 2.000000 0.254044 0.211703 0.182021
d1 0.030000 0.163009 2355.000000 2.000000 0.254044 0.211703 0.182045
d1 0.030000 0.163009 2360.000000 2.000000 0.254044 0.211703 0.182068
d1 0.030000 0.163009 2365.000000 2.000000 0.254044 0.211703 0.182092
d1 0.030000 0.163009 2370.000000 2.000000 0.254044 0.211703 0.182114
d1 0.030000 0.163009 2375.000000 2.000000 0.254044 0.211703 0.182137
d1 0.030000 0.163009 2380.000000 2.000000 0.254044 0.211703 0.182159
d1 0.030000 0.163009 2385.000000 2.000000 0.254044 0.211703 0.182181
d1 0.030000 0.163009 2390.000000 2.000000 0.254044 0.211703 0.182203
d1 0.030000 0.163009 2395.000000 2.000000 0.254044 0.211703 0.182225
d1 0.030000 0.163009 2400.000000 2.000000 0.254044 0.211703 0.182246
d1 0.030000 0.163009 2405.000000 2.000000 0.254044 0.211703 0.182267
d1 0.030000 0.163009 2410.000000 2.000000 0.254044 0.211703 0.182288
d1 0.030000 0.163009 2415.000000 2.000000 0.254044 0.211703 0.182309
d1 0.030000 0.163009 2420.000000 2.000000 0.254044 0.211703 0.182329
d1 0.030000 0.163009 2425.000000 2.000000 0.254044 0.211703 0.182349
d1 0.030000 0.163009 2430.000000 2.000000 0.254044 0.211703 0.182369
d1 0.030000 0.163009 2435.000000 2.000000 0.254044 0.211703 0.182389
d1 0.030000 0.163009 2440.000000 2.000000 0.254044 0.211703 0.182408
d1 0.030000 0.163009 2445.000000 2.000000 0.254044 0.211703 0.182427
d1 0.030000 0.163009 2450.000000 2.000000 0.254044 0.211703 0.182446
d1 0.030000 0.163009 2455.000000 2.000000 0.254044 0.211703 0.182465
d1 0.030000 0.163009 2460.000000 2.000000 0.254044 0.211703 0.182484
d1 0.030000 0.163009 2465.000000 2.000000 0.254044 0.211703 0.182502
d1 0.030000 0.163009 2470.000000 2.000000 0.254044 0.211703 0.182520
d1 0.030000 0.163009 2475.000000 2.000000 0.254044 0.211703 0.182538
d1 0.030000 0.163009 2480.000000 2.000000 0.254044 0.211703 0.182556
d1 0.030000 0.163009 2485.000000 2.000000 0.254044 0.211703 0.182574
d1 0.030000 0.163009 2490.000000 2.000000 0.254044 0.211703 0.182591
d1 0.030000 0.163009 2495.000000 2.000000 0.254044 0.211703 0.182608
d1 0.030000 0.163009 2500.000000 2.000000 0.254044 0.211703 0.182625
d1 0.030000 0.163009 2505.000000 2.000000 0.254044 0.211703 0.182642
d1 0.030000 0.163009 2510.000000 2.000000 0.254044 0.211703 0.182658
d1 0.030000 0.163009 2515.000000 2.000000 0.254044 0.211703 0.182675
d1 0.030000 0.163009 2520.000000 2.000000 0.254044 0.211703 0.182691
d1 0.030000 0.163009 2525.000000 2.000000 0.254044 0.211703 0.182707
d1 0.030000 0.163009 2530.000000 2.000000 0.254044 0.211703 0.182723
d1 0.030000 0.163009 2535.000000 2.000000 0.254044 0.211703 0.182738
d1 0.030000 0.163009 2540.000000 2.000000 0.254044 0.211703 0.182754
d1 0.030000 0.163009 2545.000000 2.000000 0.254044 0.211703 0.182769
d1 0.030000 0.163009 2550.000000 2.000000 0.254044 0.211703 0.182784
d1 0.030000 0.163009 2555.000000 2.000000 0.254044 0.211703 0.182799
d1 0.030000 0.163009 2560.000000 2.000000 0.254044 0.211703 0.182814
d1 0.030000 0.163009 2565.000000 2.000000 0.254044 0.211703 0.182828
d1 0.030000 0.163009 2570.000000 2.000000 0.254044 0.211703 0.182843
d1 0.030000 0.163009 2575.000000 2.000000 0.254044 0.211703 0.182857
d1 0.030000 0.163009 2580.000000 2.000000 0.254044 0.211703 0.182871
d1 0.030000 0.163009 2585.000000 2.000000 0.254044 0.211703 0.182885
d1 0.030000 0.163009 2590.000000 2.000000 0.254044 0.211703 0.182899
d1 0.030000 0.163009 2595.000000 2.000000 0.254044 0.211703 0.182912
d1 0.030000 0.163009 2600.000000 2.000000 0.254044 0.211703 0.182926
d1 0.030000 0.163009 2605.000000 2.000000 0.254044 0.211703 0.182939
d1 0.030000 0.163009 2610.000000 2.000000 0.254044 0.211703 0.182952
d1 0.030000 0.163009 2615.000000 2.000000 0.254044 0.211703 0.182965
d1 0.030000 0.163009 2620.000000 2.000000 0.254044 0.211703 0.182978
d1 0.030000 0.163009 2625.000000 2.000000 0.254044 0.211703 0.182991
d1 0.030000 0.163009 2630.000000 2.000000 0.254044 0.211703 0.183003
d1 0.030000 0.163009 2635.000000 2.000000 0.254044 0.211703 0.183016
d1 0.030000 0.163009 2640.000000 2.000000 0.254044 0.211703 0.183028
d1 0.030000 0.163009 2645.000000 2.000000 0.254044 0.211703 0.183040
d1 0.030000 0.163009 2650.000000 2.000000 0.254044 0.211703 0.183052
d1 0.030000 0.163009 2655.000000 2.000000 0.254044 0.211703 0.183064
d1 0.030000 0.163009 2660.000000 2.000000 0.254044 0.211703 0.183076
d1 0.030000 0.163009 2665.000000 2.000000 0.254044 0.211703 0.183087
d1 0.030000 0.163009 2670.000000 2.000000 0.254044 0.211703 0.183099
d1 0.030000 0.163009 2675.000000 2.000000 0.254044 0.211703 0.183110
d1 0.030000 0.163009 2680.000000 2.000000 0.254044 0.211703 0.183121
d1 0.030000 0.163009 2685.000000 2.000000 0.254044 0.211703 0.183133
d1 0.030000 0.163009 2690.000000 2.000000 0.254044 0.211703 0.183143
d1 0.030000 0.163009 2695.000000 2.000000 0.254044 0.211703 0.183154
d1 0.030000 0.163009 2700.000000 2.000000 0.254044 0.211703 0.183165
d1 0.030000 0.163009 2705.000000 2.000000 0.254044 0.211703 0.183176
d1 0.030000 0.163009 2710.000000 2.000000 0.254044 0.211703 0.183186
d1 0.030000 0.163009 2715.000000 2.000000 0.254044 0.211703 0.183196
d1 0.030000 0.163009 2720.000000 2.000000 0.254044 0.211703 0.183207
d1 0.030000 0.163009 2725.000000 2.000000 0.254044 0.211703 0.183217
d1 0.030000 0.163009 2730.000000 2.000000 0.254044 0.211703 0.183227
d1 0.030000 0.163009 2735.000000 2.000000 0.254044 0.211703 0.183236
d1 0.030000 0.163009 2740.000000 2.000000 0.254044 0.211703 0.183246
d1 0.030000 0.163009 2745.000000 2.000000 0.254044 0.211703 0.183256
d1 0.030000 0.163009 2750.000000 2.000000 0.254044 0.211703 0.183265
d1 0.030000 0.163009 2755.000000 2.000000 0.254044 0.211703 0.183275
d1 0.030000 0.163009 2760.000000 2.000000 0.254044 0.211703 0.183284
d1 0.030000 0.163009 2765.000000 2.000000 0.254044 0.211703 0.183293
d1 0.030000 0.163009 2770.000000 2.000000 0.254044 0.211703 0.183302
d1 0.030000 0.163009 2775.000000 2.000000 0.254044 0.211703 0.183311
d1 0.030000 0.163009 2780.000000 2.000000 0.254044 0.211703 0.183320
d1 0.030000 0.163009 2785.000000 2.000000 0.254044 0.211703 0.183329
d1 0.030000 0.163009 2790.000000 2.000000 0.254044 0.211703 0.183338
d1 0.030000 0.163009 2795.000000 2.000000 0.254044 0.211703 0.183346
d1 0.030000 0.163009 2800.000000 2.000000 0.254044 0.211703 0.183355
d1 0.030000 0.163009 2805.000000 2.000000 0.254044 0.211703 0.183363
d1 0.030000 0.163009 2810.000000 2.000000 0.254044 0.211703 0.183372
d1 0.030000 0.163009 2815.000000 2.000000 0.254044 0.211703 0.183380
d1 0.030000 0.163009 2820.000000 2.000000 0.254044 0.211703 0.183388
d1 0.030000 0.163009 2825.000000 2.000000 0.254044 0.211703 0.183396
d1 0.030000 0.163009 2830.000000 2.000000 0.254044 0.211703 0.183404
d1 0.030000 0.163009 2835.000000 2.000000 0.254044 0.211703 0.183412
d1 0.030000 0.163009 2840.000000 2.000000 0.254044 0.211703 0.183419
d1 0.030000 0.163009 2845.000000 2.000000 0.254044 0.211703 0.183427
d1 0.030000 0.163009 2850.000000 2.000000 0.254044 0.211703 0.183435
d1 0.030000 0.163009 2855.000000 2.000000 0.254044 0.211703 0.183442
d1 0.030000 0.163009 2860.000000 2.000000 0.254044 0.211703 0.183450
d1 0.030000 0.163009 2865.000000 2.000000 0.254044 0.211703 0.183457
d1 0.030000 0.163009 2870.000000 2.000000 0.254044 0.211703 0.183464
d1 0.030000 0.163009 2875.000000 2.000000 0.254044 0.211703 0.183471
d1 0.030000 0.163009 2880.000000 2.000000 0.254044 0.211703 0.183478
d1 0.030000 0.163009 2885.000000 2.000000 0.254044 0.211703 0.183485
d1 0.030000 0.163009 2890.000000 2.000000 0.254044 0.211703 0.183492
d1 0.030000 0.163009 2895.000000 2.000000 0.254044 0.211703 0.183499
d1 0.030000 0.163009 2900.000000 2.000000 0.254044 0.211703 0.183506
d1 0.030000 0.163009 2905.000000 2.000000 0.254044 0.211703 0.183512
d1 0.030000 0.163009 2910.000000 2.000000 0.254044 0.211703 0.183519
d1 0.030000 0.163009 2915.000000 2.000000 0.254044 0.211703 0.183526
d1 0.030000 0.163009 2920.000000 2.000000 0.254044 0.211703 0.183532
d1 0.030000 0.163009 2925.000000 2.000000 0.254044 0.211703 0.183538
d1 0.030000 0.163009 2930.000000 2.000000 0.254044 0.211703 0.183545
d1 0.030000 0.163009 2935.000000 2.000000 0.254044 0.211703 0.183551
d1 0.030000 0.163009 2940.000000 2.000000 0.254044 0.211703 0.183557
d1 0.030000 0.163009 2945.000000 2.000000 0.254044 0.211703 0.183563
d1 0.030000 0.163009 2950.000000 2.000000 0.254044 0.211703 0.183569
d1 0.030000 0.163009 2955.000000 2.000000 0.254044 0.211703 0.183575
d1 0.030000 0.163009 2960.000000 2.000000 0.254044 0.211703 0.183581
d1 0.030000 0.163009 2965.000000 2.000000 0.254044 0.211703 0.183587
d1 0.030000 0.163009 2970.000000 2.000000 0.254044 0.211703 0.183593
d1 0.030000 0.163009 2975.000000 2.000000 0.254044 0.211703 0.183598
d1 0.030000 0.163009 2980.000000 2.000000 0.254044 0.211703 0.183604
d1 0.030000 0.163009 2985.000000 2.000000 0.254044 0.211703 0.183609
d1 0.030000 0.163009 2990.000000 2.000000 0.254044 0.211703 0.183615
d1 0.030000 0.163009 2995.000000 2.000000 0.254044 0.211703 0.183620
d1 0.030000 0.163009 3000.000000 2.000000 0.254044 0.211703 0.183626
d1 0.030000 0.163009 3005.000000 2.000000 0.254044 0.211703 0.183631
d1 0.030000 0.163009 3010.000000 2.000000 0.254044 0.211703 0.183636
d1 0.030000 0.163009 3015.000000 2.000000 0.254044 0.211703 0.183641
d1 0.030000 0.163009 3020.000000 2.000000 0.254044 0.211703 0.183647
d1 0.030000 0.163009 3025.000000 2.000000 0.254044 0.211703 0.183652
d1 0.030000 0.163009 3030.000000 2.000000 0.254044 0.211703 0.183657
d1 0.030000 0.163009 3035.000000 2.000000 0.254044 0.211703 0.183662
d1 0.030000 0.163009 3040.000000 2.000000 0.254044 0.211703 0.183667
d1 0.030000 0.163009 3045.000000 2.000000 0.254044 0.211703 0.183671
d1 0.030000 0.163009 3050.000000 2.000000 0.254044 0.211703 0.183676
d1 0.030000 0.163009 3055.000000 2.000000 0.254044 0.211703 0.183681
d1 0.030000 0.163009 3060.000000 2.000000 0.254044 0.211703 0.183686
d1 0.030000 0.163009 3065.000000 2.000000 0.254044 0.211703 0.183690
d1 0.030000 0.163009 3070.000000 2.000000 0.254044 0.211703 0.183695
d1 0.030000 0.163009 3075.000000 2.000000 0.254044 0.211703 0.183699
d1 0.030000 0.163009 3080.000000 2.000000 0.254044 0.211703 0.183704
d1 0.030000 0.163009 3085.000000 2.000000 0.254044 0.211703 0.183708
d1 0.030000 0.163009 3090.000000 2.000000 0.254044 0.211703 0.183712
d1 0.030000 0.163009 3095.000000 2.000000 0.254044 0.211703 0.183717
d1 0.030000 0.163009 3100.000000 2.000000 0.254044 0.211703 0.183721
d1 0.030000 0.163009 3105.000000 2.000000 0.254044 0.211703 0.183725
d1 0.030000 0.163009 3110.000000 2.000000 0.254044 0.211703 0.183729
d1 0.030000 0.163009 3115.000000 2.000000 0.254044 0.211703 0.183734
d1 0.030000 0.163009 3120.000000 2.000000 0.254044 0.211703 0.183738
d1 0.030000 0.163009 3125.000000 2.000000 0.254044 0.211703 0.183742
d1 0.030000 0.163009 3130.000000 2.000000 0.254044 0.211703 0.183746
d1 0.030000 0.163009 3135.000000 2.000000 0.254044 0.211703 0.183750
d1 0.030000 0.163009 3140.000000 2.000000 0.254044 0.211703 0.183753
d1 0.030000 0.163009 3145.000000 2.000000 0.254044 0.211703 0.183757
d1 0.030000 0.163009 3150.000000 2.000000 0.254044 0.211703 0.183761
d1 0.030000 0.163009 3155.000000 2.000000 0.254044 0.211703 0.183765
d1 0.030000 0.163009 3160.000000 2.000000 0.254044 0.211703 0.183769
d1 0.030000 0.163009 3165.000000 2.000000 0.254044 0.211703 0.183772
d1 0.030000 0.163009 3170.000000 2.000000 0.254044 0.211703 0.183776
d1 0.030000 0.163009 3175.000000 2.000000 0.254044 0.211703 0.183779
d1 0.030000 0.163009 3180.000000 2.000000 0.254044 0.211703 0.183783
d1 0.030000 0.163009 3185.000000 2.000000 0.254044 0.211703 0.183786
d1 0.030000 0.163009 3190.000000 2.000000 0.254044 0.211703 0.183790
d1 0.030000 0.163009 3195.000000 2.000000 0.254044 0.211703 0.183793
d1 0.030000 0.163009 3200.000000 2.000000 0.254044 0.211703 0.183797
d1 0.030000 0.163009 3205.000000 2.000000 0.254044 0.211703 0.183800
d1 0.030000 0.163009 3210.000000 2.000000 0.254044 0.211703 0.183803
d1 0.030000 0.163009 3215.000000 2.000000 0.254044 0.211703 0.183807
d1 0.030000 0.163009 3220.000000 2.000000 0.254044 0.211703 0.183810
d1 0.030000 0.163009 3225.000000 2.000000 0.254044 0.211703 0.183813
d1 0.030000 0.163009 3230.000000 2.000000 0.254044 0.211703 0.183816
d1 0.030000 0.163009 3235.000000 2.000000 0.254044 0.211703 0.183819
d1 0.030000 0.163009 3240.000000 2.000000 0.254044 0.211703 0.183823
d1 0.030000 0.163009 3245.000000 2.000000 0.254044 0.211703 0.183826
d1 0.030000 0.163009 3250.000000 2.000000 0.254044 0.211703 0.183829
d1 0.030000 0.163009 3255.000000 2.000000 0.254044 0.211703 0.183832
d1 0.030000 0.163009 3260.000000 2.000000 0.254044 0.211703 0.183835
d1 0.030000 0.163009 3265.000000 2.000000 0.254044 0.211703 0.183837
d1 0.030000 0.163009 3270.000000 2.000000 0.254044 0.211703 0.183840
d1 0.030000 0.163009 3275.000000 2.000000 0.254044 0.211703 0.183843
d1 0.030000 0.163009 3280.000000 2.000000 0.254044 0.211703 0.183846
d1 0.030000 0.163009 3285.000000 2.000000 0.254044 0.211703 0.183849
d1 0.030000 0.163009 3290.000000 2.000000 0.254044 0.211703 0.183852
d1 0.030000 0.163009 3295.000000 2.000000 0.254044 0.211703 0.183854
d1 0.030000 0.163009 3300.000000 2.000000 0.254044 0.211703 0.183857
d1 0.030000 0.163009 3305.000000 2.000000 0.254044 0.211703 0.183860
d1 0.030000 0.163009 3310.000000 2.000000 0.254044 0.211703 0.183862
d1 0.030000 0.163009 3315.000000 2.000000 0.254044 0.211703 0.183865
d1 0.030000 0.163009 3320.000000 2.000000 0.254044 0.211703 0.183867
d1 0.030000 0.163009 3325.000000 2.000000 0.254044 0.211703 0.183870
d1 0.030000 0.163009 3330.000000 2.000000 0.254044 0.211703 0.183872
d1 0.030000 0.163009 3335.000000 2.000000 0.254044 0.211703 0.183875
d1 0.030000 0.163009 3340.000000 2.000000 0.254044 0.211703 0.183877
d1 0.030000 0.163009 3345.000000 2.000000 0.254044 0.211703 0.183880
d1 0.030000 0.163009 3350.000000 2.000000 0.254044 0.211703 0.183882
d1 0.030000 0.163009 3355.000000 2.000000 0.254044 0.211703 0.183885
d1 0.030000 0.163009 3360.000000 2.000000 0.254044 0.211703 0.183887
d1 0.030000 0.163009 3365.000000 2.000000 0.254044 0.211703 0.183889
d1 0.030000 0.163009 3370.000000 2.000000 0.254044 0.211703 0.183892
d1 0.030000 0.163009 3375.000000 2.000000 0.254044 0.211703 0.183894
d1 0.030000 0.163009 3380.000000 2.000000 0.254044 0.211703 0.183896
d1 0.030000 0.163009 3385.000000 2.000000 0.254044 0.211703 0.183898
d1 0.030000 0.163009 3390.000000 2.000000 0.254044 0.211703 0.183900
d1 0.030000 0.163009 3395.000000 2.000000 0.254044 0.211703 0.183903
d1 0.030000 0.163009 3400.000000 2.000000 0.254044 0.211703 0.183905
d1 0.030000 0.163009 3405.000000 2.000000 0.254044 0.211703 0.183907
d1 0.030000 0.163009 3410.000000 2.000000 0.254044 0.211703 0.183909
d1 0.030000 0.163009 3415.000000 2.000000 0.254044 0.211703 0.183911
d1 0.030000 0.163009 3420.000000 2.000000 0.254044 0.211703 0.183913
d1 0.030000 0.163009 3425.000000 2.000000 0.254044 0.211703 0.183915
d1 0.030000 0.163009 3430.000000 2.000000 0.254044 0.211703 0.183917
d1 0.030000 0.163009 3435.000000 2.000000 0.254044 0.211703 0.183919
d1 0.030000 0.163009 3440.000000 2.000000 0.254044 0.211703 0.183921
d1 0.030000 0.163009 3445.000000 2.000000 0.254044 0.211703 0.183923
d1 0.030000 0.163009 3450.000000 2.000000 0.254044 0.211703 0.183925
d1 0.030000 0.163009 3455.000000 2.000000 0.254044 0.211703 0.183927
d1 0.030000 0.163009 3460.000000 2.000000 0.254044 0.211703 0.183929
d1 0.030000 0.163009 3465.000000 2.000000 0.254044 0.211703 0.183930
d1 0.030000 0.163009 3470.000000 2.000000 0.254044 0.211703 0.183932
d1 0.030000 0.163009 3475.000000 2.000000 0.254044 0.211703 0.183934
d1 0.030000 0.163009 3480.000000 2.000000 0.254044 0.211703 0.183936
d1 0.030000 0.163009 3485.000000 2.000000 0.254044 0.211703 0.183938
d1 0.030000 0.163009 3490.000000 2.000000 0.254044 0.211703 0.183939
d1 0.030000 0.163009 3495.000000 2.000000 0.254044 0.211703 0.183941
d1 0.030000 0.163009 3500.000000 2.000000 0.254044 0.211703 0.183943
d1 0.030000 0.163009 3505.000000 2.000000 0.254044 0.211703 0.183944
d1 0.030000 0.163009 3510.000000 2.000000 0.254044 0.211703 0.183946
d1 0.030000 0.163009 3515.000000 2.000000 0.254044 0.211703 0.183948
d1 0.030000 0.163009 3520.000000 2.000000 0.254044 0.211703 0.183949
d1 0.030000 0.163009 3525.000000 2.000000 0.254044 0.211703 0.183951
d1 0.030000 0.163009 3530.000000 2.000000 0.254044 0.211703 0.183953
d1 0.030000 0.163009 3535.000000 2.000000 0.254044 0.211703 0.183954
d1 0.030000 0.163009 3540.000000 2.000000 0.254044 0.211703 0.183956
d1 0.030000 0.163009 3545.000000 2.000000 0.254044 0.211703 0.183957
d1 0.030000 0.163009 3550.000000 2.000000 0.254044 0.211703 0.183959
d1 0.030000 0.163009 3555.000000 2.000000 0.254044 0.211703 0.183960
d1 0.030000 0.163009 3560.000000 2.000000 0.254044 0.211703 0.183962
d1 0.030000 0.163009 3565.000000 2.000000 0.254044 0.211703 0.183963
d1 0.030000 0.163009 3570.000000 2.000000 0.254044 0.211703 0.183965
d1 0.030000 0.163009 3575.000000 2.000000 0.254044 0.211703 0.183966
d1 0.030000 0.163009 3580.000000 2.000000 0.254044 0.211703 0.183967
d1 0.030000 0.163009 3585.000000 2.000000 0.254044 0.211703 0.183969
d1 0.030000 0.163009 3590.000000 2.000000 0.254044 0.211703 0.183970
d1 0.030000 0.163009 3595.000000 2.000000 0.254044 0.211703 0.183972
d1 0.030000 0.163009 3600.000000 2.000000 0.254044 0.211703 0.183973
