HEADER DATE 31-Jul-2017 20:08:02
HEADER RANDSEED 1742198561
Param True_Value Sim_Value Sim_Time Input mRNA foldedP fluo
alpha2 0.010000 0.088163 0.000000 0.000000 0.001104 0.008111 0.007053
alpha2 0.010000 0.088163 5.000000 0.000000 0.001104 0.008111 0.007053
alpha2 0.010000 0.088163 10.000000 0.000000 0.001104 0.008111 0.007053
alpha2 0.010000 0.088163 15.000000 0.000000 0.001104 0.008111 0.007053
alpha2 0.010000 0.088163 20.000000 0.000000 0.001104 0.008111 0.007053
alpha2 0.010000 0.088163 25.000000 0.000000 0.001104 0.008111 0.007053
alpha2 0.010000 0.088163 30.000000 0.000000 0.001104 0.008111 0.007053
alpha2 0.010000 0.088163 35.000000 0.000000 0.001104 0.008111 0.007053
alpha2 0.010000 0.088163 40.000000 0.000000 0.001104 0.008111 0.007053
alpha2 0.010000 0.088163 45.000000 0.000000 0.001104 0.008111 0.007053
alpha2 0.010000 0.088163 50.000000 0.000000 0.001104 0.008111 0.007053
alpha2 0.010000 0.088163 55.000000 0.000000 0.001104 0.008111 0.007053
alpha2 0.010000 0.088163 60.000000 0.000000 0.001104 0.008111 0.007053
alpha2 0.010000 0.088163 65.000000 0.000000 0.001104 0.008111 0.007053
alpha2 0.010000 0.088163 70.000000 0.000000 0.001104 0.008111 0.007053
alpha2 0.010000 0.088163 75.000000 0.000000 0.001104 0.008111 0.007053
alpha2 0.010000 0.088163 80.000000 0.000000 0.001104 0.008111 0.007053
alpha2 0.010000 0.088163 85.000000 0.000000 0.001104 0.008111 0.007053
alpha2 0.010000 0.088163 90.000000 0.000000 0.001104 0.008111 0.007053
alpha2 0.010000 0.088163 95.000000 0.000000 0.001104 0.008111 0.007053
alpha2 0.010000 0.088163 100.000000 0.000000 0.001104 0.008111 0.007053
alpha2 0.010000 0.088163 105.000000 0.000000 0.001104 0.008111 0.007053
alpha2 0.010000 0.088163 110.000000 0.000000 0.001104 0.008111 0.007053
alpha2 0.010000 0.088163 115.000000 0.000000 0.001104 0.008111 0.007053
alpha2 0.010000 0.088163 120.000000 0.000000 0.001104 0.008111 0.007053
alpha2 0.010000 0.088163 125.000000 0.000000 0.001104 0.008111 0.007053
alpha2 0.010000 0.088163 130.000000 0.000000 0.001104 0.008111 0.007053
alpha2 0.010000 0.088163 135.000000 0.000000 0.001104 0.008111 0.007053
alpha2 0.010000 0.088163 140.000000 0.000000 0.001104 0.008111 0.007053
alpha2 0.010000 0.088163 145.000000 0.000000 0.001104 0.008111 0.007053
alpha2 0.010000 0.088163 150.000000 0.000000 0.001104 0.008111 0.007053
alpha2 0.010000 0.088163 155.000000 0.000000 0.001104 0.008111 0.007053
alpha2 0.010000 0.088163 160.000000 0.000000 0.001104 0.008111 0.007053
alpha2 0.010000 0.088163 165.000000 0.000000 0.001104 0.008111 0.007053
alpha2 0.010000 0.088163 170.000000 0.000000 0.001104 0.008111 0.007053
alpha2 0.010000 0.088163 175.000000 0.000000 0.001104 0.008111 0.007053
alpha2 0.010000 0.088163 180.000000 0.000000 0.001104 0.008111 0.007053
alpha2 0.010000 0.088163 185.000000 0.000000 0.001104 0.008111 0.007053
alpha2 0.010000 0.088163 190.000000 0.000000 0.001104 0.008111 0.007053
alpha2 0.010000 0.088163 195.000000 0.000000 0.001104 0.008111 0.007053
alpha2 0.010000 0.088163 200.000000 0.000000 0.001104 0.008111 0.007053
alpha2 0.010000 0.088163 205.000000 0.000000 0.001104 0.008111 0.007053
alpha2 0.010000 0.088163 210.000000 0.000000 0.001104 0.008111 0.007053
alpha2 0.010000 0.088163 215.000000 0.000000 0.001104 0.008111 0.007053
alpha2 0.010000 0.088163 220.000000 0.000000 0.001104 0.008111 0.007053
alpha2 0.010000 0.088163 225.000000 0.000000 0.001104 0.008111 0.007053
alpha2 0.010000 0.088163 230.000000 0.000000 0.001104 0.008111 0.007053
alpha2 0.010000 0.088163 235.000000 0.000000 0.001104 0.008111 0.007053
alpha2 0.010000 0.088163 240.000000 0.000000 0.001104 0.008111 0.007053
alpha2 0.010000 0.088163 245.000000 0.000000 0.001104 0.008111 0.007053
alpha2 0.010000 0.088163 250.000000 0.000000 0.001104 0.008111 0.007053
alpha2 0.010000 0.088163 255.000000 0.000000 0.001104 0.008111 0.007053
alpha2 0.010000 0.088163 260.000000 0.000000 0.001104 0.008111 0.007053
alpha2 0.010000 0.088163 265.000000 0.000000 0.001104 0.008111 0.007053
alpha2 0.010000 0.088163 270.000000 0.000000 0.001104 0.008111 0.007053
alpha2 0.010000 0.088163 275.000000 0.000000 0.001104 0.008111 0.007053
alpha2 0.010000 0.088163 280.000000 0.000000 0.001104 0.008111 0.007053
alpha2 0.010000 0.088163 285.000000 0.000000 0.001104 0.008111 0.007053
alpha2 0.010000 0.088163 290.000000 0.000000 0.001104 0.008111 0.007053
alpha2 0.010000 0.088163 295.000000 0.000000 0.001104 0.008111 0.007053
alpha2 0.010000 0.088163 300.000000 2.000000 0.001104 0.008111 0.007053
alpha2 0.010000 0.088163 305.000000 2.000000 0.193226 0.050649 0.007197
alpha2 0.010000 0.088163 310.000000 2.000000 0.358587 0.166983 0.008143
alpha2 0.010000 0.088163 315.000000 2.000000 0.500915 0.342192 0.010540
alpha2 0.010000 0.088163 320.000000 2.000000 0.623417 0.563702 0.014891
alpha2 0.010000 0.088163 325.000000 2.000000 0.728856 0.820948 0.021581
alpha2 0.010000 0.088163 330.000000 2.000000 0.819608 1.105073 0.030893
alpha2 0.010000 0.088163 335.000000 2.000000 0.897719 1.408682 0.043026
alpha2 0.010000 0.088163 340.000000 2.000000 0.964950 1.725621 0.058110
alpha2 0.010000 0.088163 345.000000 2.000000 1.022816 2.050793 0.076218
alpha2 0.010000 0.088163 350.000000 2.000000 1.072621 2.380002 0.097375
alpha2 0.010000 0.088163 355.000000 2.000000 1.115490 2.709813 0.121568
alpha2 0.010000 0.088163 360.000000 2.000000 1.152386 3.037437 0.148756
alpha2 0.010000 0.088163 365.000000 2.000000 1.184144 3.360630 0.178870
alpha2 0.010000 0.088163 370.000000 2.000000 1.211478 3.677609 0.211823
alpha2 0.010000 0.088163 375.000000 2.000000 1.235004 3.986981 0.247514
alpha2 0.010000 0.088163 380.000000 2.000000 1.255254 4.287676 0.285831
alpha2 0.010000 0.088163 385.000000 2.000000 1.272683 4.578899 0.326652
alpha2 0.010000 0.088163 390.000000 2.000000 1.287684 4.860083 0.369853
alpha2 0.010000 0.088163 395.000000 2.000000 1.300596 5.130847 0.415304
alpha2 0.010000 0.088163 400.000000 2.000000 1.311709 5.390969 0.462874
alpha2 0.010000 0.088163 405.000000 2.000000 1.321274 5.640354 0.512434
alpha2 0.010000 0.088163 410.000000 2.000000 1.329507 5.879014 0.563852
alpha2 0.010000 0.088163 415.000000 2.000000 1.336593 6.107044 0.617003
alpha2 0.010000 0.088163 420.000000 2.000000 1.342692 6.324608 0.671761
alpha2 0.010000 0.088163 425.000000 2.000000 1.347942 6.531923 0.728005
alpha2 0.010000 0.088163 430.000000 2.000000 1.352460 6.729250 0.785617
alpha2 0.010000 0.088163 435.000000 2.000000 1.356349 6.916878 0.844484
alpha2 0.010000 0.088163 440.000000 2.000000 1.359696 7.095124 0.904496
alpha2 0.010000 0.088163 445.000000 2.000000 1.362577 7.264319 0.965549
alpha2 0.010000 0.088163 450.000000 2.000000 1.365057 7.424804 1.027542
alpha2 0.010000 0.088163 455.000000 2.000000 1.367191 7.576928 1.090380
alpha2 0.010000 0.088163 460.000000 2.000000 1.369028 7.721040 1.153972
alpha2 0.010000 0.088163 465.000000 2.000000 1.370609 7.857490 1.218231
alpha2 0.010000 0.088163 470.000000 2.000000 1.371970 7.986620 1.283076
alpha2 0.010000 0.088163 475.000000 2.000000 1.373141 8.108771 1.348428
alpha2 0.010000 0.088163 480.000000 2.000000 1.374149 8.224273 1.414214
alpha2 0.010000 0.088163 485.000000 2.000000 1.375017 8.333449 1.480364
alpha2 0.010000 0.088163 490.000000 2.000000 1.375764 8.436612 1.546813
alpha2 0.010000 0.088163 495.000000 2.000000 1.376407 8.534064 1.613499
alpha2 0.010000 0.088163 500.000000 2.000000 1.376960 8.626095 1.680365
alpha2 0.010000 0.088163 505.000000 2.000000 1.377436 8.712987 1.747355
alpha2 0.010000 0.088163 510.000000 2.000000 1.377846 8.795008 1.814419
alpha2 0.010000 0.088163 515.000000 2.000000 1.378199 8.872415 1.881508
alpha2 0.010000 0.088163 520.000000 2.000000 1.378503 8.945454 1.948578
alpha2 0.010000 0.088163 525.000000 2.000000 1.378764 9.014360 2.015587
alpha2 0.010000 0.088163 530.000000 2.000000 1.378989 9.079357 2.082494
alpha2 0.010000 0.088163 535.000000 2.000000 1.379183 9.140659 2.149265
alpha2 0.010000 0.088163 540.000000 2.000000 1.379349 9.198467 2.215863
alpha2 0.010000 0.088163 545.000000 2.000000 1.379493 9.252975 2.282259
alpha2 0.010000 0.088163 550.000000 2.000000 1.379616 9.304366 2.348421
alpha2 0.010000 0.088163 555.000000 2.000000 1.379722 9.352812 2.414324
alpha2 0.010000 0.088163 560.000000 2.000000 1.379814 9.398480 2.479940
alpha2 0.010000 0.088163 565.000000 2.000000 1.379893 9.441525 2.545247
alpha2 0.010000 0.088163 570.000000 2.000000 1.379960 9.482094 2.610223
alpha2 0.010000 0.088163 575.000000 2.000000 1.380019 9.520327 2.674847
alpha2 0.010000 0.088163 580.000000 2.000000 1.380069 9.556357 2.739102
alpha2 0.010000 0.088163 585.000000 2.000000 1.380112 9.590309 2.802970
alpha2 0.010000 0.088163 590.000000 2.000000 1.380149 9.622300 2.866435
alpha2 0.010000 0.088163 595.000000 2.000000 1.380181 9.652444 2.929483
alpha2 0.010000 0.088163 600.000000 2.000000 1.380209 9.680844 2.992102
alpha2 0.010000 0.088163 605.000000 2.000000 1.380233 9.707602 3.054278
alpha2 0.010000 0.088163 610.000000 2.000000 1.380253 9.732811 3.116002
alpha2 0.010000 0.088163 615.000000 2.000000 1.380271 9.756560 3.177263
alpha2 0.010000 0.088163 620.000000 2.000000 1.380286 9.778933 3.238053
alpha2 0.010000 0.088163 625.000000 2.000000 1.380299 9.800009 3.298364
alpha2 0.010000 0.088163 630.000000 2.000000 1.380310 9.819862 3.358189
alpha2 0.010000 0.088163 635.000000 2.000000 1.380320 9.838564 3.417521
alpha2 0.010000 0.088163 640.000000 2.000000 1.380328 9.856181 3.476355
alpha2 0.010000 0.088163 645.000000 2.000000 1.380335 9.872775 3.534687
alpha2 0.010000 0.088163 650.000000 2.000000 1.380341 9.888406 3.592512
alpha2 0.010000 0.088163 655.000000 2.000000 1.380347 9.903128 3.649826
alpha2 0.010000 0.088163 660.000000 2.000000 1.380351 9.916996 3.706628
alpha2 0.010000 0.088163 665.000000 2.000000 1.380355 9.930057 3.762913
alpha2 0.010000 0.088163 670.000000 2.000000 1.380358 9.942360 3.818681
alpha2 0.010000 0.088163 675.000000 2.000000 1.380361 9.953947 3.873931
alpha2 0.010000 0.088163 680.000000 2.000000 1.380364 9.964861 3.928660
alpha2 0.010000 0.088163 685.000000 2.000000 1.380366 9.975140 3.982869
alpha2 0.010000 0.088163 690.000000 2.000000 1.380368 9.984821 4.036557
alpha2 0.010000 0.088163 695.000000 2.000000 1.380369 9.993939 4.089724
alpha2 0.010000 0.088163 700.000000 2.000000 1.380371 10.002527 4.142372
alpha2 0.010000 0.088163 705.000000 2.000000 1.380372 10.010616 4.194501
alpha2 0.010000 0.088163 710.000000 2.000000 1.380373 10.018234 4.246111
alpha2 0.010000 0.088163 715.000000 2.000000 1.380374 10.025408 4.297205
alpha2 0.010000 0.088163 720.000000 2.000000 1.380375 10.032166 4.347785
alpha2 0.010000 0.088163 725.000000 2.000000 1.380375 10.038530 4.397850
alpha2 0.010000 0.088163 730.000000 2.000000 1.380376 10.044523 4.447405
alpha2 0.010000 0.088163 735.000000 2.000000 1.380376 10.050168 4.496451
alpha2 0.010000 0.088163 740.000000 2.000000 1.380377 10.055484 4.544991
alpha2 0.010000 0.088163 745.000000 2.000000 1.380377 10.060491 4.593027
alpha2 0.010000 0.088163 750.000000 2.000000 1.380377 10.065207 4.640562
alpha2 0.010000 0.088163 755.000000 2.000000 1.380378 10.069648 4.687600
alpha2 0.010000 0.088163 760.000000 2.000000 1.380378 10.073830 4.734142
alpha2 0.010000 0.088163 765.000000 2.000000 1.380378 10.077769 4.780192
alpha2 0.010000 0.088163 770.000000 2.000000 1.380378 10.081479 4.825754
alpha2 0.010000 0.088163 775.000000 2.000000 1.380378 10.084973 4.870830
alpha2 0.010000 0.088163 780.000000 2.000000 1.380379 10.088263 4.915425
alpha2 0.010000 0.088163 785.000000 2.000000 1.380379 10.091362 4.959542
alpha2 0.010000 0.088163 790.000000 2.000000 1.380379 10.094280 5.003184
alpha2 0.010000 0.088163 795.000000 2.000000 1.380379 10.097028 5.046356
alpha2 0.010000 0.088163 800.000000 2.000000 1.380379 10.099617 5.089060
alpha2 0.010000 0.088163 805.000000 2.000000 1.380379 10.102055 5.131301
alpha2 0.010000 0.088163 810.000000 2.000000 1.380379 10.104350 5.173082
alpha2 0.010000 0.088163 815.000000 2.000000 1.380379 10.106512 5.214408
alpha2 0.010000 0.088163 820.000000 2.000000 1.380379 10.108549 5.255283
alpha2 0.010000 0.088163 825.000000 2.000000 1.380379 10.110466 5.295709
alpha2 0.010000 0.088163 830.000000 2.000000 1.380379 10.112272 5.335692
alpha2 0.010000 0.088163 835.000000 2.000000 1.380379 10.113973 5.375235
alpha2 0.010000 0.088163 840.000000 2.000000 1.380379 10.115575 5.414342
alpha2 0.010000 0.088163 845.000000 2.000000 1.380379 10.117083 5.453018
alpha2 0.010000 0.088163 850.000000 2.000000 1.380379 10.118504 5.491266
alpha2 0.010000 0.088163 855.000000 2.000000 1.380379 10.119842 5.529090
alpha2 0.010000 0.088163 860.000000 2.000000 1.380379 10.121102 5.566495
alpha2 0.010000 0.088163 865.000000 2.000000 1.380379 10.122289 5.603484
alpha2 0.010000 0.088163 870.000000 2.000000 1.380379 10.123406 5.640062
alpha2 0.010000 0.088163 875.000000 2.000000 1.380379 10.124459 5.676232
alpha2 0.010000 0.088163 880.000000 2.000000 1.380379 10.125450 5.711999
alpha2 0.010000 0.088163 885.000000 2.000000 1.380379 10.126383 5.747367
alpha2 0.010000 0.088163 890.000000 2.000000 1.380379 10.127262 5.782339
alpha2 0.010000 0.088163 895.000000 2.000000 1.380379 10.128090 5.816920
alpha2 0.010000 0.088163 900.000000 2.000000 1.380379 10.128870 5.851113
alpha2 0.010000 0.088163 905.000000 2.000000 1.380379 10.129604 5.884923
alpha2 0.010000 0.088163 910.000000 2.000000 1.380379 10.130296 5.918353
alpha2 0.010000 0.088163 915.000000 2.000000 1.380379 10.130947 5.951408
alpha2 0.010000 0.088163 920.000000 2.000000 1.380379 10.131560 5.984091
alpha2 0.010000 0.088163 925.000000 2.000000 1.380379 10.132138 6.016406
alpha2 0.010000 0.088163 930.000000 2.000000 1.380379 10.132681 6.048358
alpha2 0.010000 0.088163 935.000000 2.000000 1.380379 10.133194 6.079949
alpha2 0.010000 0.088163 940.000000 2.000000 1.380379 10.133676 6.111184
alpha2 0.010000 0.088163 945.000000 2.000000 1.380379 10.134130 6.142067
alpha2 0.010000 0.088163 950.000000 2.000000 1.380379 10.134558 6.172601
alpha2 0.010000 0.088163 955.000000 2.000000 1.380379 10.134961 6.202789
alpha2 0.010000 0.088163 960.000000 2.000000 1.380379 10.135341 6.232637
alpha2 0.010000 0.088163 965.000000 2.000000 1.380379 10.135698 6.262147
alpha2 0.010000 0.088163 970.000000 2.000000 1.380379 10.136035 6.291323
alpha2 0.010000 0.088163 975.000000 2.000000 1.380379 10.136352 6.320168
alpha2 0.010000 0.088163 980.000000 2.000000 1.380379 10.136651 6.348687
alpha2 0.010000 0.088163 985.000000 2.000000 1.380379 10.136932 6.376883
alpha2 0.010000 0.088163 990.000000 2.000000 1.380379 10.137197 6.404759
alpha2 0.010000 0.088163 995.000000 2.000000 1.380379 10.137446 6.432318
alpha2 0.010000 0.088163 1000.000000 2.000000 1.380379 10.137681 6.459565
alpha2 0.010000 0.088163 1005.000000 2.000000 1.380379 10.137902 6.486503
alpha2 0.010000 0.088163 1010.000000 2.000000 1.380379 10.138110 6.513135
alpha2 0.010000 0.088163 1015.000000 2.000000 1.380379 10.138307 6.539464
alpha2 0.010000 0.088163 1020.000000 2.000000 1.380379 10.138491 6.565495
alpha2 0.010000 0.088163 1025.000000 2.000000 1.380379 10.138665 6.591229
alpha2 0.010000 0.088163 1030.000000 2.000000 1.380379 10.138829 6.616671
alpha2 0.010000 0.088163 1035.000000 2.000000 1.380379 10.138984 6.641823
alpha2 0.010000 0.088163 1040.000000 2.000000 1.380379 10.139129 6.666690
alpha2 0.010000 0.088163 1045.000000 2.000000 1.380379 10.139266 6.691273
alpha2 0.010000 0.088163 1050.000000 2.000000 1.380379 10.139395 6.715577
alpha2 0.010000 0.088163 1055.000000 2.000000 1.380379 10.139516 6.739604
alpha2 0.010000 0.088163 1060.000000 2.000000 1.380379 10.139631 6.763357
alpha2 0.010000 0.088163 1065.000000 2.000000 1.380379 10.139738 6.786840
alpha2 0.010000 0.088163 1070.000000 2.000000 1.380379 10.139840 6.810056
alpha2 0.010000 0.088163 1075.000000 2.000000 1.380379 10.139935 6.833007
alpha2 0.010000 0.088163 1080.000000 2.000000 1.380379 10.140025 6.855696
alpha2 0.010000 0.088163 1085.000000 2.000000 1.380379 10.140110 6.878127
alpha2 0.010000 0.088163 1090.000000 2.000000 1.380379 10.140190 6.900302
alpha2 0.010000 0.088163 1095.000000 2.000000 1.380379 10.140265 6.922225
alpha2 0.010000 0.088163 1100.000000 2.000000 1.380379 10.140335 6.943897
alpha2 0.010000 0.088163 1105.000000 2.000000 1.380379 10.140402 6.965323
alpha2 0.010000 0.088163 1110.000000 2.000000 1.380379 10.140465 6.986504
alpha2 0.010000 0.088163 1115.000000 2.000000 1.380379 10.140524 7.007443
alpha2 0.010000 0.088163 1120.000000 2.000000 1.380379 10.140579 7.028144
alpha2 0.010000 0.088163 1125.000000 2.000000 1.380379 10.140632 7.048609
alpha2 0.010000 0.088163 1130.000000 2.000000 1.380379 10.140681 7.068840
alpha2 0.010000 0.088163 1135.000000 2.000000 1.380379 10.140727 7.088840
alpha2 0.010000 0.088163 1140.000000 2.000000 1.380379 10.140771 7.108612
alpha2 0.010000 0.088163 1145.000000 2.000000 1.380379 10.140812 7.128158
alpha2 0.010000 0.088163 1150.000000 2.000000 1.380379 10.140851 7.147481
alpha2 0.010000 0.088163 1155.000000 2.000000 1.380379 10.140888 7.166584
alpha2 0.010000 0.088163 1160.000000 2.000000 1.380379 10.140922 7.185469
alpha2 0.010000 0.088163 1165.000000 2.000000 1.380379 10.140954 7.204138
alpha2 0.010000 0.088163 1170.000000 2.000000 1.380379 10.140985 7.222593
alpha2 0.010000 0.088163 1175.000000 2.000000 1.380379 10.141013 7.240838
alpha2 0.010000 0.088163 1180.000000 2.000000 1.380379 10.141040 7.258875
alpha2 0.010000 0.088163 1185.000000 2.000000 1.380379 10.141066 7.276706
alpha2 0.010000 0.088163 1190.000000 2.000000 1.380379 10.141090 7.294333
alpha2 0.010000 0.088163 1195.000000 2.000000 1.380379 10.141113 7.311759
alpha2 0.010000 0.088163 1200.000000 2.000000 1.380379 10.141134 7.328986
alpha2 0.010000 0.088163 1205.000000 2.000000 1.380379 10.141154 7.346016
alpha2 0.010000 0.088163 1210.000000 2.000000 1.380379 10.141173 7.362851
alpha2 0.010000 0.088163 1215.000000 2.000000 1.380379 10.141191 7.379494
alpha2 0.010000 0.088163 1220.000000 2.000000 1.380379 10.141208 7.395947
alpha2 0.010000 0.088163 1225.000000 2.000000 1.380379 10.141223 7.412212
alpha2 0.010000 0.088163 1230.000000 2.000000 1.380379 10.141238 7.428292
alpha2 0.010000 0.088163 1235.000000 2.000000 1.380379 10.141252 7.444187
alpha2 0.010000 0.088163 1240.000000 2.000000 1.380379 10.141266 7.459901
alpha2 0.010000 0.088163 1245.000000 2.000000 1.380379 10.141278 7.475435
alpha2 0.010000 0.088163 1250.000000 2.000000 1.380379 10.141290 7.490792
alpha2 0.010000 0.088163 1255.000000 2.000000 1.380379 10.141301 7.505974
alpha2 0.010000 0.088163 1260.000000 2.000000 1.380379 10.141311 7.520982
alpha2 0.010000 0.088163 1265.000000 2.000000 1.380379 10.141321 7.535818
alpha2 0.010000 0.088163 1270.000000 2.000000 1.380379 10.141330 7.550485
alpha2 0.010000 0.088163 1275.000000 2.000000 1.380379 10.141339 7.564984
alpha2 0.010000 0.088163 1280.000000 2.000000 1.380379 10.141347 7.579318
alpha2 0.010000 0.088163 1285.000000 2.000000 1.380379 10.141355 7.593487
alpha2 0.010000 0.088163 1290.000000 2.000000 1.380379 10.141362 7.607495
alpha2 0.010000 0.088163 1295.000000 2.000000 1.380379 10.141369 7.621343
alpha2 0.010000 0.088163 1300.000000 2.000000 1.380379 10.141375 7.635032
alpha2 0.010000 0.088163 1305.000000 2.000000 1.380379 10.141381 7.648565
alpha2 0.010000 0.088163 1310.000000 2.000000 1.380379 10.141387 7.661943
alpha2 0.010000 0.088163 1315.000000 2.000000 1.380379 10.141392 7.675169
alpha2 0.010000 0.088163 1320.000000 2.000000 1.380379 10.141397 7.688243
alpha2 0.010000 0.088163 1325.000000 2.000000 1.380379 10.141402 7.701168
alpha2 0.010000 0.088163 1330.000000 2.000000 1.380379 10.141406 7.713945
alpha2 0.010000 0.088163 1335.000000 2.000000 1.380379 10.141410 7.726576
alpha2 0.010000 0.088163 1340.000000 2.000000 1.380379 10.141414 7.739062
alpha2 0.010000 0.088163 1345.000000 2.000000 1.380379 10.141418 7.751406
alpha2 0.010000 0.088163 1350.000000 2.000000 1.380379 10.141421 7.763609
alpha2 0.010000 0.088163 1355.000000 2.000000 1.380379 10.141424 7.775672
alpha2 0.010000 0.088163 1360.000000 2.000000 1.380379 10.141427 7.787597
alpha2 0.010000 0.088163 1365.000000 2.000000 1.380379 10.141430 7.799386
alpha2 0.010000 0.088163 1370.000000 2.000000 1.380379 10.141433 7.811040
alpha2 0.010000 0.088163 1375.000000 2.000000 1.380379 10.141436 7.822561
alpha2 0.010000 0.088163 1380.000000 2.000000 1.380379 10.141438 7.833951
alpha2 0.010000 0.088163 1385.000000 2.000000 1.380379 10.141440 7.845210
alpha2 0.010000 0.088163 1390.000000 2.000000 1.380379 10.141442 7.856340
alpha2 0.010000 0.088163 1395.000000 2.000000 1.380379 10.141444 7.867343
alpha2 0.010000 0.088163 1400.000000 2.000000 1.380379 10.141446 7.878221
alpha2 0.010000 0.088163 1405.000000 2.000000 1.380379 10.141448 7.888974
alpha2 0.010000 0.088163 1410.000000 2.000000 1.380379 10.141449 7.899604
alpha2 0.010000 0.088163 1415.000000 2.000000 1.380379 10.141451 7.910112
alpha2 0.010000 0.088163 1420.000000 2.000000 1.380379 10.141453 7.920500
alpha2 0.010000 0.088163 1425.000000 2.000000 1.380379 10.141454 7.930770
alpha2 0.010000 0.088163 1430.000000 2.000000 1.380379 10.141456 7.940922
alpha2 0.010000 0.088163 1435.000000 2.000000 1.380379 10.141457 7.950958
alpha2 0.010000 0.088163 1440.000000 2.000000 1.380379 10.141458 7.960880
alpha2 0.010000 0.088163 1445.000000 2.000000 1.380379 10.141459 7.970688
alpha2 0.010000 0.088163 1450.000000 2.000000 1.380379 10.141460 7.980383
alpha2 0.010000 0.088163 1455.000000 2.000000 1.380379 10.141461 7.989968
alpha2 0.010000 0.088163 1460.000000 2.000000 1.380379 10.141463 7.999444
alpha2 0.010000 0.088163 1465.000000 2.000000 1.380379 10.141464 8.008811
alpha2 0.010000 0.088163 1470.000000 2.000000 1.380379 10.141464 8.018071
alpha2 0.010000 0.088163 1475.000000 2.000000 1.380379 10.141465 8.027225
alpha2 0.010000 0.088163 1480.000000 2.000000 1.380379 10.141466 8.036274
alpha2 0.010000 0.088163 1485.000000 2.000000 1.380379 10.141467 8.045220
alpha2 0.010000 0.088163 1490.000000 2.000000 1.380379 10.141468 8.054064
alpha2 0.010000 0.088163 1495.000000 2.000000 1.380379 10.141469 8.062806
alpha2 0.010000 0.088163 1500.000000 2.000000 1.380379 10.141469 8.071449
alpha2 0.010000 0.088163 1505.000000 2.000000 1.380379 10.141470 8.079993
alpha2 0.010000 0.088163 1510.000000 2.000000 1.380379 10.141470 8.088439
alpha2 0.010000 0.088163 1515.000000 2.000000 1.380379 10.141471 8.096788
alpha2 0.010000 0.088163 1520.000000 2.000000 1.380379 10.141472 8.105042
alpha2 0.010000 0.088163 1525.000000 2.000000 1.380379 10.141472 8.113202
alpha2 0.010000 0.088163 1530.000000 2.000000 1.380379 10.141473 8.121269
alpha2 0.010000 0.088163 1535.000000 2.000000 1.380379 10.141473 8.129243
alpha2 0.010000 0.088163 1540.000000 2.000000 1.380379 10.141473 8.137126
alpha2 0.010000 0.088163 1545.000000 2.000000 1.380379 10.141474 8.144919
alpha2 0.010000 0.088163 1550.000000 2.000000 1.380379 10.141474 8.152622
alpha2 0.010000 0.088163 1555.000000 2.000000 1.380379 10.141475 8.160238
alpha2 0.010000 0.088163 1560.000000 2.000000 1.380379 10.141475 8.167767
alpha2 0.010000 0.088163 1565.000000 2.000000 1.380379 10.141475 8.175209
alpha2 0.010000 0.088163 1570.000000 2.000000 1.380379 10.141475 8.182567
alpha2 0.010000 0.088163 1575.000000 2.000000 1.380379 10.141476 8.189840
alpha2 0.010000 0.088163 1580.000000 2.000000 1.380379 10.141476 8.197030
alpha2 0.010000 0.088163 1585.000000 2.000000 1.380379 10.141476 8.204138
alpha2 0.010000 0.088163 1590.000000 2.000000 1.380379 10.141476 8.211165
alpha2 0.010000 0.088163 1595.000000 2.000000 1.380379 10.141476 8.218111
alpha2 0.010000 0.088163 1600.000000 2.000000 1.380379 10.141477 8.224978
alpha2 0.010000 0.088163 1605.000000 2.000000 1.380379 10.141477 8.231766
alpha2 0.010000 0.088163 1610.000000 2.000000 1.380379 10.141477 8.238477
alpha2 0.010000 0.088163 1615.000000 2.000000 1.380379 10.141477 8.245111
alpha2 0.010000 0.088163 1620.000000 2.000000 1.380379 10.141477 8.251669
alpha2 0.010000 0.088163 1625.000000 2.000000 1.380379 10.141477 8.258153
alpha2 0.010000 0.088163 1630.000000 2.000000 1.380379 10.141478 8.264562
alpha2 0.010000 0.088163 1635.000000 2.000000 1.380379 10.141478 8.270897
alpha2 0.010000 0.088163 1640.000000 2.000000 1.380379 10.141478 8.277161
alpha2 0.010000 0.088163 1645.000000 2.000000 1.380379 10.141478 8.283353
alpha2 0.010000 0.088163 1650.000000 2.000000 1.380379 10.141478 8.289473
alpha2 0.010000 0.088163 1655.000000 2.000000 1.380379 10.141478 8.295524
alpha2 0.010000 0.088163 1660.000000 2.000000 1.380379 10.141478 8.301506
alpha2 0.010000 0.088163 1665.000000 2.000000 1.380379 10.141478 8.307420
alpha2 0.010000 0.088163 1670.000000 2.000000 1.380379 10.141478 8.313265
alpha2 0.010000 0.088163 1675.000000 2.000000 1.380379 10.141478 8.319044
alpha2 0.010000 0.088163 1680.000000 2.000000 1.380379 10.141479 8.324757
alpha2 0.010000 0.088163 1685.000000 2.000000 1.380379 10.141479 8.330405
alpha2 0.010000 0.088163 1690.000000 2.000000 1.380379 10.141479 8.335988
alpha2 0.010000 0.088163 1695.000000 2.000000 1.380379 10.141479 8.341507
alpha2 0.010000 0.088163 1700.000000 2.000000 1.380379 10.141479 8.346963
alpha2 0.010000 0.088163 1705.000000 2.000000 1.380379 10.141479 8.352356
alpha2 0.010000 0.088163 1710.000000 2.000000 1.380379 10.141479 8.357688
alpha2 0.010000 0.088163 1715.000000 2.000000 1.380379 10.141479 8.362959
alpha2 0.010000 0.088163 1720.000000 2.000000 1.380379 10.141479 8.368170
alpha2 0.010000 0.088163 1725.000000 2.000000 1.380379 10.141479 8.373321
alpha2 0.010000 0.088163 1730.000000 2.000000 1.380379 10.141479 8.378413
alpha2 0.010000 0.088163 1735.000000 2.000000 1.380379 10.141479 8.383447
alpha2 0.010000 0.088163 1740.000000 2.000000 1.380379 10.141479 8.388424
alpha2 0.010000 0.088163 1745.000000 2.000000 1.380379 10.141479 8.393343
alpha2 0.010000 0.088163 1750.000000 2.000000 1.380379 10.141479 8.398207
alpha2 0.010000 0.088163 1755.000000 2.000000 1.380379 10.141480 8.403014
alpha2 0.010000 0.088163 1760.000000 2.000000 1.380379 10.141480 8.407767
alpha2 0.010000 0.088163 1765.000000 2.000000 1.380379 10.141480 8.412466
alpha2 0.010000 0.088163 1770.000000 2.000000 1.380379 10.141480 8.417110
alpha2 0.010000 0.088163 1775.000000 2.000000 1.380379 10.141480 8.421702
alpha2 0.010000 0.088163 1780.000000 2.000000 1.380379 10.141480 8.426241
alpha2 0.010000 0.088163 1785.000000 2.000000 1.380379 10.141480 8.430728
alpha2 0.010000 0.088163 1790.000000 2.000000 1.380379 10.141480 8.435164
alpha2 0.010000 0.088163 1795.000000 2.000000 1.380379 10.141480 8.439549
alpha2 0.010000 0.088163 1800.000000 2.000000 1.380379 10.141480 8.443884
alpha2 0.010000 0.088163 1805.000000 2.000000 1.380379 10.141480 8.448169
alpha2 0.010000 0.088163 1810.000000 2.000000 1.380379 10.141480 8.452406
alpha2 0.010000 0.088163 1815.000000 2.000000 1.380379 10.141480 8.456594
alpha2 0.010000 0.088163 1820.000000 2.000000 1.380379 10.141480 8.460734
alpha2 0.010000 0.088163 1825.000000 2.000000 1.380379 10.141480 8.464827
alpha2 0.010000 0.088163 1830.000000 2.000000 1.380379 10.141480 8.468873
alpha2 0.010000 0.088163 1835.000000 2.000000 1.380379 10.141480 8.472872
alpha2 0.010000 0.088163 1840.000000 2.000000 1.380379 10.141480 8.476826
alpha2 0.010000 0.088163 1845.000000 2.000000 1.380379 10.141480 8.480735
alpha2 0.010000 0.088163 1850.000000 2.000000 1.380379 10.141480 8.484599
alpha2 0.010000 0.088163 1855.000000 2.000000 1.380379 10.141480 8.488419
alpha2 0.010000 0.088163 1860.000000 2.000000 1.380379 10.141480 8.492195
alpha2 0.010000 0.088163 1865.000000 2.000000 1.380379 10.141480 8.495928
alpha2 0.010000 0.088163 1870.000000 2.000000 1.380379 10.141480 8.499619
alpha2 0.010000 0.088163 1875.000000 2.000000 1.380379 10.141480 8.503267
alpha2 0.010000 0.088163 1880.000000 2.000000 1.380379 10.141480 8.506873
alpha2 0.010000 0.088163 1885.000000 2.000000 1.380379 10.141480 8.510438
alpha2 0.010000 0.088163 1890.000000 2.000000 1.380379 10.141480 8.513963
alpha2 0.010000 0.088163 1895.000000 2.000000 1.380379 10.141480 8.517447
alpha2 0.010000 0.088163 1900.000000 2.000000 1.380379 10.141480 8.520891
alpha2 0.010000 0.088163 1905.000000 2.000000 1.380379 10.141480 8.524296
alpha2 0.010000 0.088163 1910.000000 2.000000 1.380379 10.141480 8.527662
alpha2 0.010000 0.088163 1915.000000 2.000000 1.380379 10.141480 8.530990
alpha2 0.010000 0.088163 1920.000000 2.000000 1.380379 10.141480 8.534279
alpha2 0.010000 0.088163 1925.000000 2.000000 1.380379 10.141480 8.537531
alpha2 0.010000 0.088163 1930.000000 2.000000 1.380379 10.141480 8.540746
alpha2 0.010000 0.088163 1935.000000 2.000000 1.380379 10.141480 8.543924
alpha2 0.010000 0.088163 1940.000000 2.000000 1.380379 10.141480 8.547065
alpha2 0.010000 0.088163 1945.000000 2.000000 1.380379 10.141480 8.550171
alpha2 0.010000 0.088163 1950.000000 2.000000 1.380379 10.141480 8.553241
alpha2 0.010000 0.088163 1955.000000 2.000000 1.380379 10.141480 8.556276
alpha2 0.010000 0.088163 1960.000000 2.000000 1.380379 10.141480 8.559276
alpha2 0.010000 0.088163 1965.000000 2.000000 1.380379 10.141480 8.562242
alpha2 0.010000 0.088163 1970.000000 2.000000 1.380379 10.141480 8.565174
alpha2 0.010000 0.088163 1975.000000 2.000000 1.380379 10.141480 8.568073
alpha2 0.010000 0.088163 1980.000000 2.000000 1.380379 10.141480 8.570938
alpha2 0.010000 0.088163 1985.000000 2.000000 1.380379 10.141480 8.573771
alpha2 0.010000 0.088163 1990.000000 2.000000 1.380379 10.141480 8.576571
alpha2 0.010000 0.088163 1995.000000 2.000000 1.380379 10.141480 8.579340
alpha2 0.010000 0.088163 2000.000000 2.000000 1.380379 10.141480 8.582076
alpha2 0.010000 0.088163 2005.000000 2.000000 1.380379 10.141480 8.584782
alpha2 0.010000 0.088163 2010.000000 2.000000 1.380379 10.141480 8.587456
alpha2 0.010000 0.088163 2015.000000 2.000000 1.380379 10.141480 8.590100
alpha2 0.010000 0.088163 2020.000000 2.000000 1.380379 10.141480 8.592713
alpha2 0.010000 0.088163 2025.000000 2.000000 1.380379 10.141480 8.595297
alpha2 0.010000 0.088163 2030.000000 2.000000 1.380379 10.141480 8.597851
alpha2 0.010000 0.088163 2035.000000 2.000000 1.380379 10.141480 8.600376
alpha2 0.010000 0.088163 2040.000000 2.000000 1.380379 10.141480 8.602872
alpha2 0.010000 0.088163 2045.000000 2.000000 1.380379 10.141480 8.605340
alpha2 0.010000 0.088163 2050.000000 2.000000 1.380379 10.141480 8.607779
alpha2 0.010000 0.088163 2055.000000 2.000000 1.380379 10.141480 8.610191
alpha2 0.010000 0.088163 2060.000000 2.000000 1.380379 10.141480 8.612575
alpha2 0.010000 0.088163 2065.000000 2.000000 1.380379 10.141480 8.614931
alpha2 0.010000 0.088163 2070.000000 2.000000 1.380379 10.141480 8.617261
alpha2 0.010000 0.088163 2075.000000 2.000000 1.380379 10.141480 8.619564
alpha2 0.010000 0.088163 2080.000000 2.000000 1.380379 10.141480 8.621841
alpha2 0.010000 0.088163 2085.000000 2.000000 1.380379 10.141480 8.624091
alpha2 0.010000 0.088163 2090.000000 2.000000 1.380379 10.141480 8.626316
alpha2 0.010000 0.088163 2095.000000 2.000000 1.380379 10.141480 8.628516
alpha2 0.010000 0.088163 2100.000000 2.000000 1.380379 10.141480 8.630690
alpha2 0.010000 0.088163 2105.000000 2.000000 1.380379 10.141480 8.632839
alpha2 0.010000 0.088163 2110.000000 2.000000 1.380379 10.141480 8.634964
alpha2 0.010000 0.088163 2115.000000 2.000000 1.380379 10.141480 8.637065
alpha2 0.010000 0.088163 2120.000000 2.000000 1.380379 10.141480 8.639141
alpha2 0.010000 0.088163 2125.000000 2.000000 1.380379 10.141480 8.641194
alpha2 0.010000 0.088163 2130.000000 2.000000 1.380379 10.141480 8.643224
alpha2 0.010000 0.088163 2135.000000 2.000000 1.380379 10.141480 8.645230
alpha2 0.010000 0.088163 2140.000000 2.000000 1.380379 10.141480 8.647213
alpha2 0.010000 0.088163 2145.000000 2.000000 1.380379 10.141480 8.649174
alpha2 0.010000 0.088163 2150.000000 2.000000 1.380379 10.141480 8.651112
alpha2 0.010000 0.088163 2155.000000 2.000000 1.380379 10.141480 8.653028
alpha2 0.010000 0.088163 2160.000000 2.000000 1.380379 10.141480 8.654922
alpha2 0.010000 0.088163 2165.000000 2.000000 1.380379 10.141480 8.656794
alpha2 0.010000 0.088163 2170.000000 2.000000 1.380379 10.141480 8.658645
alpha2 0.010000 0.088163 2175.000000 2.000000 1.380379 10.141480 8.660475
alpha2 0.010000 0.088163 2180.000000 2.000000 1.380379 10.141480 8.662284
alpha2 0.010000 0.088163 2185.000000 2.000000 1.380379 10.141480 8.664072
alpha2 0.010000 0.088163 2190.000000 2.000000 1.380379 10.141480 8.665840
alpha2 0.010000 0.088163 2195.000000 2.000000 1.380379 10.141480 8.667588
alpha2 0.010000 0.088163 2200.000000 2.000000 1.380379 10.141480 8.669315
alpha2 0.010000 0.088163 2205.000000 2.000000 1.380379 10.141480 8.671023
alpha2 0.010000 0.088163 2210.000000 2.000000 1.380379 10.141480 8.672711
alpha2 0.010000 0.088163 2215.000000 2.000000 1.380379 10.141480 8.674380
alpha2 0.010000 0.088163 2220.000000 2.000000 1.380379 10.141480 8.676030
alpha2 0.010000 0.088163 2225.000000 2.000000 1.380379 10.141480 8.677661
alpha2 0.010000 0.088163 2230.000000 2.000000 1.380379 10.141480 8.679274
alpha2 0.010000 0.088163 2235.000000 2.000000 1.380379 10.141480 8.680868
alpha2 0.010000 0.088163 2240.000000 2.000000 1.380379 10.141480 8.682443
alpha2 0.010000 0.088163 2245.000000 2.000000 1.380379 10.141480 8.684001
alpha2 0.010000 0.088163 2250.000000 2.000000 1.380379 10.141480 8.685541
alpha2 0.010000 0.088163 2255.000000 2.000000 1.380379 10.141480 8.687063
alpha2 0.010000 0.088163 2260.000000 2.000000 1.380379 10.141480 8.688568
alpha2 0.010000 0.088163 2265.000000 2.000000 1.380379 10.141480 8.690056
alpha2 0.010000 0.088163 2270.000000 2.000000 1.380379 10.141480 8.691527
alpha2 0.010000 0.088163 2275.000000 2.000000 1.380379 10.141480 8.692980
alpha2 0.010000 0.088163 2280.000000 2.000000 1.380379 10.141480 8.694418
alpha2 0.010000 0.088163 2285.000000 2.000000 1.380379 10.141480 8.695838
alpha2 0.010000 0.088163 2290.000000 2.000000 1.380379 10.141480 8.697243
alpha2 0.010000 0.088163 2295.000000 2.000000 1.380379 10.141480 8.698631
alpha2 0.010000 0.088163 2300.000000 2.000000 1.380379 10.141480 8.700004
alpha2 0.010000 0.088163 2305.000000 2.000000 1.380379 10.141480 8.701361
alpha2 0.010000 0.088163 2310.000000 2.000000 1.380379 10.141480 8.702702
alpha2 0.010000 0.088163 2315.000000 2.000000 1.380379 10.141480 8.704028
alpha2 0.010000 0.088163 2320.000000 2.000000 1.380379 10.141480 8.705339
alpha2 0.010000 0.088163 2325.000000 2.000000 1.380379 10.141480 8.706635
alpha2 0.010000 0.088163 2330.000000 2.000000 1.380379 10.141480 8.707916
alpha2 0.010000 0.088163 2335.000000 2.000000 1.380379 10.141480 8.709183
alpha2 0.010000 0.088163 2340.000000 2.000000 1.380379 10.141480 8.710435
alpha2 0.010000 0.088163 2345.000000 2.000000 1.380379 10.141480 8.711672
alpha2 0.010000 0.088163 2350.000000 2.000000 1.380379 10.141480 8.712896
alpha2 0.010000 0.088163 2355.000000 2.000000 1.380379 10.141480 8.714105
alpha2 0.010000 0.088163 2360.000000 2.000000 1.380379 10.141480 8.715301
alpha2 0.010000 0.088163 2365.000000 2.000000 1.380379 10.141480 8.716483
alpha2 0.010000 0.088163 2370.000000 2.000000 1.380379 10.141480 8.717652
alpha2 0.010000 0.088163 2375.000000 2.000000 1.380379 10.141480 8.718807
alpha2 0.010000 0.088163 2380.000000 2.000000 1.380379 10.141480 8.719949
alpha2 0.010000 0.088163 2385.000000 2.000000 1.380379 10.141480 8.721077
alpha2 0.010000 0.088163 2390.000000 2.000000 1.380379 10.141480 8.722193
alpha2 0.010000 0.088163 2395.000000 2.000000 1.380379 10.141480 8.723297
alpha2 0.010000 0.088163 2400.000000 2.000000 1.380379 10.141480 8.724387
alpha2 0.010000 0.088163 2405.000000 2.000000 1.380379 10.141480 8.725465
alpha2 0.010000 0.088163 2410.000000 2.000000 1.380379 10.141480 8.726531
alpha2 0.010000 0.088163 2415.000000 2.000000 1.380379 10.141480 8.727585
alpha2 0.010000 0.088163 2420.000000 2.000000 1.380379 10.141480 8.728626
alpha2 0.010000 0.088163 2425.000000 2.000000 1.380379 10.141480 8.729656
alpha2 0.010000 0.088163 2430.000000 2.000000 1.380379 10.141480 8.730674
alpha2 0.010000 0.088163 2435.000000 2.000000 1.380379 10.141480 8.731680
alpha2 0.010000 0.088163 2440.000000 2.000000 1.380379 10.141480 8.732675
alpha2 0.010000 0.088163 2445.000000 2.000000 1.380379 10.141480 8.733658
alpha2 0.010000 0.088163 2450.000000 2.000000 1.380379 10.141480 8.734630
alpha2 0.010000 0.088163 2455.000000 2.000000 1.380379 10.141480 8.735591
alpha2 0.010000 0.088163 2460.000000 2.000000 1.380379 10.141480 8.736541
alpha2 0.010000 0.088163 2465.000000 2.000000 1.380379 10.141480 8.737480
alpha2 0.010000 0.088163 2470.000000 2.000000 1.380379 10.141480 8.738408
alpha2 0.010000 0.088163 2475.000000 2.000000 1.380379 10.141480 8.739326
alpha2 0.010000 0.088163 2480.000000 2.000000 1.380379 10.141480 8.740233
alpha2 0.010000 0.088163 2485.000000 2.000000 1.380379 10.141480 8.741130
alpha2 0.010000 0.088163 2490.000000 2.000000 1.380379 10.141480 8.742017
alpha2 0.010000 0.088163 2495.000000 2.000000 1.380379 10.141480 8.742893
alpha2 0.010000 0.088163 2500.000000 2.000000 1.380379 10.141480 8.743760
alpha2 0.010000 0.088163 2505.000000 2.000000 1.380379 10.141480 8.744617
alpha2 0.010000 0.088163 2510.000000 2.000000 1.380379 10.141480 8.745463
alpha2 0.010000 0.088163 2515.000000 2.000000 1.380379 10.141480 8.746300
alpha2 0.010000 0.088163 2520.000000 2.000000 1.380379 10.141480 8.747128
alpha2 0.010000 0.088163 2525.000000 2.000000 1.380379 10.141480 8.747946
alpha2 0.010000 0.088163 2530.000000 2.000000 1.380379 10.141480 8.748755
alpha2 0.010000 0.088163 2535.000000 2.000000 1.380379 10.141480 8.749554
alpha2 0.010000 0.088163 2540.000000 2.000000 1.380379 10.141480 8.750345
alpha2 0.010000 0.088163 2545.000000 2.000000 1.380379 10.141480 8.751126
alpha2 0.010000 0.088163 2550.000000 2.000000 1.380379 10.141480 8.751898
alpha2 0.010000 0.088163 2555.000000 2.000000 1.380379 10.141480 8.752662
alpha2 0.010000 0.088163 2560.000000 2.000000 1.380379 10.141480 8.753417
alpha2 0.010000 0.088163 2565.000000 2.000000 1.380379 10.141480 8.754163
alpha2 0.010000 0.088163 2570.000000 2.000000 1.380379 10.141480 8.754900
alpha2 0.010000 0.088163 2575.000000 2.000000 1.380379 10.141480 8.755630
alpha2 0.010000 0.088163 2580.000000 2.000000 1.380379 10.141480 8.756351
alpha2 0.010000 0.088163 2585.000000 2.000000 1.380379 10.141480 8.757063
alpha2 0.010000 0.088163 2590.000000 2.000000 1.380379 10.141480 8.757768
alpha2 0.010000 0.088163 2595.000000 2.000000 1.380379 10.141480 8.758464
alpha2 0.010000 0.088163 2600.000000 2.000000 1.380379 10.141480 8.759153
alpha2 0.010000 0.088163 2605.000000 2.000000 1.380379 10.141480 8.759833
alpha2 0.010000 0.088163 2610.000000 2.000000 1.380379 10.141480 8.760506
alpha2 0.010000 0.088163 2615.000000 2.000000 1.380379 10.141480 8.761171
alpha2 0.010000 0.088163 2620.000000 2.000000 1.380379 10.141480 8.761829
alpha2 0.010000 0.088163 2625.000000 2.000000 1.380379 10.141480 8.762479
alpha2 0.010000 0.088163 2630.000000 2.000000 1.380379 10.141480 8.763121
alpha2 0.010000 0.088163 2635.000000 2.000000 1.380379 10.141480 8.763756
alpha2 0.010000 0.088163 2640.000000 2.000000 1.380379 10.141480 8.764384
alpha2 0.010000 0.088163 2645.000000 2.000000 1.380379 10.141480 8.765005
alpha2 0.010000 0.088163 2650.000000 2.000000 1.380379 10.141480 8.765619
alpha2 0.010000 0.088163 2655.000000 2.000000 1.380379 10.141480 8.766226
alpha2 0.010000 0.088163 2660.000000 2.000000 1.380379 10.141480 8.766825
alpha2 0.010000 0.088163 2665.000000 2.000000 1.380379 10.141480 8.767418
alpha2 0.010000 0.088163 2670.000000 2.000000 1.380379 10.141480 8.768004
alpha2 0.010000 0.088163 2675.000000 2.000000 1.380379 10.141480 8.768584
alpha2 0.010000 0.088163 2680.000000 2.000000 1.380379 10.141480 8.769156
alpha2 0.010000 0.088163 2685.000000 2.000000 1.380379 10.141480 8.769723
alpha2 0.010000 0.088163 2690.000000 2.000000 1.380379 10.141480 8.770282
alpha2 0.010000 0.088163 2695.000000 2.000000 1.380379 10.141480 8.770836
alpha2 0.010000 0.088163 2700.000000 2.000000 1.380379 10.141480 8.771383
alpha2 0.010000 0.088163 2705.000000 2.000000 1.380379 10.141480 8.771924
alpha2 0.010000 0.088163 2710.000000 2.000000 1.380379 10.141480 8.772458
alpha2 0.010000 0.088163 2715.000000 2.000000 1.380379 10.141480 8.772987
alpha2 0.010000 0.088163 2720.000000 2.000000 1.380379 10.141480 8.773509
alpha2 0.010000 0.088163 2725.000000 2.000000 1.380379 10.141480 8.774026
alpha2 0.010000 0.088163 2730.000000 2.000000 1.380379 10.141480 8.774536
alpha2 0.010000 0.088163 2735.000000 2.000000 1.380379 10.141480 8.775041
alpha2 0.010000 0.088163 2740.000000 2.000000 1.380379 10.141480 8.775540
alpha2 0.010000 0.088163 2745.000000 2.000000 1.380379 10.141480 8.776033
alpha2 0.010000 0.088163 2750.000000 2.000000 1.380379 10.141480 8.776521
alpha2 0.010000 0.088163 2755.000000 2.000000 1.380379 10.141480 8.777003
alpha2 0.010000 0.088163 2760.000000 2.000000 1.380379 10.141480 8.777479
alpha2 0.010000 0.088163 2765.000000 2.000000 1.380379 10.141480 8.777950
alpha2 0.010000 0.088163 2770.000000 2.000000 1.380379 10.141480 8.778416
alpha2 0.010000 0.088163 2775.000000 2.000000 1.380379 10.141480 8.778876
alpha2 0.010000 0.088163 2780.000000 2.000000 1.380379 10.141480 8.779331
alpha2 0.010000 0.088163 2785.000000 2.000000 1.380379 10.141480 8.779781
alpha2 0.010000 0.088163 2790.000000 2.000000 1.380379 10.141480 8.780226
alpha2 0.010000 0.088163 2795.000000 2.000000 1.380379 10.141480 8.780666
alpha2 0.010000 0.088163 2800.000000 2.000000 1.380379 10.141480 8.781100
alpha2 0.010000 0.088163 2805.000000 2.000000 1.380379 10.141480 8.781530
alpha2 0.010000 0.088163 2810.000000 2.000000 1.380379 10.141480 8.781955
alpha2 0.010000 0.088163 2815.000000 2.000000 1.380379 10.141480 8.782374
alpha2 0.010000 0.088163 2820.000000 2.000000 1.380379 10.141480 8.782790
alpha2 0.010000 0.088163 2825.000000 2.000000 1.380379 10.141480 8.783200
alpha2 0.010000 0.088163 2830.000000 2.000000 1.380379 10.141480 8.783606
alpha2 0.010000 0.088163 2835.000000 2.000000 1.380379 10.141480 8.784007
alpha2 0.010000 0.088163 2840.000000 2.000000 1.380379 10.141480 8.784403
alpha2 0.010000 0.088163 2845.000000 2.000000 1.380379 10.141480 8.784795
alpha2 0.010000 0.088163 2850.000000 2.000000 1.380379 10.141480 8.785182
alpha2 0.010000 0.088163 2855.000000 2.000000 1.380379 10.141480 8.785565
alpha2 0.010000 0.088163 2860.000000 2.000000 1.380379 10.141480 8.785944
alpha2 0.010000 0.088163 2865.000000 2.000000 1.380379 10.141480 8.786318
alpha2 0.010000 0.088163 2870.000000 2.000000 1.380379 10.141480 8.786688
alpha2 0.010000 0.088163 2875.000000 2.000000 1.380379 10.141480 8.787054
alpha2 0.010000 0.088163 2880.000000 2.000000 1.380379 10.141480 8.787415
alpha2 0.010000 0.088163 2885.000000 2.000000 1.380379 10.141480 8.787773
alpha2 0.010000 0.088163 2890.000000 2.000000 1.380379 10.141480 8.788126
alpha2 0.010000 0.088163 2895.000000 2.000000 1.380379 10.141480 8.788476
alpha2 0.010000 0.088163 2900.000000 2.000000 1.380379 10.141480 8.788821
alpha2 0.010000 0.088163 2905.000000 2.000000 1.380379 10.141480 8.789162
alpha2 0.010000 0.088163 2910.000000 2.000000 1.380379 10.141480 8.789500
alpha2 0.010000 0.088163 2915.000000 2.000000 1.380379 10.141480 8.789833
alpha2 0.010000 0.088163 2920.000000 2.000000 1.380379 10.141480 8.790163
alpha2 0.010000 0.088163 2925.000000 2.000000 1.380379 10.141480 8.790489
alpha2 0.010000 0.088163 2930.000000 2.000000 1.380379 10.141480 8.790812
alpha2 0.010000 0.088163 2935.000000 2.000000 1.380379 10.141480 8.791130
alpha2 0.010000 0.088163 2940.000000 2.000000 1.380379 10.141480 8.791445
alpha2 0.010000 0.088163 2945.000000 2.000000 1.380379 10.141480 8.791757
alpha2 0.010000 0.088163 2950.000000 2.000000 1.380379 10.141480 8.792064
alpha2 0.010000 0.088163 2955.000000 2.000000 1.380379 10.141480 8.792369
alpha2 0.010000 0.088163 2960.000000 2.000000 1.380379 10.141480 8.792669
alpha2 0.010000 0.088163 2965.000000 2.000000 1.380379 10.141480 8.792967
alpha2 0.010000 0.088163 2970.000000 2.000000 1.380379 10.141480 8.793261
alpha2 0.010000 0.088163 2975.000000 2.000000 1.380379 10.141480 8.793551
alpha2 0.010000 0.088163 2980.000000 2.000000 1.380379 10.141480 8.793839
alpha2 0.010000 0.088163 2985.000000 2.000000 1.380379 10.141480 8.794123
alpha2 0.010000 0.088163 2990.000000 2.000000 1.380379 10.141480 8.794404
alpha2 0.010000 0.088163 2995.000000 2.000000 1.380379 10.141480 8.794681
alpha2 0.010000 0.088163 3000.000000 2.000000 1.380379 10.141480 8.794955
alpha2 0.010000 0.088163 3005.000000 2.000000 1.380379 10.141480 8.795227
alpha2 0.010000 0.088163 3010.000000 2.000000 1.380379 10.141480 8.795495
alpha2 0.010000 0.088163 3015.000000 2.000000 1.380379 10.141480 8.795760
alpha2 0.010000 0.088163 3020.000000 2.000000 1.380379 10.141480 8.796022
alpha2 0.010000 0.088163 3025.000000 2.000000 1.380379 10.141480 8.796281
alpha2 0.010000 0.088163 3030.000000 2.000000 1.380379 10.141480 8.796537
alpha2 0.010000 0.088163 3035.000000 2.000000 1.380379 10.141480 8.796790
alpha2 0.010000 0.088163 3040.000000 2.000000 1.380379 10.141480 8.797041
alpha2 0.010000 0.088163 3045.000000 2.000000 1.380379 10.141480 8.797288
alpha2 0.010000 0.088163 3050.000000 2.000000 1.380379 10.141480 8.797532
alpha2 0.010000 0.088163 3055.000000 2.000000 1.380379 10.141480 8.797774
alpha2 0.010000 0.088163 3060.000000 2.000000 1.380379 10.141480 8.798013
alpha2 0.010000 0.088163 3065.000000 2.000000 1.380379 10.141480 8.798250
alpha2 0.010000 0.088163 3070.000000 2.000000 1.380379 10.141480 8.798483
alpha2 0.010000 0.088163 3075.000000 2.000000 1.380379 10.141480 8.798714
alpha2 0.010000 0.088163 3080.000000 2.000000 1.380379 10.141480 8.798942
alpha2 0.010000 0.088163 3085.000000 2.000000 1.380379 10.141480 8.799168
alpha2 0.010000 0.088163 3090.000000 2.000000 1.380379 10.141480 8.799391
alpha2 0.010000 0.088163 3095.000000 2.000000 1.380379 10.141480 8.799612
alpha2 0.010000 0.088163 3100.000000 2.000000 1.380379 10.141480 8.799830
alpha2 0.010000 0.088163 3105.000000 2.000000 1.380379 10.141480 8.800045
alpha2 0.010000 0.088163 3110.000000 2.000000 1.380379 10.141480 8.800258
alpha2 0.010000 0.088163 3115.000000 2.000000 1.380379 10.141480 8.800469
alpha2 0.010000 0.088163 3120.000000 2.000000 1.380379 10.141480 8.800677
alpha2 0.010000 0.088163 3125.000000 2.000000 1.380379 10.141480 8.800883
alpha2 0.010000 0.088163 3130.000000 2.000000 1.380379 10.141480 8.801086
alpha2 0.010000 0.088163 3135.000000 2.000000 1.380379 10.141480 8.801287
alpha2 0.010000 0.088163 3140.000000 2.000000 1.380379 10.141480 8.801486
alpha2 0.010000 0.088163 3145.000000 2.000000 1.380379 10.141480 8.801683
alpha2 0.010000 0.088163 3150.000000 2.000000 1.380379 10.141480 8.801877
alpha2 0.010000 0.088163 3155.000000 2.000000 1.380379 10.141480 8.802069
alpha2 0.010000 0.088163 3160.000000 2.000000 1.380379 10.141480 8.802259
alpha2 0.010000 0.088163 3165.000000 2.000000 1.380379 10.141480 8.802447
alpha2 0.010000 0.088163 3170.000000 2.000000 1.380379 10.141480 8.802632
alpha2 0.010000 0.088163 3175.000000 2.000000 1.380379 10.141480 8.802816
alpha2 0.010000 0.088163 3180.000000 2.000000 1.380379 10.141480 8.802997
alpha2 0.010000 0.088163 3185.000000 2.000000 1.380379 10.141480 8.803177
alpha2 0.010000 0.088163 3190.000000 2.000000 1.380379 10.141480 8.803354
alpha2 0.010000 0.088163 3195.000000 2.000000 1.380379 10.141480 8.803529
alpha2 0.010000 0.088163 3200.000000 2.000000 1.380379 10.141480 8.803702
alpha2 0.010000 0.088163 3205.000000 2.000000 1.380379 10.141480 8.803873
alpha2 0.010000 0.088163 3210.000000 2.000000 1.380379 10.141480 8.804043
alpha2 0.010000 0.088163 3215.000000 2.000000 1.380379 10.141480 8.804210
alpha2 0.010000 0.088163 3220.000000 2.000000 1.380379 10.141480 8.804375
alpha2 0.010000 0.088163 3225.000000 2.000000 1.380379 10.141480 8.804539
alpha2 0.010000 0.088163 3230.000000 2.000000 1.380379 10.141480 8.804701
alpha2 0.010000 0.088163 3235.000000 2.000000 1.380379 10.141480 8.804861
alpha2 0.010000 0.088163 3240.000000 2.000000 1.380379 10.141480 8.805019
alpha2 0.010000 0.088163 3245.000000 2.000000 1.380379 10.141480 8.805175
alpha2 0.010000 0.088163 3250.000000 2.000000 1.380379 10.141480 8.805329
alpha2 0.010000 0.088163 3255.000000 2.000000 1.380379 10.141480 8.805482
alpha2 0.010000 0.088163 3260.000000 2.000000 1.380379 10.141480 8.805633
alpha2 0.010000 0.088163 3265.000000 2.000000 1.380379 10.141480 8.805782
alpha2 0.010000 0.088163 3270.000000 2.000000 1.380379 10.141480 8.805929
alpha2 0.010000 0.088163 3275.000000 2.000000 1.380379 10.141480 8.806075
alpha2 0.010000 0.088163 3280.000000 2.000000 1.380379 10.141480 8.806219
alpha2 0.010000 0.088163 3285.000000 2.000000 1.380379 10.141480 8.806362
alpha2 0.010000 0.088163 3290.000000 2.000000 1.380379 10.141480 8.806502
alpha2 0.010000 0.088163 3295.000000 2.000000 1.380379 10.141480 8.806642
alpha2 0.010000 0.088163 3300.000000 2.000000 1.380379 10.141480 8.806779
alpha2 0.010000 0.088163 3305.000000 2.000000 1.380379 10.141480 8.806915
alpha2 0.010000 0.088163 3310.000000 2.000000 1.380379 10.141480 8.807050
alpha2 0.010000 0.088163 3315.000000 2.000000 1.380379 10.141480 8.807183
alpha2 0.010000 0.088163 3320.000000 2.000000 1.380379 10.141480 8.807314
alpha2 0.010000 0.088163 3325.000000 2.000000 1.380379 10.141480 8.807444
alpha2 0.010000 0.088163 3330.000000 2.000000 1.380379 10.141480 8.807573
alpha2 0.010000 0.088163 3335.000000 2.000000 1.380379 10.141480 8.807700
alpha2 0.010000 0.088163 3340.000000 2.000000 1.380379 10.141480 8.807825
alpha2 0.010000 0.088163 3345.000000 2.000000 1.380379 10.141480 8.807949
alpha2 0.010000 0.088163 3350.000000 2.000000 1.380379 10.141480 8.808072
alpha2 0.010000 0.088163 3355.000000 2.000000 1.380379 10.141480 8.808193
alpha2 0.010000 0.088163 3360.000000 2.000000 1.380379 10.141480 8.808313
alpha2 0.010000 0.088163 3365.000000 2.000000 1.380379 10.141480 8.808431
alpha2 0.010000 0.088163 3370.000000 2.000000 1.380379 10.141480 8.808549
alpha2 0.010000 0.088163 3375.000000 2.000000 1.380379 10.141480 8.808664
alpha2 0.010000 0.088163 3380.000000 2.000000 1.380379 10.141480 8.808779
alpha2 0.010000 0.088163 3385.000000 2.000000 1.380379 10.141480 8.808892
alpha2 0.010000 0.088163 3390.000000 2.000000 1.380379 10.141480 8.809004
alpha2 0.010000 0.088163 3395.000000 2.000000 1.380379 10.141480 8.809115
alpha2 0.010000 0.088163 3400.000000 2.000000 1.380379 10.141480 8.809224
alpha2 0.010000 0.088163 3405.000000 2.000000 1.380379 10.141480 8.809332
alpha2 0.010000 0.088163 3410.000000 2.000000 1.380379 10.141480 8.809439
alpha2 0.010000 0.088163 3415.000000 2.000000 1.380379 10.141480 8.809545
alpha2 0.010000 0.088163 3420.000000 2.000000 1.380379 10.141480 8.809649
alpha2 0.010000 0.088163 3425.000000 2.000000 1.380379 10.141480 8.809752
alpha2 0.010000 0.088163 3430.000000 2.000000 1.380379 10.141480 8.809854
alpha2 0.010000 0.088163 3435.000000 2.000000 1.380379 10.141480 8.809955
alpha2 0.010000 0.088163 3440.000000 2.000000 1.380379 10.141480 8.810055
alpha2 0.010000 0.088163 3445.000000 2.000000 1.380379 10.141480 8.810154
alpha2 0.010000 0.088163 3450.000000 2.000000 1.380379 10.141480 8.810251
alpha2 0.010000 0.088163 3455.000000 2.000000 1.380379 10.141480 8.810347
alpha2 0.010000 0.088163 3460.000000 2.000000 1.380379 10.141480 8.810443
alpha2 0.010000 0.088163 3465.000000 2.000000 1.380379 10.141480 8.810537
alpha2 0.010000 0.088163 3470.000000 2.000000 1.380379 10.141480 8.810630
alpha2 0.010000 0.088163 3475.000000 2.000000 1.380379 10.141480 8.810722
alpha2 0.010000 0.088163 3480.000000 2.000000 1.380379 10.141480 8.810813
alpha2 0.010000 0.088163 3485.000000 2.000000 1.380379 10.141480 8.810903
alpha2 0.010000 0.088163 3490.000000 2.000000 1.380379 10.141480 8.810992
alpha2 0.010000 0.088163 3495.000000 2.000000 1.380379 10.141480 8.811080
alpha2 0.010000 0.088163 3500.000000 2.000000 1.380379 10.141480 8.811166
alpha2 0.010000 0.088163 3505.000000 2.000000 1.380379 10.141480 8.811252
alpha2 0.010000 0.088163 3510.000000 2.000000 1.380379 10.141480 8.811337
alpha2 0.010000 0.088163 3515.000000 2.000000 1.380379 10.141480 8.811421
alpha2 0.010000 0.088163 3520.000000 2.000000 1.380379 10.141480 8.811504
alpha2 0.010000 0.088163 3525.000000 2.000000 1.380379 10.141480 8.811586
alpha2 0.010000 0.088163 3530.000000 2.000000 1.380379 10.141480 8.811667
alpha2 0.010000 0.088163 3535.000000 2.000000 1.380379 10.141480 8.811747
alpha2 0.010000 0.088163 3540.000000 2.000000 1.380379 10.141480 8.811827
alpha2 0.010000 0.088163 3545.000000 2.000000 1.380379 10.141480 8.811905
alpha2 0.010000 0.088163 3550.000000 2.000000 1.380379 10.141480 8.811982
alpha2 0.010000 0.088163 3555.000000 2.000000 1.380379 10.141480 8.812059
alpha2 0.010000 0.088163 3560.000000 2.000000 1.380379 10.141480 8.812135
alpha2 0.010000 0.088163 3565.000000 2.000000 1.380379 10.141480 8.812209
alpha2 0.010000 0.088163 3570.000000 2.000000 1.380379 10.141480 8.812283
alpha2 0.010000 0.088163 3575.000000 2.000000 1.380379 10.141480 8.812356
alpha2 0.010000 0.088163 3580.000000 2.000000 1.380379 10.141480 8.812429
alpha2 0.010000 0.088163 3585.000000 2.000000 1.380379 10.141480 8.812500
alpha2 0.010000 0.088163 3590.000000 2.000000 1.380379 10.141480 8.812571
alpha2 0.010000 0.088163 3595.000000 2.000000 1.380379 10.141480 8.812641
alpha2 0.010000 0.088163 3600.000000 2.000000 1.380379 10.141480 8.812710
