HEADER DATE 31-Jul-2017 20:07:42
HEADER RANDSEED 1742196549
Param True_Value Sim_Value Sim_Time Input mRNA foldedP fluo
alpha2 0.010000 0.048861 0.000000 0.000000 0.001104 0.004495 0.003909
alpha2 0.010000 0.048861 5.000000 0.000000 0.001104 0.004495 0.003909
alpha2 0.010000 0.048861 10.000000 0.000000 0.001104 0.004495 0.003909
alpha2 0.010000 0.048861 15.000000 0.000000 0.001104 0.004495 0.003909
alpha2 0.010000 0.048861 20.000000 0.000000 0.001104 0.004495 0.003909
alpha2 0.010000 0.048861 25.000000 0.000000 0.001104 0.004495 0.003909
alpha2 0.010000 0.048861 30.000000 0.000000 0.001104 0.004495 0.003909
alpha2 0.010000 0.048861 35.000000 0.000000 0.001104 0.004495 0.003909
alpha2 0.010000 0.048861 40.000000 0.000000 0.001104 0.004495 0.003909
alpha2 0.010000 0.048861 45.000000 0.000000 0.001104 0.004495 0.003909
alpha2 0.010000 0.048861 50.000000 0.000000 0.001104 0.004495 0.003909
alpha2 0.010000 0.048861 55.000000 0.000000 0.001104 0.004495 0.003909
alpha2 0.010000 0.048861 60.000000 0.000000 0.001104 0.004495 0.003909
alpha2 0.010000 0.048861 65.000000 0.000000 0.001104 0.004495 0.003909
alpha2 0.010000 0.048861 70.000000 0.000000 0.001104 0.004495 0.003909
alpha2 0.010000 0.048861 75.000000 0.000000 0.001104 0.004495 0.003909
alpha2 0.010000 0.048861 80.000000 0.000000 0.001104 0.004495 0.003909
alpha2 0.010000 0.048861 85.000000 0.000000 0.001104 0.004495 0.003909
alpha2 0.010000 0.048861 90.000000 0.000000 0.001104 0.004495 0.003909
alpha2 0.010000 0.048861 95.000000 0.000000 0.001104 0.004495 0.003909
alpha2 0.010000 0.048861 100.000000 0.000000 0.001104 0.004495 0.003909
alpha2 0.010000 0.048861 105.000000 0.000000 0.001104 0.004495 0.003909
alpha2 0.010000 0.048861 110.000000 0.000000 0.001104 0.004495 0.003909
alpha2 0.010000 0.048861 115.000000 0.000000 0.001104 0.004495 0.003909
alpha2 0.010000 0.048861 120.000000 0.000000 0.001104 0.004495 0.003909
alpha2 0.010000 0.048861 125.000000 0.000000 0.001104 0.004495 0.003909
alpha2 0.010000 0.048861 130.000000 0.000000 0.001104 0.004495 0.003909
alpha2 0.010000 0.048861 135.000000 0.000000 0.001104 0.004495 0.003909
alpha2 0.010000 0.048861 140.000000 0.000000 0.001104 0.004495 0.003909
alpha2 0.010000 0.048861 145.000000 0.000000 0.001104 0.004495 0.003909
alpha2 0.010000 0.048861 150.000000 0.000000 0.001104 0.004495 0.003909
alpha2 0.010000 0.048861 155.000000 0.000000 0.001104 0.004495 0.003909
alpha2 0.010000 0.048861 160.000000 0.000000 0.001104 0.004495 0.003909
alpha2 0.010000 0.048861 165.000000 0.000000 0.001104 0.004495 0.003909
alpha2 0.010000 0.048861 170.000000 0.000000 0.001104 0.004495 0.003909
alpha2 0.010000 0.048861 175.000000 0.000000 0.001104 0.004495 0.003909
alpha2 0.010000 0.048861 180.000000 0.000000 0.001104 0.004495 0.003909
alpha2 0.010000 0.048861 185.000000 0.000000 0.001104 0.004495 0.003909
alpha2 0.010000 0.048861 190.000000 0.000000 0.001104 0.004495 0.003909
alpha2 0.010000 0.048861 195.000000 0.000000 0.001104 0.004495 0.003909
alpha2 0.010000 0.048861 200.000000 0.000000 0.001104 0.004495 0.003909
alpha2 0.010000 0.048861 205.000000 0.000000 0.001104 0.004495 0.003909
alpha2 0.010000 0.048861 210.000000 0.000000 0.001104 0.004495 0.003909
alpha2 0.010000 0.048861 215.000000 0.000000 0.001104 0.004495 0.003909
alpha2 0.010000 0.048861 220.000000 0.000000 0.001104 0.004495 0.003909
alpha2 0.010000 0.048861 225.000000 0.000000 0.001104 0.004495 0.003909
alpha2 0.010000 0.048861 230.000000 0.000000 0.001104 0.004495 0.003909
alpha2 0.010000 0.048861 235.000000 0.000000 0.001104 0.004495 0.003909
alpha2 0.010000 0.048861 240.000000 0.000000 0.001104 0.004495 0.003909
alpha2 0.010000 0.048861 245.000000 0.000000 0.001104 0.004495 0.003909
alpha2 0.010000 0.048861 250.000000 0.000000 0.001104 0.004495 0.003909
alpha2 0.010000 0.048861 255.000000 0.000000 0.001104 0.004495 0.003909
alpha2 0.010000 0.048861 260.000000 0.000000 0.001104 0.004495 0.003909
alpha2 0.010000 0.048861 265.000000 0.000000 0.001104 0.004495 0.003909
alpha2 0.010000 0.048861 270.000000 0.000000 0.001104 0.004495 0.003909
alpha2 0.010000 0.048861 275.000000 0.000000 0.001104 0.004495 0.003909
alpha2 0.010000 0.048861 280.000000 0.000000 0.001104 0.004495 0.003909
alpha2 0.010000 0.048861 285.000000 0.000000 0.001104 0.004495 0.003909
alpha2 0.010000 0.048861 290.000000 0.000000 0.001104 0.004495 0.003909
alpha2 0.010000 0.048861 295.000000 0.000000 0.001104 0.004495 0.003909
alpha2 0.010000 0.048861 300.000000 2.000000 0.001104 0.004495 0.003909
alpha2 0.010000 0.048861 305.000000 2.000000 0.193226 0.028070 0.003989
alpha2 0.010000 0.048861 310.000000 2.000000 0.358587 0.092544 0.004513
alpha2 0.010000 0.048861 315.000000 2.000000 0.500914 0.189647 0.005841
alpha2 0.010000 0.048861 320.000000 2.000000 0.623417 0.312410 0.008253
alpha2 0.010000 0.048861 325.000000 2.000000 0.728856 0.454978 0.011961
alpha2 0.010000 0.048861 330.000000 2.000000 0.819608 0.612443 0.017121
alpha2 0.010000 0.048861 335.000000 2.000000 0.897719 0.780706 0.023846
alpha2 0.010000 0.048861 340.000000 2.000000 0.964950 0.956357 0.032205
alpha2 0.010000 0.048861 345.000000 2.000000 1.022816 1.136571 0.042241
alpha2 0.010000 0.048861 350.000000 2.000000 1.072621 1.319022 0.053966
alpha2 0.010000 0.048861 355.000000 2.000000 1.115489 1.501808 0.067374
alpha2 0.010000 0.048861 360.000000 2.000000 1.152386 1.683380 0.082442
alpha2 0.010000 0.048861 365.000000 2.000000 1.184144 1.862497 0.099131
alpha2 0.010000 0.048861 370.000000 2.000000 1.211478 2.038170 0.117394
alpha2 0.010000 0.048861 375.000000 2.000000 1.235004 2.209627 0.137175
alpha2 0.010000 0.048861 380.000000 2.000000 1.255254 2.376276 0.158410
alpha2 0.010000 0.048861 385.000000 2.000000 1.272683 2.537675 0.181034
alpha2 0.010000 0.048861 390.000000 2.000000 1.287684 2.693509 0.204976
alpha2 0.010000 0.048861 395.000000 2.000000 1.300596 2.843570 0.230166
alpha2 0.010000 0.048861 400.000000 2.000000 1.311709 2.987732 0.256530
alpha2 0.010000 0.048861 405.000000 2.000000 1.321274 3.125944 0.283996
alpha2 0.010000 0.048861 410.000000 2.000000 1.329507 3.258212 0.312493
alpha2 0.010000 0.048861 415.000000 2.000000 1.336593 3.384589 0.341950
alpha2 0.010000 0.048861 420.000000 2.000000 1.342692 3.505165 0.372297
alpha2 0.010000 0.048861 425.000000 2.000000 1.347942 3.620061 0.403468
alpha2 0.010000 0.048861 430.000000 2.000000 1.352460 3.729422 0.435397
alpha2 0.010000 0.048861 435.000000 2.000000 1.356349 3.833407 0.468022
alpha2 0.010000 0.048861 440.000000 2.000000 1.359696 3.932193 0.501281
alpha2 0.010000 0.048861 445.000000 2.000000 1.362577 4.025963 0.535117
alpha2 0.010000 0.048861 450.000000 2.000000 1.365057 4.114906 0.569475
alpha2 0.010000 0.048861 455.000000 2.000000 1.367191 4.199214 0.604300
alpha2 0.010000 0.048861 460.000000 2.000000 1.369028 4.279083 0.639544
alpha2 0.010000 0.048861 465.000000 2.000000 1.370609 4.354704 0.675157
alpha2 0.010000 0.048861 470.000000 2.000000 1.371970 4.426270 0.711094
alpha2 0.010000 0.048861 475.000000 2.000000 1.373141 4.493967 0.747313
alpha2 0.010000 0.048861 480.000000 2.000000 1.374149 4.557980 0.783772
alpha2 0.010000 0.048861 485.000000 2.000000 1.375017 4.618486 0.820433
alpha2 0.010000 0.048861 490.000000 2.000000 1.375764 4.675660 0.857260
alpha2 0.010000 0.048861 495.000000 2.000000 1.376407 4.729669 0.894219
alpha2 0.010000 0.048861 500.000000 2.000000 1.376960 4.780674 0.931276
alpha2 0.010000 0.048861 505.000000 2.000000 1.377436 4.828830 0.968403
alpha2 0.010000 0.048861 510.000000 2.000000 1.377846 4.874287 1.005570
alpha2 0.010000 0.048861 515.000000 2.000000 1.378199 4.917186 1.042752
alpha2 0.010000 0.048861 520.000000 2.000000 1.378503 4.957665 1.079923
alpha2 0.010000 0.048861 525.000000 2.000000 1.378764 4.995854 1.117059
alpha2 0.010000 0.048861 530.000000 2.000000 1.378989 5.031876 1.154140
alpha2 0.010000 0.048861 535.000000 2.000000 1.379183 5.065850 1.191145
alpha2 0.010000 0.048861 540.000000 2.000000 1.379349 5.097888 1.228055
alpha2 0.010000 0.048861 545.000000 2.000000 1.379493 5.128097 1.264852
alpha2 0.010000 0.048861 550.000000 2.000000 1.379616 5.156578 1.301520
alpha2 0.010000 0.048861 555.000000 2.000000 1.379722 5.183428 1.338044
alpha2 0.010000 0.048861 560.000000 2.000000 1.379814 5.208737 1.374409
alpha2 0.010000 0.048861 565.000000 2.000000 1.379893 5.232593 1.410603
alpha2 0.010000 0.048861 570.000000 2.000000 1.379960 5.255077 1.446613
alpha2 0.010000 0.048861 575.000000 2.000000 1.380019 5.276266 1.482429
alpha2 0.010000 0.048861 580.000000 2.000000 1.380069 5.296235 1.518039
alpha2 0.010000 0.048861 585.000000 2.000000 1.380112 5.315051 1.553436
alpha2 0.010000 0.048861 590.000000 2.000000 1.380149 5.332781 1.588609
alpha2 0.010000 0.048861 595.000000 2.000000 1.380181 5.349487 1.623551
alpha2 0.010000 0.048861 600.000000 2.000000 1.380209 5.365227 1.658254
alpha2 0.010000 0.048861 605.000000 2.000000 1.380233 5.380056 1.692713
alpha2 0.010000 0.048861 610.000000 2.000000 1.380253 5.394027 1.726921
alpha2 0.010000 0.048861 615.000000 2.000000 1.380271 5.407189 1.760873
alpha2 0.010000 0.048861 620.000000 2.000000 1.380286 5.419588 1.794563
alpha2 0.010000 0.048861 625.000000 2.000000 1.380299 5.431269 1.827988
alpha2 0.010000 0.048861 630.000000 2.000000 1.380310 5.442272 1.861144
alpha2 0.010000 0.048861 635.000000 2.000000 1.380320 5.452637 1.894027
alpha2 0.010000 0.048861 640.000000 2.000000 1.380328 5.462400 1.926633
alpha2 0.010000 0.048861 645.000000 2.000000 1.380335 5.471596 1.958961
alpha2 0.010000 0.048861 650.000000 2.000000 1.380341 5.480259 1.991008
alpha2 0.010000 0.048861 655.000000 2.000000 1.380346 5.488418 2.022773
alpha2 0.010000 0.048861 660.000000 2.000000 1.380351 5.496104 2.054253
alpha2 0.010000 0.048861 665.000000 2.000000 1.380355 5.503343 2.085447
alpha2 0.010000 0.048861 670.000000 2.000000 1.380358 5.510161 2.116354
alpha2 0.010000 0.048861 675.000000 2.000000 1.380361 5.516583 2.146974
alpha2 0.010000 0.048861 680.000000 2.000000 1.380364 5.522631 2.177305
alpha2 0.010000 0.048861 685.000000 2.000000 1.380366 5.528328 2.207348
alpha2 0.010000 0.048861 690.000000 2.000000 1.380368 5.533694 2.237103
alpha2 0.010000 0.048861 695.000000 2.000000 1.380369 5.538747 2.266569
alpha2 0.010000 0.048861 700.000000 2.000000 1.380371 5.543507 2.295747
alpha2 0.010000 0.048861 705.000000 2.000000 1.380372 5.547989 2.324637
alpha2 0.010000 0.048861 710.000000 2.000000 1.380373 5.552211 2.353240
alpha2 0.010000 0.048861 715.000000 2.000000 1.380374 5.556188 2.381557
alpha2 0.010000 0.048861 720.000000 2.000000 1.380375 5.559933 2.409588
alpha2 0.010000 0.048861 725.000000 2.000000 1.380375 5.563460 2.437335
alpha2 0.010000 0.048861 730.000000 2.000000 1.380376 5.566781 2.464799
alpha2 0.010000 0.048861 735.000000 2.000000 1.380376 5.569910 2.491981
alpha2 0.010000 0.048861 740.000000 2.000000 1.380377 5.572856 2.518882
alpha2 0.010000 0.048861 745.000000 2.000000 1.380377 5.575631 2.545504
alpha2 0.010000 0.048861 750.000000 2.000000 1.380377 5.578244 2.571849
alpha2 0.010000 0.048861 755.000000 2.000000 1.380378 5.580706 2.597917
alpha2 0.010000 0.048861 760.000000 2.000000 1.380378 5.583024 2.623712
alpha2 0.010000 0.048861 765.000000 2.000000 1.380378 5.585207 2.649233
alpha2 0.010000 0.048861 770.000000 2.000000 1.380378 5.587263 2.674484
alpha2 0.010000 0.048861 775.000000 2.000000 1.380378 5.589199 2.699466
alpha2 0.010000 0.048861 780.000000 2.000000 1.380379 5.591022 2.724181
alpha2 0.010000 0.048861 785.000000 2.000000 1.380379 5.592740 2.748631
alpha2 0.010000 0.048861 790.000000 2.000000 1.380379 5.594357 2.772818
alpha2 0.010000 0.048861 795.000000 2.000000 1.380379 5.595880 2.796744
alpha2 0.010000 0.048861 800.000000 2.000000 1.380379 5.597315 2.820411
alpha2 0.010000 0.048861 805.000000 2.000000 1.380379 5.598666 2.843821
alpha2 0.010000 0.048861 810.000000 2.000000 1.380379 5.599938 2.866977
alpha2 0.010000 0.048861 815.000000 2.000000 1.380379 5.601136 2.889880
alpha2 0.010000 0.048861 820.000000 2.000000 1.380379 5.602265 2.912533
alpha2 0.010000 0.048861 825.000000 2.000000 1.380379 5.603328 2.934938
alpha2 0.010000 0.048861 830.000000 2.000000 1.380379 5.604329 2.957097
alpha2 0.010000 0.048861 835.000000 2.000000 1.380379 5.605271 2.979012
alpha2 0.010000 0.048861 840.000000 2.000000 1.380379 5.606159 3.000686
alpha2 0.010000 0.048861 845.000000 2.000000 1.380379 5.606995 3.022120
alpha2 0.010000 0.048861 850.000000 2.000000 1.380379 5.607782 3.043318
alpha2 0.010000 0.048861 855.000000 2.000000 1.380379 5.608524 3.064281
alpha2 0.010000 0.048861 860.000000 2.000000 1.380379 5.609222 3.085011
alpha2 0.010000 0.048861 865.000000 2.000000 1.380379 5.609880 3.105511
alpha2 0.010000 0.048861 870.000000 2.000000 1.380379 5.610499 3.125782
alpha2 0.010000 0.048861 875.000000 2.000000 1.380379 5.611083 3.145828
alpha2 0.010000 0.048861 880.000000 2.000000 1.380379 5.611632 3.165651
alpha2 0.010000 0.048861 885.000000 2.000000 1.380379 5.612149 3.185252
alpha2 0.010000 0.048861 890.000000 2.000000 1.380379 5.612636 3.204634
alpha2 0.010000 0.048861 895.000000 2.000000 1.380379 5.613095 3.223799
alpha2 0.010000 0.048861 900.000000 2.000000 1.380379 5.613527 3.242749
alpha2 0.010000 0.048861 905.000000 2.000000 1.380379 5.613934 3.261487
alpha2 0.010000 0.048861 910.000000 2.000000 1.380379 5.614317 3.280014
alpha2 0.010000 0.048861 915.000000 2.000000 1.380379 5.614678 3.298334
alpha2 0.010000 0.048861 920.000000 2.000000 1.380379 5.615018 3.316447
alpha2 0.010000 0.048861 925.000000 2.000000 1.380379 5.615338 3.334356
alpha2 0.010000 0.048861 930.000000 2.000000 1.380379 5.615639 3.352064
alpha2 0.010000 0.048861 935.000000 2.000000 1.380379 5.615923 3.369572
alpha2 0.010000 0.048861 940.000000 2.000000 1.380379 5.616191 3.386883
alpha2 0.010000 0.048861 945.000000 2.000000 1.380379 5.616443 3.403999
alpha2 0.010000 0.048861 950.000000 2.000000 1.380379 5.616680 3.420921
alpha2 0.010000 0.048861 955.000000 2.000000 1.380379 5.616903 3.437652
alpha2 0.010000 0.048861 960.000000 2.000000 1.380379 5.617113 3.454194
alpha2 0.010000 0.048861 965.000000 2.000000 1.380379 5.617312 3.470548
alpha2 0.010000 0.048861 970.000000 2.000000 1.380379 5.617498 3.486718
alpha2 0.010000 0.048861 975.000000 2.000000 1.380379 5.617674 3.502704
alpha2 0.010000 0.048861 980.000000 2.000000 1.380379 5.617839 3.518510
alpha2 0.010000 0.048861 985.000000 2.000000 1.380379 5.617995 3.534136
alpha2 0.010000 0.048861 990.000000 2.000000 1.380379 5.618142 3.549585
alpha2 0.010000 0.048861 995.000000 2.000000 1.380379 5.618280 3.564859
alpha2 0.010000 0.048861 1000.000000 2.000000 1.380379 5.618410 3.579960
alpha2 0.010000 0.048861 1005.000000 2.000000 1.380379 5.618533 3.594889
alpha2 0.010000 0.048861 1010.000000 2.000000 1.380379 5.618648 3.609649
alpha2 0.010000 0.048861 1015.000000 2.000000 1.380379 5.618757 3.624241
alpha2 0.010000 0.048861 1020.000000 2.000000 1.380379 5.618860 3.638667
alpha2 0.010000 0.048861 1025.000000 2.000000 1.380379 5.618956 3.652929
alpha2 0.010000 0.048861 1030.000000 2.000000 1.380379 5.619047 3.667029
alpha2 0.010000 0.048861 1035.000000 2.000000 1.380379 5.619132 3.680969
alpha2 0.010000 0.048861 1040.000000 2.000000 1.380379 5.619213 3.694750
alpha2 0.010000 0.048861 1045.000000 2.000000 1.380379 5.619289 3.708375
alpha2 0.010000 0.048861 1050.000000 2.000000 1.380379 5.619360 3.721844
alpha2 0.010000 0.048861 1055.000000 2.000000 1.380379 5.619428 3.735160
alpha2 0.010000 0.048861 1060.000000 2.000000 1.380379 5.619491 3.748324
alpha2 0.010000 0.048861 1065.000000 2.000000 1.380379 5.619551 3.761339
alpha2 0.010000 0.048861 1070.000000 2.000000 1.380379 5.619607 3.774205
alpha2 0.010000 0.048861 1075.000000 2.000000 1.380379 5.619660 3.786925
alpha2 0.010000 0.048861 1080.000000 2.000000 1.380379 5.619710 3.799500
alpha2 0.010000 0.048861 1085.000000 2.000000 1.380379 5.619756 3.811931
alpha2 0.010000 0.048861 1090.000000 2.000000 1.380379 5.619801 3.824221
alpha2 0.010000 0.048861 1095.000000 2.000000 1.380379 5.619842 3.836371
alpha2 0.010000 0.048861 1100.000000 2.000000 1.380379 5.619881 3.848382
alpha2 0.010000 0.048861 1105.000000 2.000000 1.380379 5.619918 3.860256
alpha2 0.010000 0.048861 1110.000000 2.000000 1.380379 5.619953 3.871995
alpha2 0.010000 0.048861 1115.000000 2.000000 1.380379 5.619986 3.883600
alpha2 0.010000 0.048861 1120.000000 2.000000 1.380379 5.620017 3.895072
alpha2 0.010000 0.048861 1125.000000 2.000000 1.380379 5.620046 3.906414
alpha2 0.010000 0.048861 1130.000000 2.000000 1.380379 5.620073 3.917626
alpha2 0.010000 0.048861 1135.000000 2.000000 1.380379 5.620099 3.928710
alpha2 0.010000 0.048861 1140.000000 2.000000 1.380379 5.620123 3.939668
alpha2 0.010000 0.048861 1145.000000 2.000000 1.380379 5.620146 3.950501
alpha2 0.010000 0.048861 1150.000000 2.000000 1.380379 5.620167 3.961210
alpha2 0.010000 0.048861 1155.000000 2.000000 1.380379 5.620187 3.971797
alpha2 0.010000 0.048861 1160.000000 2.000000 1.380379 5.620206 3.982263
alpha2 0.010000 0.048861 1165.000000 2.000000 1.380379 5.620224 3.992610
alpha2 0.010000 0.048861 1170.000000 2.000000 1.380379 5.620241 4.002838
alpha2 0.010000 0.048861 1175.000000 2.000000 1.380379 5.620257 4.012950
alpha2 0.010000 0.048861 1180.000000 2.000000 1.380379 5.620272 4.022946
alpha2 0.010000 0.048861 1185.000000 2.000000 1.380379 5.620286 4.032828
alpha2 0.010000 0.048861 1190.000000 2.000000 1.380379 5.620300 4.042597
alpha2 0.010000 0.048861 1195.000000 2.000000 1.380379 5.620312 4.052254
alpha2 0.010000 0.048861 1200.000000 2.000000 1.380379 5.620324 4.061802
alpha2 0.010000 0.048861 1205.000000 2.000000 1.380379 5.620335 4.071240
alpha2 0.010000 0.048861 1210.000000 2.000000 1.380379 5.620346 4.080570
alpha2 0.010000 0.048861 1215.000000 2.000000 1.380379 5.620356 4.089794
alpha2 0.010000 0.048861 1220.000000 2.000000 1.380379 5.620365 4.098912
alpha2 0.010000 0.048861 1225.000000 2.000000 1.380379 5.620374 4.107927
alpha2 0.010000 0.048861 1230.000000 2.000000 1.380379 5.620382 4.116838
alpha2 0.010000 0.048861 1235.000000 2.000000 1.380379 5.620390 4.125648
alpha2 0.010000 0.048861 1240.000000 2.000000 1.380379 5.620397 4.134356
alpha2 0.010000 0.048861 1245.000000 2.000000 1.380379 5.620404 4.142966
alpha2 0.010000 0.048861 1250.000000 2.000000 1.380379 5.620411 4.151477
alpha2 0.010000 0.048861 1255.000000 2.000000 1.380379 5.620417 4.159890
alpha2 0.010000 0.048861 1260.000000 2.000000 1.380379 5.620422 4.168208
alpha2 0.010000 0.048861 1265.000000 2.000000 1.380379 5.620428 4.176430
alpha2 0.010000 0.048861 1270.000000 2.000000 1.380379 5.620433 4.184559
alpha2 0.010000 0.048861 1275.000000 2.000000 1.380379 5.620438 4.192594
alpha2 0.010000 0.048861 1280.000000 2.000000 1.380379 5.620442 4.200538
alpha2 0.010000 0.048861 1285.000000 2.000000 1.380379 5.620446 4.208391
alpha2 0.010000 0.048861 1290.000000 2.000000 1.380379 5.620450 4.216155
alpha2 0.010000 0.048861 1295.000000 2.000000 1.380379 5.620454 4.223829
alpha2 0.010000 0.048861 1300.000000 2.000000 1.380379 5.620458 4.231416
alpha2 0.010000 0.048861 1305.000000 2.000000 1.380379 5.620461 4.238916
alpha2 0.010000 0.048861 1310.000000 2.000000 1.380379 5.620464 4.246330
alpha2 0.010000 0.048861 1315.000000 2.000000 1.380379 5.620467 4.253660
alpha2 0.010000 0.048861 1320.000000 2.000000 1.380379 5.620470 4.260906
alpha2 0.010000 0.048861 1325.000000 2.000000 1.380379 5.620472 4.268069
alpha2 0.010000 0.048861 1330.000000 2.000000 1.380379 5.620475 4.275150
alpha2 0.010000 0.048861 1335.000000 2.000000 1.380379 5.620477 4.282150
alpha2 0.010000 0.048861 1340.000000 2.000000 1.380379 5.620479 4.289070
alpha2 0.010000 0.048861 1345.000000 2.000000 1.380379 5.620481 4.295911
alpha2 0.010000 0.048861 1350.000000 2.000000 1.380379 5.620483 4.302674
alpha2 0.010000 0.048861 1355.000000 2.000000 1.380379 5.620485 4.309360
alpha2 0.010000 0.048861 1360.000000 2.000000 1.380379 5.620486 4.315969
alpha2 0.010000 0.048861 1365.000000 2.000000 1.380379 5.620488 4.322503
alpha2 0.010000 0.048861 1370.000000 2.000000 1.380379 5.620489 4.328962
alpha2 0.010000 0.048861 1375.000000 2.000000 1.380379 5.620491 4.335347
alpha2 0.010000 0.048861 1380.000000 2.000000 1.380379 5.620492 4.341659
alpha2 0.010000 0.048861 1385.000000 2.000000 1.380379 5.620493 4.347899
alpha2 0.010000 0.048861 1390.000000 2.000000 1.380379 5.620495 4.354067
alpha2 0.010000 0.048861 1395.000000 2.000000 1.380379 5.620496 4.360165
alpha2 0.010000 0.048861 1400.000000 2.000000 1.380379 5.620497 4.366193
alpha2 0.010000 0.048861 1405.000000 2.000000 1.380379 5.620498 4.372153
alpha2 0.010000 0.048861 1410.000000 2.000000 1.380379 5.620499 4.378044
alpha2 0.010000 0.048861 1415.000000 2.000000 1.380379 5.620500 4.383868
alpha2 0.010000 0.048861 1420.000000 2.000000 1.380379 5.620501 4.389625
alpha2 0.010000 0.048861 1425.000000 2.000000 1.380379 5.620502 4.395317
alpha2 0.010000 0.048861 1430.000000 2.000000 1.380379 5.620502 4.400943
alpha2 0.010000 0.048861 1435.000000 2.000000 1.380379 5.620503 4.406506
alpha2 0.010000 0.048861 1440.000000 2.000000 1.380379 5.620504 4.412004
alpha2 0.010000 0.048861 1445.000000 2.000000 1.380379 5.620505 4.417440
alpha2 0.010000 0.048861 1450.000000 2.000000 1.380379 5.620505 4.422813
alpha2 0.010000 0.048861 1455.000000 2.000000 1.380379 5.620506 4.428125
alpha2 0.010000 0.048861 1460.000000 2.000000 1.380379 5.620506 4.433377
alpha2 0.010000 0.048861 1465.000000 2.000000 1.380379 5.620507 4.438568
alpha2 0.010000 0.048861 1470.000000 2.000000 1.380379 5.620508 4.443700
alpha2 0.010000 0.048861 1475.000000 2.000000 1.380379 5.620508 4.448773
alpha2 0.010000 0.048861 1480.000000 2.000000 1.380379 5.620509 4.453789
alpha2 0.010000 0.048861 1485.000000 2.000000 1.380379 5.620509 4.458746
alpha2 0.010000 0.048861 1490.000000 2.000000 1.380379 5.620509 4.463648
alpha2 0.010000 0.048861 1495.000000 2.000000 1.380379 5.620510 4.468493
alpha2 0.010000 0.048861 1500.000000 2.000000 1.380379 5.620510 4.473283
alpha2 0.010000 0.048861 1505.000000 2.000000 1.380379 5.620510 4.478018
alpha2 0.010000 0.048861 1510.000000 2.000000 1.380379 5.620511 4.482699
alpha2 0.010000 0.048861 1515.000000 2.000000 1.380379 5.620511 4.487326
alpha2 0.010000 0.048861 1520.000000 2.000000 1.380379 5.620511 4.491901
alpha2 0.010000 0.048861 1525.000000 2.000000 1.380379 5.620512 4.496423
alpha2 0.010000 0.048861 1530.000000 2.000000 1.380379 5.620512 4.500893
alpha2 0.010000 0.048861 1535.000000 2.000000 1.380379 5.620512 4.505313
alpha2 0.010000 0.048861 1540.000000 2.000000 1.380379 5.620512 4.509682
alpha2 0.010000 0.048861 1545.000000 2.000000 1.380379 5.620513 4.514000
alpha2 0.010000 0.048861 1550.000000 2.000000 1.380379 5.620513 4.518270
alpha2 0.010000 0.048861 1555.000000 2.000000 1.380379 5.620513 4.522491
alpha2 0.010000 0.048861 1560.000000 2.000000 1.380379 5.620513 4.526663
alpha2 0.010000 0.048861 1565.000000 2.000000 1.380379 5.620513 4.530788
alpha2 0.010000 0.048861 1570.000000 2.000000 1.380379 5.620513 4.534865
alpha2 0.010000 0.048861 1575.000000 2.000000 1.380379 5.620513 4.538896
alpha2 0.010000 0.048861 1580.000000 2.000000 1.380379 5.620514 4.542881
alpha2 0.010000 0.048861 1585.000000 2.000000 1.380379 5.620514 4.546821
alpha2 0.010000 0.048861 1590.000000 2.000000 1.380379 5.620514 4.550715
alpha2 0.010000 0.048861 1595.000000 2.000000 1.380379 5.620514 4.554565
alpha2 0.010000 0.048861 1600.000000 2.000000 1.380379 5.620514 4.558370
alpha2 0.010000 0.048861 1605.000000 2.000000 1.380379 5.620514 4.562132
alpha2 0.010000 0.048861 1610.000000 2.000000 1.380379 5.620514 4.565852
alpha2 0.010000 0.048861 1615.000000 2.000000 1.380379 5.620514 4.569528
alpha2 0.010000 0.048861 1620.000000 2.000000 1.380379 5.620514 4.573163
alpha2 0.010000 0.048861 1625.000000 2.000000 1.380379 5.620514 4.576756
alpha2 0.010000 0.048861 1630.000000 2.000000 1.380379 5.620515 4.580308
alpha2 0.010000 0.048861 1635.000000 2.000000 1.380379 5.620515 4.583819
alpha2 0.010000 0.048861 1640.000000 2.000000 1.380379 5.620515 4.587291
alpha2 0.010000 0.048861 1645.000000 2.000000 1.380379 5.620515 4.590722
alpha2 0.010000 0.048861 1650.000000 2.000000 1.380379 5.620515 4.594114
alpha2 0.010000 0.048861 1655.000000 2.000000 1.380379 5.620515 4.597468
alpha2 0.010000 0.048861 1660.000000 2.000000 1.380379 5.620515 4.600783
alpha2 0.010000 0.048861 1665.000000 2.000000 1.380379 5.620515 4.604060
alpha2 0.010000 0.048861 1670.000000 2.000000 1.380379 5.620515 4.607300
alpha2 0.010000 0.048861 1675.000000 2.000000 1.380379 5.620515 4.610503
alpha2 0.010000 0.048861 1680.000000 2.000000 1.380379 5.620515 4.613669
alpha2 0.010000 0.048861 1685.000000 2.000000 1.380379 5.620515 4.616799
alpha2 0.010000 0.048861 1690.000000 2.000000 1.380379 5.620515 4.619893
alpha2 0.010000 0.048861 1695.000000 2.000000 1.380379 5.620515 4.622952
alpha2 0.010000 0.048861 1700.000000 2.000000 1.380379 5.620515 4.625975
alpha2 0.010000 0.048861 1705.000000 2.000000 1.380379 5.620515 4.628965
alpha2 0.010000 0.048861 1710.000000 2.000000 1.380379 5.620515 4.631920
alpha2 0.010000 0.048861 1715.000000 2.000000 1.380379 5.620515 4.634841
alpha2 0.010000 0.048861 1720.000000 2.000000 1.380379 5.620515 4.637729
alpha2 0.010000 0.048861 1725.000000 2.000000 1.380379 5.620516 4.640584
alpha2 0.010000 0.048861 1730.000000 2.000000 1.380379 5.620516 4.643406
alpha2 0.010000 0.048861 1735.000000 2.000000 1.380379 5.620516 4.646196
alpha2 0.010000 0.048861 1740.000000 2.000000 1.380379 5.620516 4.648954
alpha2 0.010000 0.048861 1745.000000 2.000000 1.380379 5.620516 4.651680
alpha2 0.010000 0.048861 1750.000000 2.000000 1.380379 5.620516 4.654375
alpha2 0.010000 0.048861 1755.000000 2.000000 1.380379 5.620516 4.657040
alpha2 0.010000 0.048861 1760.000000 2.000000 1.380379 5.620516 4.659674
alpha2 0.010000 0.048861 1765.000000 2.000000 1.380379 5.620516 4.662278
alpha2 0.010000 0.048861 1770.000000 2.000000 1.380379 5.620516 4.664852
alpha2 0.010000 0.048861 1775.000000 2.000000 1.380379 5.620516 4.667397
alpha2 0.010000 0.048861 1780.000000 2.000000 1.380379 5.620516 4.669912
alpha2 0.010000 0.048861 1785.000000 2.000000 1.380379 5.620516 4.672399
alpha2 0.010000 0.048861 1790.000000 2.000000 1.380379 5.620516 4.674857
alpha2 0.010000 0.048861 1795.000000 2.000000 1.380379 5.620516 4.677288
alpha2 0.010000 0.048861 1800.000000 2.000000 1.380379 5.620516 4.679690
alpha2 0.010000 0.048861 1805.000000 2.000000 1.380379 5.620516 4.682065
alpha2 0.010000 0.048861 1810.000000 2.000000 1.380379 5.620516 4.684413
alpha2 0.010000 0.048861 1815.000000 2.000000 1.380379 5.620516 4.686734
alpha2 0.010000 0.048861 1820.000000 2.000000 1.380379 5.620516 4.689029
alpha2 0.010000 0.048861 1825.000000 2.000000 1.380379 5.620516 4.691297
alpha2 0.010000 0.048861 1830.000000 2.000000 1.380379 5.620516 4.693539
alpha2 0.010000 0.048861 1835.000000 2.000000 1.380379 5.620516 4.695756
alpha2 0.010000 0.048861 1840.000000 2.000000 1.380379 5.620516 4.697947
alpha2 0.010000 0.048861 1845.000000 2.000000 1.380379 5.620516 4.700114
alpha2 0.010000 0.048861 1850.000000 2.000000 1.380379 5.620516 4.702255
alpha2 0.010000 0.048861 1855.000000 2.000000 1.380379 5.620516 4.704372
alpha2 0.010000 0.048861 1860.000000 2.000000 1.380379 5.620516 4.706465
alpha2 0.010000 0.048861 1865.000000 2.000000 1.380379 5.620516 4.708534
alpha2 0.010000 0.048861 1870.000000 2.000000 1.380379 5.620516 4.710579
alpha2 0.010000 0.048861 1875.000000 2.000000 1.380379 5.620516 4.712601
alpha2 0.010000 0.048861 1880.000000 2.000000 1.380379 5.620516 4.714600
alpha2 0.010000 0.048861 1885.000000 2.000000 1.380379 5.620516 4.716575
alpha2 0.010000 0.048861 1890.000000 2.000000 1.380379 5.620516 4.718529
alpha2 0.010000 0.048861 1895.000000 2.000000 1.380379 5.620516 4.720460
alpha2 0.010000 0.048861 1900.000000 2.000000 1.380379 5.620516 4.722369
alpha2 0.010000 0.048861 1905.000000 2.000000 1.380379 5.620516 4.724256
alpha2 0.010000 0.048861 1910.000000 2.000000 1.380379 5.620516 4.726121
alpha2 0.010000 0.048861 1915.000000 2.000000 1.380379 5.620516 4.727965
alpha2 0.010000 0.048861 1920.000000 2.000000 1.380379 5.620516 4.729788
alpha2 0.010000 0.048861 1925.000000 2.000000 1.380379 5.620516 4.731590
alpha2 0.010000 0.048861 1930.000000 2.000000 1.380379 5.620516 4.733372
alpha2 0.010000 0.048861 1935.000000 2.000000 1.380379 5.620516 4.735133
alpha2 0.010000 0.048861 1940.000000 2.000000 1.380379 5.620516 4.736874
alpha2 0.010000 0.048861 1945.000000 2.000000 1.380379 5.620516 4.738596
alpha2 0.010000 0.048861 1950.000000 2.000000 1.380379 5.620516 4.740297
alpha2 0.010000 0.048861 1955.000000 2.000000 1.380379 5.620516 4.741979
alpha2 0.010000 0.048861 1960.000000 2.000000 1.380379 5.620516 4.743642
alpha2 0.010000 0.048861 1965.000000 2.000000 1.380379 5.620516 4.745286
alpha2 0.010000 0.048861 1970.000000 2.000000 1.380379 5.620516 4.746911
alpha2 0.010000 0.048861 1975.000000 2.000000 1.380379 5.620516 4.748517
alpha2 0.010000 0.048861 1980.000000 2.000000 1.380379 5.620516 4.750105
alpha2 0.010000 0.048861 1985.000000 2.000000 1.380379 5.620516 4.751675
alpha2 0.010000 0.048861 1990.000000 2.000000 1.380379 5.620516 4.753227
alpha2 0.010000 0.048861 1995.000000 2.000000 1.380379 5.620516 4.754761
alpha2 0.010000 0.048861 2000.000000 2.000000 1.380379 5.620516 4.756278
alpha2 0.010000 0.048861 2005.000000 2.000000 1.380379 5.620516 4.757777
alpha2 0.010000 0.048861 2010.000000 2.000000 1.380379 5.620516 4.759259
alpha2 0.010000 0.048861 2015.000000 2.000000 1.380379 5.620516 4.760725
alpha2 0.010000 0.048861 2020.000000 2.000000 1.380379 5.620516 4.762173
alpha2 0.010000 0.048861 2025.000000 2.000000 1.380379 5.620516 4.763605
alpha2 0.010000 0.048861 2030.000000 2.000000 1.380379 5.620516 4.765021
alpha2 0.010000 0.048861 2035.000000 2.000000 1.380379 5.620516 4.766420
alpha2 0.010000 0.048861 2040.000000 2.000000 1.380379 5.620516 4.767803
alpha2 0.010000 0.048861 2045.000000 2.000000 1.380379 5.620516 4.769171
alpha2 0.010000 0.048861 2050.000000 2.000000 1.380379 5.620516 4.770523
alpha2 0.010000 0.048861 2055.000000 2.000000 1.380379 5.620516 4.771859
alpha2 0.010000 0.048861 2060.000000 2.000000 1.380379 5.620516 4.773180
alpha2 0.010000 0.048861 2065.000000 2.000000 1.380379 5.620516 4.774486
alpha2 0.010000 0.048861 2070.000000 2.000000 1.380379 5.620516 4.775778
alpha2 0.010000 0.048861 2075.000000 2.000000 1.380379 5.620516 4.777054
alpha2 0.010000 0.048861 2080.000000 2.000000 1.380379 5.620516 4.778316
alpha2 0.010000 0.048861 2085.000000 2.000000 1.380379 5.620516 4.779563
alpha2 0.010000 0.048861 2090.000000 2.000000 1.380379 5.620516 4.780796
alpha2 0.010000 0.048861 2095.000000 2.000000 1.380379 5.620516 4.782015
alpha2 0.010000 0.048861 2100.000000 2.000000 1.380379 5.620516 4.783220
alpha2 0.010000 0.048861 2105.000000 2.000000 1.380379 5.620516 4.784411
alpha2 0.010000 0.048861 2110.000000 2.000000 1.380379 5.620516 4.785589
alpha2 0.010000 0.048861 2115.000000 2.000000 1.380379 5.620516 4.786753
alpha2 0.010000 0.048861 2120.000000 2.000000 1.380379 5.620516 4.787904
alpha2 0.010000 0.048861 2125.000000 2.000000 1.380379 5.620516 4.789042
alpha2 0.010000 0.048861 2130.000000 2.000000 1.380379 5.620516 4.790166
alpha2 0.010000 0.048861 2135.000000 2.000000 1.380379 5.620516 4.791278
alpha2 0.010000 0.048861 2140.000000 2.000000 1.380379 5.620516 4.792377
alpha2 0.010000 0.048861 2145.000000 2.000000 1.380379 5.620516 4.793464
alpha2 0.010000 0.048861 2150.000000 2.000000 1.380379 5.620516 4.794538
alpha2 0.010000 0.048861 2155.000000 2.000000 1.380379 5.620516 4.795600
alpha2 0.010000 0.048861 2160.000000 2.000000 1.380379 5.620516 4.796650
alpha2 0.010000 0.048861 2165.000000 2.000000 1.380379 5.620516 4.797687
alpha2 0.010000 0.048861 2170.000000 2.000000 1.380379 5.620516 4.798713
alpha2 0.010000 0.048861 2175.000000 2.000000 1.380379 5.620516 4.799727
alpha2 0.010000 0.048861 2180.000000 2.000000 1.380379 5.620516 4.800730
alpha2 0.010000 0.048861 2185.000000 2.000000 1.380379 5.620516 4.801721
alpha2 0.010000 0.048861 2190.000000 2.000000 1.380379 5.620516 4.802701
alpha2 0.010000 0.048861 2195.000000 2.000000 1.380379 5.620516 4.803669
alpha2 0.010000 0.048861 2200.000000 2.000000 1.380379 5.620516 4.804627
alpha2 0.010000 0.048861 2205.000000 2.000000 1.380379 5.620516 4.805573
alpha2 0.010000 0.048861 2210.000000 2.000000 1.380379 5.620516 4.806509
alpha2 0.010000 0.048861 2215.000000 2.000000 1.380379 5.620516 4.807434
alpha2 0.010000 0.048861 2220.000000 2.000000 1.380379 5.620516 4.808348
alpha2 0.010000 0.048861 2225.000000 2.000000 1.380379 5.620516 4.809252
alpha2 0.010000 0.048861 2230.000000 2.000000 1.380379 5.620516 4.810146
alpha2 0.010000 0.048861 2235.000000 2.000000 1.380379 5.620516 4.811029
alpha2 0.010000 0.048861 2240.000000 2.000000 1.380379 5.620516 4.811902
alpha2 0.010000 0.048861 2245.000000 2.000000 1.380379 5.620516 4.812766
alpha2 0.010000 0.048861 2250.000000 2.000000 1.380379 5.620516 4.813619
alpha2 0.010000 0.048861 2255.000000 2.000000 1.380379 5.620516 4.814463
alpha2 0.010000 0.048861 2260.000000 2.000000 1.380379 5.620516 4.815297
alpha2 0.010000 0.048861 2265.000000 2.000000 1.380379 5.620516 4.816121
alpha2 0.010000 0.048861 2270.000000 2.000000 1.380379 5.620516 4.816936
alpha2 0.010000 0.048861 2275.000000 2.000000 1.380379 5.620516 4.817742
alpha2 0.010000 0.048861 2280.000000 2.000000 1.380379 5.620516 4.818538
alpha2 0.010000 0.048861 2285.000000 2.000000 1.380379 5.620516 4.819326
alpha2 0.010000 0.048861 2290.000000 2.000000 1.380379 5.620516 4.820104
alpha2 0.010000 0.048861 2295.000000 2.000000 1.380379 5.620516 4.820874
alpha2 0.010000 0.048861 2300.000000 2.000000 1.380379 5.620516 4.821634
alpha2 0.010000 0.048861 2305.000000 2.000000 1.380379 5.620516 4.822386
alpha2 0.010000 0.048861 2310.000000 2.000000 1.380379 5.620516 4.823130
alpha2 0.010000 0.048861 2315.000000 2.000000 1.380379 5.620516 4.823865
alpha2 0.010000 0.048861 2320.000000 2.000000 1.380379 5.620516 4.824591
alpha2 0.010000 0.048861 2325.000000 2.000000 1.380379 5.620516 4.825309
alpha2 0.010000 0.048861 2330.000000 2.000000 1.380379 5.620516 4.826019
alpha2 0.010000 0.048861 2335.000000 2.000000 1.380379 5.620516 4.826721
alpha2 0.010000 0.048861 2340.000000 2.000000 1.380379 5.620516 4.827415
alpha2 0.010000 0.048861 2345.000000 2.000000 1.380379 5.620516 4.828101
alpha2 0.010000 0.048861 2350.000000 2.000000 1.380379 5.620516 4.828779
alpha2 0.010000 0.048861 2355.000000 2.000000 1.380379 5.620516 4.829449
alpha2 0.010000 0.048861 2360.000000 2.000000 1.380379 5.620516 4.830112
alpha2 0.010000 0.048861 2365.000000 2.000000 1.380379 5.620516 4.830767
alpha2 0.010000 0.048861 2370.000000 2.000000 1.380379 5.620516 4.831415
alpha2 0.010000 0.048861 2375.000000 2.000000 1.380379 5.620516 4.832055
alpha2 0.010000 0.048861 2380.000000 2.000000 1.380379 5.620516 4.832688
alpha2 0.010000 0.048861 2385.000000 2.000000 1.380379 5.620516 4.833313
alpha2 0.010000 0.048861 2390.000000 2.000000 1.380379 5.620516 4.833932
alpha2 0.010000 0.048861 2395.000000 2.000000 1.380379 5.620516 4.834543
alpha2 0.010000 0.048861 2400.000000 2.000000 1.380379 5.620516 4.835148
alpha2 0.010000 0.048861 2405.000000 2.000000 1.380379 5.620516 4.835745
alpha2 0.010000 0.048861 2410.000000 2.000000 1.380379 5.620516 4.836336
alpha2 0.010000 0.048861 2415.000000 2.000000 1.380379 5.620516 4.836920
alpha2 0.010000 0.048861 2420.000000 2.000000 1.380379 5.620516 4.837497
alpha2 0.010000 0.048861 2425.000000 2.000000 1.380379 5.620516 4.838068
alpha2 0.010000 0.048861 2430.000000 2.000000 1.380379 5.620516 4.838632
alpha2 0.010000 0.048861 2435.000000 2.000000 1.380379 5.620516 4.839189
alpha2 0.010000 0.048861 2440.000000 2.000000 1.380379 5.620516 4.839741
alpha2 0.010000 0.048861 2445.000000 2.000000 1.380379 5.620516 4.840286
alpha2 0.010000 0.048861 2450.000000 2.000000 1.380379 5.620516 4.840824
alpha2 0.010000 0.048861 2455.000000 2.000000 1.380379 5.620516 4.841357
alpha2 0.010000 0.048861 2460.000000 2.000000 1.380379 5.620516 4.841883
alpha2 0.010000 0.048861 2465.000000 2.000000 1.380379 5.620516 4.842404
alpha2 0.010000 0.048861 2470.000000 2.000000 1.380379 5.620516 4.842918
alpha2 0.010000 0.048861 2475.000000 2.000000 1.380379 5.620516 4.843427
alpha2 0.010000 0.048861 2480.000000 2.000000 1.380379 5.620516 4.843930
alpha2 0.010000 0.048861 2485.000000 2.000000 1.380379 5.620516 4.844427
alpha2 0.010000 0.048861 2490.000000 2.000000 1.380379 5.620516 4.844918
alpha2 0.010000 0.048861 2495.000000 2.000000 1.380379 5.620516 4.845404
alpha2 0.010000 0.048861 2500.000000 2.000000 1.380379 5.620516 4.845884
alpha2 0.010000 0.048861 2505.000000 2.000000 1.380379 5.620516 4.846359
alpha2 0.010000 0.048861 2510.000000 2.000000 1.380379 5.620516 4.846828
alpha2 0.010000 0.048861 2515.000000 2.000000 1.380379 5.620516 4.847292
alpha2 0.010000 0.048861 2520.000000 2.000000 1.380379 5.620516 4.847751
alpha2 0.010000 0.048861 2525.000000 2.000000 1.380379 5.620516 4.848204
alpha2 0.010000 0.048861 2530.000000 2.000000 1.380379 5.620516 4.848653
alpha2 0.010000 0.048861 2535.000000 2.000000 1.380379 5.620516 4.849096
alpha2 0.010000 0.048861 2540.000000 2.000000 1.380379 5.620516 4.849534
alpha2 0.010000 0.048861 2545.000000 2.000000 1.380379 5.620516 4.849967
alpha2 0.010000 0.048861 2550.000000 2.000000 1.380379 5.620516 4.850395
alpha2 0.010000 0.048861 2555.000000 2.000000 1.380379 5.620516 4.850818
alpha2 0.010000 0.048861 2560.000000 2.000000 1.380379 5.620516 4.851236
alpha2 0.010000 0.048861 2565.000000 2.000000 1.380379 5.620516 4.851650
alpha2 0.010000 0.048861 2570.000000 2.000000 1.380379 5.620516 4.852059
alpha2 0.010000 0.048861 2575.000000 2.000000 1.380379 5.620516 4.852463
alpha2 0.010000 0.048861 2580.000000 2.000000 1.380379 5.620516 4.852862
alpha2 0.010000 0.048861 2585.000000 2.000000 1.380379 5.620516 4.853257
alpha2 0.010000 0.048861 2590.000000 2.000000 1.380379 5.620516 4.853648
alpha2 0.010000 0.048861 2595.000000 2.000000 1.380379 5.620516 4.854034
alpha2 0.010000 0.048861 2600.000000 2.000000 1.380379 5.620516 4.854415
alpha2 0.010000 0.048861 2605.000000 2.000000 1.380379 5.620516 4.854793
alpha2 0.010000 0.048861 2610.000000 2.000000 1.380379 5.620516 4.855165
alpha2 0.010000 0.048861 2615.000000 2.000000 1.380379 5.620516 4.855534
alpha2 0.010000 0.048861 2620.000000 2.000000 1.380379 5.620516 4.855899
alpha2 0.010000 0.048861 2625.000000 2.000000 1.380379 5.620516 4.856259
alpha2 0.010000 0.048861 2630.000000 2.000000 1.380379 5.620516 4.856615
alpha2 0.010000 0.048861 2635.000000 2.000000 1.380379 5.620516 4.856967
alpha2 0.010000 0.048861 2640.000000 2.000000 1.380379 5.620516 4.857315
alpha2 0.010000 0.048861 2645.000000 2.000000 1.380379 5.620516 4.857659
alpha2 0.010000 0.048861 2650.000000 2.000000 1.380379 5.620516 4.857999
alpha2 0.010000 0.048861 2655.000000 2.000000 1.380379 5.620516 4.858335
alpha2 0.010000 0.048861 2660.000000 2.000000 1.380379 5.620516 4.858668
alpha2 0.010000 0.048861 2665.000000 2.000000 1.380379 5.620516 4.858996
alpha2 0.010000 0.048861 2670.000000 2.000000 1.380379 5.620516 4.859321
alpha2 0.010000 0.048861 2675.000000 2.000000 1.380379 5.620516 4.859642
alpha2 0.010000 0.048861 2680.000000 2.000000 1.380379 5.620516 4.859960
alpha2 0.010000 0.048861 2685.000000 2.000000 1.380379 5.620516 4.860273
alpha2 0.010000 0.048861 2690.000000 2.000000 1.380379 5.620516 4.860584
alpha2 0.010000 0.048861 2695.000000 2.000000 1.380379 5.620516 4.860890
alpha2 0.010000 0.048861 2700.000000 2.000000 1.380379 5.620516 4.861194
alpha2 0.010000 0.048861 2705.000000 2.000000 1.380379 5.620516 4.861493
alpha2 0.010000 0.048861 2710.000000 2.000000 1.380379 5.620516 4.861789
alpha2 0.010000 0.048861 2715.000000 2.000000 1.380379 5.620516 4.862082
alpha2 0.010000 0.048861 2720.000000 2.000000 1.380379 5.620516 4.862372
alpha2 0.010000 0.048861 2725.000000 2.000000 1.380379 5.620516 4.862658
alpha2 0.010000 0.048861 2730.000000 2.000000 1.380379 5.620516 4.862941
alpha2 0.010000 0.048861 2735.000000 2.000000 1.380379 5.620516 4.863221
alpha2 0.010000 0.048861 2740.000000 2.000000 1.380379 5.620516 4.863497
alpha2 0.010000 0.048861 2745.000000 2.000000 1.380379 5.620516 4.863771
alpha2 0.010000 0.048861 2750.000000 2.000000 1.380379 5.620516 4.864041
alpha2 0.010000 0.048861 2755.000000 2.000000 1.380379 5.620516 4.864308
alpha2 0.010000 0.048861 2760.000000 2.000000 1.380379 5.620516 4.864572
alpha2 0.010000 0.048861 2765.000000 2.000000 1.380379 5.620516 4.864833
alpha2 0.010000 0.048861 2770.000000 2.000000 1.380379 5.620516 4.865091
alpha2 0.010000 0.048861 2775.000000 2.000000 1.380379 5.620516 4.865346
alpha2 0.010000 0.048861 2780.000000 2.000000 1.380379 5.620516 4.865599
alpha2 0.010000 0.048861 2785.000000 2.000000 1.380379 5.620516 4.865848
alpha2 0.010000 0.048861 2790.000000 2.000000 1.380379 5.620516 4.866094
alpha2 0.010000 0.048861 2795.000000 2.000000 1.380379 5.620516 4.866338
alpha2 0.010000 0.048861 2800.000000 2.000000 1.380379 5.620516 4.866579
alpha2 0.010000 0.048861 2805.000000 2.000000 1.380379 5.620516 4.866817
alpha2 0.010000 0.048861 2810.000000 2.000000 1.380379 5.620516 4.867052
alpha2 0.010000 0.048861 2815.000000 2.000000 1.380379 5.620516 4.867285
alpha2 0.010000 0.048861 2820.000000 2.000000 1.380379 5.620516 4.867515
alpha2 0.010000 0.048861 2825.000000 2.000000 1.380379 5.620516 4.867743
alpha2 0.010000 0.048861 2830.000000 2.000000 1.380379 5.620516 4.867967
alpha2 0.010000 0.048861 2835.000000 2.000000 1.380379 5.620516 4.868190
alpha2 0.010000 0.048861 2840.000000 2.000000 1.380379 5.620516 4.868409
alpha2 0.010000 0.048861 2845.000000 2.000000 1.380379 5.620516 4.868627
alpha2 0.010000 0.048861 2850.000000 2.000000 1.380379 5.620516 4.868841
alpha2 0.010000 0.048861 2855.000000 2.000000 1.380379 5.620516 4.869054
alpha2 0.010000 0.048861 2860.000000 2.000000 1.380379 5.620516 4.869263
alpha2 0.010000 0.048861 2865.000000 2.000000 1.380379 5.620516 4.869471
alpha2 0.010000 0.048861 2870.000000 2.000000 1.380379 5.620516 4.869676
alpha2 0.010000 0.048861 2875.000000 2.000000 1.380379 5.620516 4.869879
alpha2 0.010000 0.048861 2880.000000 2.000000 1.380379 5.620516 4.870079
alpha2 0.010000 0.048861 2885.000000 2.000000 1.380379 5.620516 4.870277
alpha2 0.010000 0.048861 2890.000000 2.000000 1.380379 5.620516 4.870473
alpha2 0.010000 0.048861 2895.000000 2.000000 1.380379 5.620516 4.870667
alpha2 0.010000 0.048861 2900.000000 2.000000 1.380379 5.620516 4.870858
alpha2 0.010000 0.048861 2905.000000 2.000000 1.380379 5.620516 4.871047
alpha2 0.010000 0.048861 2910.000000 2.000000 1.380379 5.620516 4.871234
alpha2 0.010000 0.048861 2915.000000 2.000000 1.380379 5.620516 4.871419
alpha2 0.010000 0.048861 2920.000000 2.000000 1.380379 5.620516 4.871602
alpha2 0.010000 0.048861 2925.000000 2.000000 1.380379 5.620516 4.871783
alpha2 0.010000 0.048861 2930.000000 2.000000 1.380379 5.620516 4.871961
alpha2 0.010000 0.048861 2935.000000 2.000000 1.380379 5.620516 4.872138
alpha2 0.010000 0.048861 2940.000000 2.000000 1.380379 5.620516 4.872312
alpha2 0.010000 0.048861 2945.000000 2.000000 1.380379 5.620516 4.872485
alpha2 0.010000 0.048861 2950.000000 2.000000 1.380379 5.620516 4.872655
alpha2 0.010000 0.048861 2955.000000 2.000000 1.380379 5.620516 4.872824
alpha2 0.010000 0.048861 2960.000000 2.000000 1.380379 5.620516 4.872991
alpha2 0.010000 0.048861 2965.000000 2.000000 1.380379 5.620516 4.873156
alpha2 0.010000 0.048861 2970.000000 2.000000 1.380379 5.620516 4.873319
alpha2 0.010000 0.048861 2975.000000 2.000000 1.380379 5.620516 4.873480
alpha2 0.010000 0.048861 2980.000000 2.000000 1.380379 5.620516 4.873639
alpha2 0.010000 0.048861 2985.000000 2.000000 1.380379 5.620516 4.873796
alpha2 0.010000 0.048861 2990.000000 2.000000 1.380379 5.620516 4.873952
alpha2 0.010000 0.048861 2995.000000 2.000000 1.380379 5.620516 4.874106
alpha2 0.010000 0.048861 3000.000000 2.000000 1.380379 5.620516 4.874258
alpha2 0.010000 0.048861 3005.000000 2.000000 1.380379 5.620516 4.874408
alpha2 0.010000 0.048861 3010.000000 2.000000 1.380379 5.620516 4.874557
alpha2 0.010000 0.048861 3015.000000 2.000000 1.380379 5.620516 4.874704
alpha2 0.010000 0.048861 3020.000000 2.000000 1.380379 5.620516 4.874849
alpha2 0.010000 0.048861 3025.000000 2.000000 1.380379 5.620516 4.874992
alpha2 0.010000 0.048861 3030.000000 2.000000 1.380379 5.620516 4.875134
alpha2 0.010000 0.048861 3035.000000 2.000000 1.380379 5.620516 4.875275
alpha2 0.010000 0.048861 3040.000000 2.000000 1.380379 5.620516 4.875413
alpha2 0.010000 0.048861 3045.000000 2.000000 1.380379 5.620516 4.875550
alpha2 0.010000 0.048861 3050.000000 2.000000 1.380379 5.620516 4.875686
alpha2 0.010000 0.048861 3055.000000 2.000000 1.380379 5.620516 4.875820
alpha2 0.010000 0.048861 3060.000000 2.000000 1.380379 5.620516 4.875952
alpha2 0.010000 0.048861 3065.000000 2.000000 1.380379 5.620516 4.876083
alpha2 0.010000 0.048861 3070.000000 2.000000 1.380379 5.620516 4.876213
alpha2 0.010000 0.048861 3075.000000 2.000000 1.380379 5.620516 4.876341
alpha2 0.010000 0.048861 3080.000000 2.000000 1.380379 5.620516 4.876467
alpha2 0.010000 0.048861 3085.000000 2.000000 1.380379 5.620516 4.876592
alpha2 0.010000 0.048861 3090.000000 2.000000 1.380379 5.620516 4.876716
alpha2 0.010000 0.048861 3095.000000 2.000000 1.380379 5.620516 4.876838
alpha2 0.010000 0.048861 3100.000000 2.000000 1.380379 5.620516 4.876959
alpha2 0.010000 0.048861 3105.000000 2.000000 1.380379 5.620516 4.877078
alpha2 0.010000 0.048861 3110.000000 2.000000 1.380379 5.620516 4.877197
alpha2 0.010000 0.048861 3115.000000 2.000000 1.380379 5.620516 4.877313
alpha2 0.010000 0.048861 3120.000000 2.000000 1.380379 5.620516 4.877429
alpha2 0.010000 0.048861 3125.000000 2.000000 1.380379 5.620516 4.877543
alpha2 0.010000 0.048861 3130.000000 2.000000 1.380379 5.620516 4.877655
alpha2 0.010000 0.048861 3135.000000 2.000000 1.380379 5.620516 4.877767
alpha2 0.010000 0.048861 3140.000000 2.000000 1.380379 5.620516 4.877877
alpha2 0.010000 0.048861 3145.000000 2.000000 1.380379 5.620516 4.877986
alpha2 0.010000 0.048861 3150.000000 2.000000 1.380379 5.620516 4.878094
alpha2 0.010000 0.048861 3155.000000 2.000000 1.380379 5.620516 4.878200
alpha2 0.010000 0.048861 3160.000000 2.000000 1.380379 5.620516 4.878306
alpha2 0.010000 0.048861 3165.000000 2.000000 1.380379 5.620516 4.878410
alpha2 0.010000 0.048861 3170.000000 2.000000 1.380379 5.620516 4.878512
alpha2 0.010000 0.048861 3175.000000 2.000000 1.380379 5.620516 4.878614
alpha2 0.010000 0.048861 3180.000000 2.000000 1.380379 5.620516 4.878715
alpha2 0.010000 0.048861 3185.000000 2.000000 1.380379 5.620516 4.878814
alpha2 0.010000 0.048861 3190.000000 2.000000 1.380379 5.620516 4.878912
alpha2 0.010000 0.048861 3195.000000 2.000000 1.380379 5.620516 4.879009
alpha2 0.010000 0.048861 3200.000000 2.000000 1.380379 5.620516 4.879105
alpha2 0.010000 0.048861 3205.000000 2.000000 1.380379 5.620516 4.879200
alpha2 0.010000 0.048861 3210.000000 2.000000 1.380379 5.620516 4.879294
alpha2 0.010000 0.048861 3215.000000 2.000000 1.380379 5.620516 4.879387
alpha2 0.010000 0.048861 3220.000000 2.000000 1.380379 5.620516 4.879478
alpha2 0.010000 0.048861 3225.000000 2.000000 1.380379 5.620516 4.879569
alpha2 0.010000 0.048861 3230.000000 2.000000 1.380379 5.620516 4.879659
alpha2 0.010000 0.048861 3235.000000 2.000000 1.380379 5.620516 4.879747
alpha2 0.010000 0.048861 3240.000000 2.000000 1.380379 5.620516 4.879835
alpha2 0.010000 0.048861 3245.000000 2.000000 1.380379 5.620516 4.879921
alpha2 0.010000 0.048861 3250.000000 2.000000 1.380379 5.620516 4.880007
alpha2 0.010000 0.048861 3255.000000 2.000000 1.380379 5.620516 4.880092
alpha2 0.010000 0.048861 3260.000000 2.000000 1.380379 5.620516 4.880175
alpha2 0.010000 0.048861 3265.000000 2.000000 1.380379 5.620516 4.880258
alpha2 0.010000 0.048861 3270.000000 2.000000 1.380379 5.620516 4.880340
alpha2 0.010000 0.048861 3275.000000 2.000000 1.380379 5.620516 4.880420
alpha2 0.010000 0.048861 3280.000000 2.000000 1.380379 5.620516 4.880500
alpha2 0.010000 0.048861 3285.000000 2.000000 1.380379 5.620516 4.880579
alpha2 0.010000 0.048861 3290.000000 2.000000 1.380379 5.620516 4.880657
alpha2 0.010000 0.048861 3295.000000 2.000000 1.380379 5.620516 4.880734
alpha2 0.010000 0.048861 3300.000000 2.000000 1.380379 5.620516 4.880811
alpha2 0.010000 0.048861 3305.000000 2.000000 1.380379 5.620516 4.880886
alpha2 0.010000 0.048861 3310.000000 2.000000 1.380379 5.620516 4.880961
alpha2 0.010000 0.048861 3315.000000 2.000000 1.380379 5.620516 4.881034
alpha2 0.010000 0.048861 3320.000000 2.000000 1.380379 5.620516 4.881107
alpha2 0.010000 0.048861 3325.000000 2.000000 1.380379 5.620516 4.881179
alpha2 0.010000 0.048861 3330.000000 2.000000 1.380379 5.620516 4.881250
alpha2 0.010000 0.048861 3335.000000 2.000000 1.380379 5.620516 4.881321
alpha2 0.010000 0.048861 3340.000000 2.000000 1.380379 5.620516 4.881390
alpha2 0.010000 0.048861 3345.000000 2.000000 1.380379 5.620516 4.881459
alpha2 0.010000 0.048861 3350.000000 2.000000 1.380379 5.620516 4.881527
alpha2 0.010000 0.048861 3355.000000 2.000000 1.380379 5.620516 4.881594
alpha2 0.010000 0.048861 3360.000000 2.000000 1.380379 5.620516 4.881661
alpha2 0.010000 0.048861 3365.000000 2.000000 1.380379 5.620516 4.881726
alpha2 0.010000 0.048861 3370.000000 2.000000 1.380379 5.620516 4.881791
alpha2 0.010000 0.048861 3375.000000 2.000000 1.380379 5.620516 4.881855
alpha2 0.010000 0.048861 3380.000000 2.000000 1.380379 5.620516 4.881919
alpha2 0.010000 0.048861 3385.000000 2.000000 1.380379 5.620516 4.881982
alpha2 0.010000 0.048861 3390.000000 2.000000 1.380379 5.620516 4.882044
alpha2 0.010000 0.048861 3395.000000 2.000000 1.380379 5.620516 4.882105
alpha2 0.010000 0.048861 3400.000000 2.000000 1.380379 5.620516 4.882165
alpha2 0.010000 0.048861 3405.000000 2.000000 1.380379 5.620516 4.882225
alpha2 0.010000 0.048861 3410.000000 2.000000 1.380379 5.620516 4.882285
alpha2 0.010000 0.048861 3415.000000 2.000000 1.380379 5.620516 4.882343
alpha2 0.010000 0.048861 3420.000000 2.000000 1.380379 5.620516 4.882401
alpha2 0.010000 0.048861 3425.000000 2.000000 1.380379 5.620516 4.882458
alpha2 0.010000 0.048861 3430.000000 2.000000 1.380379 5.620516 4.882515
alpha2 0.010000 0.048861 3435.000000 2.000000 1.380379 5.620516 4.882571
alpha2 0.010000 0.048861 3440.000000 2.000000 1.380379 5.620516 4.882626
alpha2 0.010000 0.048861 3445.000000 2.000000 1.380379 5.620516 4.882681
alpha2 0.010000 0.048861 3450.000000 2.000000 1.380379 5.620516 4.882735
alpha2 0.010000 0.048861 3455.000000 2.000000 1.380379 5.620516 4.882788
alpha2 0.010000 0.048861 3460.000000 2.000000 1.380379 5.620516 4.882841
alpha2 0.010000 0.048861 3465.000000 2.000000 1.380379 5.620516 4.882893
alpha2 0.010000 0.048861 3470.000000 2.000000 1.380379 5.620516 4.882944
alpha2 0.010000 0.048861 3475.000000 2.000000 1.380379 5.620516 4.882995
alpha2 0.010000 0.048861 3480.000000 2.000000 1.380379 5.620516 4.883046
alpha2 0.010000 0.048861 3485.000000 2.000000 1.380379 5.620516 4.883096
alpha2 0.010000 0.048861 3490.000000 2.000000 1.380379 5.620516 4.883145
alpha2 0.010000 0.048861 3495.000000 2.000000 1.380379 5.620516 4.883194
alpha2 0.010000 0.048861 3500.000000 2.000000 1.380379 5.620516 4.883242
alpha2 0.010000 0.048861 3505.000000 2.000000 1.380379 5.620516 4.883289
alpha2 0.010000 0.048861 3510.000000 2.000000 1.380379 5.620516 4.883336
alpha2 0.010000 0.048861 3515.000000 2.000000 1.380379 5.620516 4.883383
alpha2 0.010000 0.048861 3520.000000 2.000000 1.380379 5.620516 4.883429
alpha2 0.010000 0.048861 3525.000000 2.000000 1.380379 5.620516 4.883474
alpha2 0.010000 0.048861 3530.000000 2.000000 1.380379 5.620516 4.883519
alpha2 0.010000 0.048861 3535.000000 2.000000 1.380379 5.620516 4.883564
alpha2 0.010000 0.048861 3540.000000 2.000000 1.380379 5.620516 4.883608
alpha2 0.010000 0.048861 3545.000000 2.000000 1.380379 5.620516 4.883651
alpha2 0.010000 0.048861 3550.000000 2.000000 1.380379 5.620516 4.883694
alpha2 0.010000 0.048861 3555.000000 2.000000 1.380379 5.620516 4.883736
alpha2 0.010000 0.048861 3560.000000 2.000000 1.380379 5.620516 4.883778
alpha2 0.010000 0.048861 3565.000000 2.000000 1.380379 5.620516 4.883820
alpha2 0.010000 0.048861 3570.000000 2.000000 1.380379 5.620516 4.883861
alpha2 0.010000 0.048861 3575.000000 2.000000 1.380379 5.620516 4.883901
alpha2 0.010000 0.048861 3580.000000 2.000000 1.380379 5.620516 4.883941
alpha2 0.010000 0.048861 3585.000000 2.000000 1.380379 5.620516 4.883981
alpha2 0.010000 0.048861 3590.000000 2.000000 1.380379 5.620516 4.884020
alpha2 0.010000 0.048861 3595.000000 2.000000 1.380379 5.620516 4.884059
alpha2 0.010000 0.048861 3600.000000 2.000000 1.380379 5.620516 4.884097
