HEADER DATE 31-Jul-2017 20:05:36
HEADER RANDSEED 1742183957
Param True_Value Sim_Value Sim_Time Input mRNA foldedP fluo
alpha2 0.010000 0.029086 0.000000 0.000000 0.001104 0.002676 0.002327
alpha2 0.010000 0.029086 5.000000 0.000000 0.001104 0.002676 0.002327
alpha2 0.010000 0.029086 10.000000 0.000000 0.001104 0.002676 0.002327
alpha2 0.010000 0.029086 15.000000 0.000000 0.001104 0.002676 0.002327
alpha2 0.010000 0.029086 20.000000 0.000000 0.001104 0.002676 0.002327
alpha2 0.010000 0.029086 25.000000 0.000000 0.001104 0.002676 0.002327
alpha2 0.010000 0.029086 30.000000 0.000000 0.001104 0.002676 0.002327
alpha2 0.010000 0.029086 35.000000 0.000000 0.001104 0.002676 0.002327
alpha2 0.010000 0.029086 40.000000 0.000000 0.001104 0.002676 0.002327
alpha2 0.010000 0.029086 45.000000 0.000000 0.001104 0.002676 0.002327
alpha2 0.010000 0.029086 50.000000 0.000000 0.001104 0.002676 0.002327
alpha2 0.010000 0.029086 55.000000 0.000000 0.001104 0.002676 0.002327
alpha2 0.010000 0.029086 60.000000 0.000000 0.001104 0.002676 0.002327
alpha2 0.010000 0.029086 65.000000 0.000000 0.001104 0.002676 0.002327
alpha2 0.010000 0.029086 70.000000 0.000000 0.001104 0.002676 0.002327
alpha2 0.010000 0.029086 75.000000 0.000000 0.001104 0.002676 0.002327
alpha2 0.010000 0.029086 80.000000 0.000000 0.001104 0.002676 0.002327
alpha2 0.010000 0.029086 85.000000 0.000000 0.001104 0.002676 0.002327
alpha2 0.010000 0.029086 90.000000 0.000000 0.001104 0.002676 0.002327
alpha2 0.010000 0.029086 95.000000 0.000000 0.001104 0.002676 0.002327
alpha2 0.010000 0.029086 100.000000 0.000000 0.001104 0.002676 0.002327
alpha2 0.010000 0.029086 105.000000 0.000000 0.001104 0.002676 0.002327
alpha2 0.010000 0.029086 110.000000 0.000000 0.001104 0.002676 0.002327
alpha2 0.010000 0.029086 115.000000 0.000000 0.001104 0.002676 0.002327
alpha2 0.010000 0.029086 120.000000 0.000000 0.001104 0.002676 0.002327
alpha2 0.010000 0.029086 125.000000 0.000000 0.001104 0.002676 0.002327
alpha2 0.010000 0.029086 130.000000 0.000000 0.001104 0.002676 0.002327
alpha2 0.010000 0.029086 135.000000 0.000000 0.001104 0.002676 0.002327
alpha2 0.010000 0.029086 140.000000 0.000000 0.001104 0.002676 0.002327
alpha2 0.010000 0.029086 145.000000 0.000000 0.001104 0.002676 0.002327
alpha2 0.010000 0.029086 150.000000 0.000000 0.001104 0.002676 0.002327
alpha2 0.010000 0.029086 155.000000 0.000000 0.001104 0.002676 0.002327
alpha2 0.010000 0.029086 160.000000 0.000000 0.001104 0.002676 0.002327
alpha2 0.010000 0.029086 165.000000 0.000000 0.001104 0.002676 0.002327
alpha2 0.010000 0.029086 170.000000 0.000000 0.001104 0.002676 0.002327
alpha2 0.010000 0.029086 175.000000 0.000000 0.001104 0.002676 0.002327
alpha2 0.010000 0.029086 180.000000 0.000000 0.001104 0.002676 0.002327
alpha2 0.010000 0.029086 185.000000 0.000000 0.001104 0.002676 0.002327
alpha2 0.010000 0.029086 190.000000 0.000000 0.001104 0.002676 0.002327
alpha2 0.010000 0.029086 195.000000 0.000000 0.001104 0.002676 0.002327
alpha2 0.010000 0.029086 200.000000 0.000000 0.001104 0.002676 0.002327
alpha2 0.010000 0.029086 205.000000 0.000000 0.001104 0.002676 0.002327
alpha2 0.010000 0.029086 210.000000 0.000000 0.001104 0.002676 0.002327
alpha2 0.010000 0.029086 215.000000 0.000000 0.001104 0.002676 0.002327
alpha2 0.010000 0.029086 220.000000 0.000000 0.001104 0.002676 0.002327
alpha2 0.010000 0.029086 225.000000 0.000000 0.001104 0.002676 0.002327
alpha2 0.010000 0.029086 230.000000 0.000000 0.001104 0.002676 0.002327
alpha2 0.010000 0.029086 235.000000 0.000000 0.001104 0.002676 0.002327
alpha2 0.010000 0.029086 240.000000 0.000000 0.001104 0.002676 0.002327
alpha2 0.010000 0.029086 245.000000 0.000000 0.001104 0.002676 0.002327
alpha2 0.010000 0.029086 250.000000 0.000000 0.001104 0.002676 0.002327
alpha2 0.010000 0.029086 255.000000 0.000000 0.001104 0.002676 0.002327
alpha2 0.010000 0.029086 260.000000 0.000000 0.001104 0.002676 0.002327
alpha2 0.010000 0.029086 265.000000 0.000000 0.001104 0.002676 0.002327
alpha2 0.010000 0.029086 270.000000 0.000000 0.001104 0.002676 0.002327
alpha2 0.010000 0.029086 275.000000 0.000000 0.001104 0.002676 0.002327
alpha2 0.010000 0.029086 280.000000 0.000000 0.001104 0.002676 0.002327
alpha2 0.010000 0.029086 285.000000 0.000000 0.001104 0.002676 0.002327
alpha2 0.010000 0.029086 290.000000 0.000000 0.001104 0.002676 0.002327
alpha2 0.010000 0.029086 295.000000 0.000000 0.001104 0.002676 0.002327
alpha2 0.010000 0.029086 300.000000 2.000000 0.001104 0.002676 0.002327
alpha2 0.010000 0.029086 305.000000 2.000000 0.193226 0.016710 0.002374
alpha2 0.010000 0.029086 310.000000 2.000000 0.358587 0.055090 0.002686
alpha2 0.010000 0.029086 315.000000 2.000000 0.500914 0.112893 0.003477
alpha2 0.010000 0.029086 320.000000 2.000000 0.623417 0.185972 0.004913
alpha2 0.010000 0.029086 325.000000 2.000000 0.728856 0.270840 0.007120
alpha2 0.010000 0.029086 330.000000 2.000000 0.819608 0.364576 0.010192
alpha2 0.010000 0.029086 335.000000 2.000000 0.897719 0.464740 0.014195
alpha2 0.010000 0.029086 340.000000 2.000000 0.964949 0.569301 0.019171
alpha2 0.010000 0.029086 345.000000 2.000000 1.022815 0.676579 0.025145
alpha2 0.010000 0.029086 350.000000 2.000000 1.072621 0.785188 0.032125
alpha2 0.010000 0.029086 355.000000 2.000000 1.115489 0.893997 0.040107
alpha2 0.010000 0.029086 360.000000 2.000000 1.152386 1.002083 0.049076
alpha2 0.010000 0.029086 365.000000 2.000000 1.184144 1.108708 0.059011
alpha2 0.010000 0.029086 370.000000 2.000000 1.211478 1.213282 0.069883
alpha2 0.010000 0.029086 375.000000 2.000000 1.235004 1.315347 0.081657
alpha2 0.010000 0.029086 380.000000 2.000000 1.255254 1.414550 0.094299
alpha2 0.010000 0.029086 385.000000 2.000000 1.272683 1.510628 0.107766
alpha2 0.010000 0.029086 390.000000 2.000000 1.287684 1.603393 0.122018
alpha2 0.010000 0.029086 395.000000 2.000000 1.300596 1.692721 0.137013
alpha2 0.010000 0.029086 400.000000 2.000000 1.311709 1.778538 0.152707
alpha2 0.010000 0.029086 405.000000 2.000000 1.321274 1.860813 0.169057
alpha2 0.010000 0.029086 410.000000 2.000000 1.329507 1.939549 0.186021
alpha2 0.010000 0.029086 415.000000 2.000000 1.336593 2.014779 0.203556
alpha2 0.010000 0.029086 420.000000 2.000000 1.342692 2.086555 0.221621
alpha2 0.010000 0.029086 425.000000 2.000000 1.347942 2.154951 0.240177
alpha2 0.010000 0.029086 430.000000 2.000000 1.352460 2.220051 0.259183
alpha2 0.010000 0.029086 435.000000 2.000000 1.356349 2.281952 0.278604
alpha2 0.010000 0.029086 440.000000 2.000000 1.359696 2.340757 0.298403
alpha2 0.010000 0.029086 445.000000 2.000000 1.362577 2.396576 0.318545
alpha2 0.010000 0.029086 450.000000 2.000000 1.365057 2.449522 0.338997
alpha2 0.010000 0.029086 455.000000 2.000000 1.367191 2.499709 0.359728
alpha2 0.010000 0.029086 460.000000 2.000000 1.369028 2.547253 0.380708
alpha2 0.010000 0.029086 465.000000 2.000000 1.370609 2.592269 0.401907
alpha2 0.010000 0.029086 470.000000 2.000000 1.371970 2.634871 0.423300
alpha2 0.010000 0.029086 475.000000 2.000000 1.373141 2.675170 0.444861
alpha2 0.010000 0.029086 480.000000 2.000000 1.374149 2.713275 0.466564
alpha2 0.010000 0.029086 485.000000 2.000000 1.375017 2.749293 0.488388
alpha2 0.010000 0.029086 490.000000 2.000000 1.375764 2.783328 0.510310
alpha2 0.010000 0.029086 495.000000 2.000000 1.376407 2.815478 0.532311
alpha2 0.010000 0.029086 500.000000 2.000000 1.376960 2.845840 0.554370
alpha2 0.010000 0.029086 505.000000 2.000000 1.377436 2.874507 0.576471
alpha2 0.010000 0.029086 510.000000 2.000000 1.377846 2.901567 0.598596
alpha2 0.010000 0.029086 515.000000 2.000000 1.378199 2.927104 0.620730
alpha2 0.010000 0.029086 520.000000 2.000000 1.378503 2.951200 0.642857
alpha2 0.010000 0.029086 525.000000 2.000000 1.378764 2.973933 0.664963
alpha2 0.010000 0.029086 530.000000 2.000000 1.378989 2.995377 0.687037
alpha2 0.010000 0.029086 535.000000 2.000000 1.379183 3.015600 0.709065
alpha2 0.010000 0.029086 540.000000 2.000000 1.379349 3.034672 0.731037
alpha2 0.010000 0.029086 545.000000 2.000000 1.379493 3.052655 0.752941
alpha2 0.010000 0.029086 550.000000 2.000000 1.379616 3.069609 0.774769
alpha2 0.010000 0.029086 555.000000 2.000000 1.379722 3.085592 0.796511
alpha2 0.010000 0.029086 560.000000 2.000000 1.379814 3.100658 0.818159
alpha2 0.010000 0.029086 565.000000 2.000000 1.379893 3.114859 0.839704
alpha2 0.010000 0.029086 570.000000 2.000000 1.379960 3.128243 0.861140
alpha2 0.010000 0.029086 575.000000 2.000000 1.380019 3.140857 0.882461
alpha2 0.010000 0.029086 580.000000 2.000000 1.380069 3.152744 0.903659
alpha2 0.010000 0.029086 585.000000 2.000000 1.380112 3.163945 0.924730
alpha2 0.010000 0.029086 590.000000 2.000000 1.380149 3.174499 0.945667
alpha2 0.010000 0.029086 595.000000 2.000000 1.380181 3.184444 0.966468
alpha2 0.010000 0.029086 600.000000 2.000000 1.380209 3.193813 0.987126
alpha2 0.010000 0.029086 605.000000 2.000000 1.380233 3.202641 1.007639
alpha2 0.010000 0.029086 610.000000 2.000000 1.380253 3.210958 1.028002
alpha2 0.010000 0.029086 615.000000 2.000000 1.380270 3.218793 1.048213
alpha2 0.010000 0.029086 620.000000 2.000000 1.380286 3.226174 1.068268
alpha2 0.010000 0.029086 625.000000 2.000000 1.380299 3.233127 1.088165
alpha2 0.010000 0.029086 630.000000 2.000000 1.380310 3.239677 1.107902
alpha2 0.010000 0.029086 635.000000 2.000000 1.380319 3.245846 1.127477
alpha2 0.010000 0.029086 640.000000 2.000000 1.380328 3.251658 1.146887
alpha2 0.010000 0.029086 645.000000 2.000000 1.380335 3.257133 1.166131
alpha2 0.010000 0.029086 650.000000 2.000000 1.380341 3.262290 1.185208
alpha2 0.010000 0.029086 655.000000 2.000000 1.380346 3.267147 1.204117
alpha2 0.010000 0.029086 660.000000 2.000000 1.380351 3.271722 1.222856
alpha2 0.010000 0.029086 665.000000 2.000000 1.380355 3.276031 1.241425
alpha2 0.010000 0.029086 670.000000 2.000000 1.380358 3.280090 1.259824
alpha2 0.010000 0.029086 675.000000 2.000000 1.380361 3.283913 1.278051
alpha2 0.010000 0.029086 680.000000 2.000000 1.380364 3.287513 1.296107
alpha2 0.010000 0.029086 685.000000 2.000000 1.380366 3.290904 1.313991
alpha2 0.010000 0.029086 690.000000 2.000000 1.380368 3.294098 1.331703
alpha2 0.010000 0.029086 695.000000 2.000000 1.380369 3.297107 1.349244
alpha2 0.010000 0.029086 700.000000 2.000000 1.380371 3.299940 1.366613
alpha2 0.010000 0.029086 705.000000 2.000000 1.380372 3.302608 1.383810
alpha2 0.010000 0.029086 710.000000 2.000000 1.380373 3.305122 1.400837
alpha2 0.010000 0.029086 715.000000 2.000000 1.380374 3.307489 1.417694
alpha2 0.010000 0.029086 720.000000 2.000000 1.380375 3.309718 1.434380
alpha2 0.010000 0.029086 725.000000 2.000000 1.380375 3.311818 1.450898
alpha2 0.010000 0.029086 730.000000 2.000000 1.380376 3.313795 1.467246
alpha2 0.010000 0.029086 735.000000 2.000000 1.380376 3.315657 1.483427
alpha2 0.010000 0.029086 740.000000 2.000000 1.380377 3.317411 1.499441
alpha2 0.010000 0.029086 745.000000 2.000000 1.380377 3.319063 1.515288
alpha2 0.010000 0.029086 750.000000 2.000000 1.380377 3.320619 1.530971
alpha2 0.010000 0.029086 755.000000 2.000000 1.380378 3.322084 1.546489
alpha2 0.010000 0.029086 760.000000 2.000000 1.380378 3.323464 1.561844
alpha2 0.010000 0.029086 765.000000 2.000000 1.380378 3.324763 1.577036
alpha2 0.010000 0.029086 770.000000 2.000000 1.380378 3.325987 1.592067
alpha2 0.010000 0.029086 775.000000 2.000000 1.380378 3.327140 1.606939
alpha2 0.010000 0.029086 780.000000 2.000000 1.380379 3.328225 1.621651
alpha2 0.010000 0.029086 785.000000 2.000000 1.380379 3.329247 1.636206
alpha2 0.010000 0.029086 790.000000 2.000000 1.380379 3.330210 1.650604
alpha2 0.010000 0.029086 795.000000 2.000000 1.380379 3.331117 1.664846
alpha2 0.010000 0.029086 800.000000 2.000000 1.380379 3.331971 1.678935
alpha2 0.010000 0.029086 805.000000 2.000000 1.380379 3.332775 1.692871
alpha2 0.010000 0.029086 810.000000 2.000000 1.380379 3.333533 1.706655
alpha2 0.010000 0.029086 815.000000 2.000000 1.380379 3.334246 1.720289
alpha2 0.010000 0.029086 820.000000 2.000000 1.380379 3.334918 1.733774
alpha2 0.010000 0.029086 825.000000 2.000000 1.380379 3.335550 1.747111
alpha2 0.010000 0.029086 830.000000 2.000000 1.380379 3.336146 1.760301
alpha2 0.010000 0.029086 835.000000 2.000000 1.380379 3.336707 1.773347
alpha2 0.010000 0.029086 840.000000 2.000000 1.380379 3.337236 1.786249
alpha2 0.010000 0.029086 845.000000 2.000000 1.380379 3.337733 1.799009
alpha2 0.010000 0.029086 850.000000 2.000000 1.380379 3.338202 1.811627
alpha2 0.010000 0.029086 855.000000 2.000000 1.380379 3.338643 1.824106
alpha2 0.010000 0.029086 860.000000 2.000000 1.380379 3.339059 1.836446
alpha2 0.010000 0.029086 865.000000 2.000000 1.380379 3.339450 1.848649
alpha2 0.010000 0.029086 870.000000 2.000000 1.380379 3.339819 1.860716
alpha2 0.010000 0.029086 875.000000 2.000000 1.380379 3.340166 1.872649
alpha2 0.010000 0.029086 880.000000 2.000000 1.380379 3.340493 1.884449
alpha2 0.010000 0.029086 885.000000 2.000000 1.380379 3.340801 1.896117
alpha2 0.010000 0.029086 890.000000 2.000000 1.380379 3.341091 1.907655
alpha2 0.010000 0.029086 895.000000 2.000000 1.380379 3.341364 1.919064
alpha2 0.010000 0.029086 900.000000 2.000000 1.380379 3.341621 1.930344
alpha2 0.010000 0.029086 905.000000 2.000000 1.380379 3.341864 1.941499
alpha2 0.010000 0.029086 910.000000 2.000000 1.380379 3.342092 1.952528
alpha2 0.010000 0.029086 915.000000 2.000000 1.380379 3.342307 1.963433
alpha2 0.010000 0.029086 920.000000 2.000000 1.380379 3.342509 1.974215
alpha2 0.010000 0.029086 925.000000 2.000000 1.380379 3.342700 1.984876
alpha2 0.010000 0.029086 930.000000 2.000000 1.380379 3.342879 1.995418
alpha2 0.010000 0.029086 935.000000 2.000000 1.380379 3.343048 2.005840
alpha2 0.010000 0.029086 940.000000 2.000000 1.380379 3.343207 2.016145
alpha2 0.010000 0.029086 945.000000 2.000000 1.380379 3.343357 2.026333
alpha2 0.010000 0.029086 950.000000 2.000000 1.380379 3.343498 2.036406
alpha2 0.010000 0.029086 955.000000 2.000000 1.380379 3.343631 2.046366
alpha2 0.010000 0.029086 960.000000 2.000000 1.380379 3.343757 2.056213
alpha2 0.010000 0.029086 965.000000 2.000000 1.380379 3.343875 2.065949
alpha2 0.010000 0.029086 970.000000 2.000000 1.380379 3.343986 2.075574
alpha2 0.010000 0.029086 975.000000 2.000000 1.380379 3.344090 2.085091
alpha2 0.010000 0.029086 980.000000 2.000000 1.380379 3.344189 2.094499
alpha2 0.010000 0.029086 985.000000 2.000000 1.380379 3.344282 2.103801
alpha2 0.010000 0.029086 990.000000 2.000000 1.380379 3.344369 2.112998
alpha2 0.010000 0.029086 995.000000 2.000000 1.380379 3.344451 2.122090
alpha2 0.010000 0.029086 1000.000000 2.000000 1.380379 3.344529 2.131079
alpha2 0.010000 0.029086 1005.000000 2.000000 1.380379 3.344602 2.139966
alpha2 0.010000 0.029086 1010.000000 2.000000 1.380379 3.344670 2.148752
alpha2 0.010000 0.029086 1015.000000 2.000000 1.380379 3.344735 2.157439
alpha2 0.010000 0.029086 1020.000000 2.000000 1.380379 3.344796 2.166026
alpha2 0.010000 0.029086 1025.000000 2.000000 1.380379 3.344853 2.174516
alpha2 0.010000 0.029086 1030.000000 2.000000 1.380379 3.344908 2.182910
alpha2 0.010000 0.029086 1035.000000 2.000000 1.380379 3.344958 2.191208
alpha2 0.010000 0.029086 1040.000000 2.000000 1.380379 3.345006 2.199412
alpha2 0.010000 0.029086 1045.000000 2.000000 1.380379 3.345051 2.207522
alpha2 0.010000 0.029086 1050.000000 2.000000 1.380379 3.345094 2.215540
alpha2 0.010000 0.029086 1055.000000 2.000000 1.380379 3.345134 2.223467
alpha2 0.010000 0.029086 1060.000000 2.000000 1.380379 3.345172 2.231303
alpha2 0.010000 0.029086 1065.000000 2.000000 1.380379 3.345207 2.239051
alpha2 0.010000 0.029086 1070.000000 2.000000 1.380379 3.345241 2.246710
alpha2 0.010000 0.029086 1075.000000 2.000000 1.380379 3.345272 2.254282
alpha2 0.010000 0.029086 1080.000000 2.000000 1.380379 3.345302 2.261767
alpha2 0.010000 0.029086 1085.000000 2.000000 1.380379 3.345330 2.269167
alpha2 0.010000 0.029086 1090.000000 2.000000 1.380379 3.345356 2.276483
alpha2 0.010000 0.029086 1095.000000 2.000000 1.380379 3.345381 2.283716
alpha2 0.010000 0.029086 1100.000000 2.000000 1.380379 3.345404 2.290866
alpha2 0.010000 0.029086 1105.000000 2.000000 1.380379 3.345426 2.297934
alpha2 0.010000 0.029086 1110.000000 2.000000 1.380379 3.345447 2.304922
alpha2 0.010000 0.029086 1115.000000 2.000000 1.380379 3.345466 2.311830
alpha2 0.010000 0.029086 1120.000000 2.000000 1.380379 3.345484 2.318659
alpha2 0.010000 0.029086 1125.000000 2.000000 1.380379 3.345502 2.325411
alpha2 0.010000 0.029086 1130.000000 2.000000 1.380379 3.345518 2.332085
alpha2 0.010000 0.029086 1135.000000 2.000000 1.380379 3.345533 2.338684
alpha2 0.010000 0.029086 1140.000000 2.000000 1.380379 3.345548 2.345207
alpha2 0.010000 0.029086 1145.000000 2.000000 1.380379 3.345562 2.351655
alpha2 0.010000 0.029086 1150.000000 2.000000 1.380379 3.345574 2.358030
alpha2 0.010000 0.029086 1155.000000 2.000000 1.380379 3.345586 2.364332
alpha2 0.010000 0.029086 1160.000000 2.000000 1.380379 3.345598 2.370562
alpha2 0.010000 0.029086 1165.000000 2.000000 1.380379 3.345609 2.376721
alpha2 0.010000 0.029086 1170.000000 2.000000 1.380379 3.345619 2.382810
alpha2 0.010000 0.029086 1175.000000 2.000000 1.380379 3.345628 2.388829
alpha2 0.010000 0.029086 1180.000000 2.000000 1.380379 3.345637 2.394780
alpha2 0.010000 0.029086 1185.000000 2.000000 1.380379 3.345646 2.400663
alpha2 0.010000 0.029086 1190.000000 2.000000 1.380379 3.345653 2.406478
alpha2 0.010000 0.029086 1195.000000 2.000000 1.380379 3.345661 2.412227
alpha2 0.010000 0.029086 1200.000000 2.000000 1.380379 3.345668 2.417910
alpha2 0.010000 0.029086 1205.000000 2.000000 1.380379 3.345675 2.423529
alpha2 0.010000 0.029086 1210.000000 2.000000 1.380379 3.345681 2.429083
alpha2 0.010000 0.029086 1215.000000 2.000000 1.380379 3.345687 2.434574
alpha2 0.010000 0.029086 1220.000000 2.000000 1.380379 3.345692 2.440002
alpha2 0.010000 0.029086 1225.000000 2.000000 1.380379 3.345697 2.445368
alpha2 0.010000 0.029086 1230.000000 2.000000 1.380379 3.345702 2.450672
alpha2 0.010000 0.029086 1235.000000 2.000000 1.380379 3.345707 2.455916
alpha2 0.010000 0.029086 1240.000000 2.000000 1.380379 3.345711 2.461101
alpha2 0.010000 0.029086 1245.000000 2.000000 1.380379 3.345715 2.466226
alpha2 0.010000 0.029086 1250.000000 2.000000 1.380379 3.345719 2.471292
alpha2 0.010000 0.029086 1255.000000 2.000000 1.380379 3.345723 2.476300
alpha2 0.010000 0.029086 1260.000000 2.000000 1.380379 3.345726 2.481252
alpha2 0.010000 0.029086 1265.000000 2.000000 1.380379 3.345730 2.486146
alpha2 0.010000 0.029086 1270.000000 2.000000 1.380379 3.345733 2.490985
alpha2 0.010000 0.029086 1275.000000 2.000000 1.380379 3.345736 2.495769
alpha2 0.010000 0.029086 1280.000000 2.000000 1.380379 3.345738 2.500497
alpha2 0.010000 0.029086 1285.000000 2.000000 1.380379 3.345741 2.505172
alpha2 0.010000 0.029086 1290.000000 2.000000 1.380379 3.345743 2.509793
alpha2 0.010000 0.029086 1295.000000 2.000000 1.380379 3.345745 2.514362
alpha2 0.010000 0.029086 1300.000000 2.000000 1.380379 3.345748 2.518878
alpha2 0.010000 0.029086 1305.000000 2.000000 1.380379 3.345750 2.523343
alpha2 0.010000 0.029086 1310.000000 2.000000 1.380379 3.345751 2.527757
alpha2 0.010000 0.029086 1315.000000 2.000000 1.380379 3.345753 2.532120
alpha2 0.010000 0.029086 1320.000000 2.000000 1.380379 3.345755 2.536433
alpha2 0.010000 0.029086 1325.000000 2.000000 1.380379 3.345756 2.540697
alpha2 0.010000 0.029086 1330.000000 2.000000 1.380379 3.345758 2.544912
alpha2 0.010000 0.029086 1335.000000 2.000000 1.380379 3.345759 2.549079
alpha2 0.010000 0.029086 1340.000000 2.000000 1.380379 3.345761 2.553199
alpha2 0.010000 0.029086 1345.000000 2.000000 1.380379 3.345762 2.557271
alpha2 0.010000 0.029086 1350.000000 2.000000 1.380379 3.345763 2.561297
alpha2 0.010000 0.029086 1355.000000 2.000000 1.380379 3.345764 2.565277
alpha2 0.010000 0.029086 1360.000000 2.000000 1.380379 3.345765 2.569211
alpha2 0.010000 0.029086 1365.000000 2.000000 1.380379 3.345766 2.573100
alpha2 0.010000 0.029086 1370.000000 2.000000 1.380379 3.345767 2.576945
alpha2 0.010000 0.029086 1375.000000 2.000000 1.380379 3.345768 2.580746
alpha2 0.010000 0.029086 1380.000000 2.000000 1.380379 3.345769 2.584504
alpha2 0.010000 0.029086 1385.000000 2.000000 1.380379 3.345769 2.588218
alpha2 0.010000 0.029086 1390.000000 2.000000 1.380379 3.345770 2.591890
alpha2 0.010000 0.029086 1395.000000 2.000000 1.380379 3.345771 2.595520
alpha2 0.010000 0.029086 1400.000000 2.000000 1.380379 3.345771 2.599109
alpha2 0.010000 0.029086 1405.000000 2.000000 1.380379 3.345772 2.602656
alpha2 0.010000 0.029086 1410.000000 2.000000 1.380379 3.345772 2.606163
alpha2 0.010000 0.029086 1415.000000 2.000000 1.380379 3.345773 2.609630
alpha2 0.010000 0.029086 1420.000000 2.000000 1.380379 3.345774 2.613057
alpha2 0.010000 0.029086 1425.000000 2.000000 1.380379 3.345774 2.616445
alpha2 0.010000 0.029086 1430.000000 2.000000 1.380379 3.345774 2.619795
alpha2 0.010000 0.029086 1435.000000 2.000000 1.380379 3.345775 2.623106
alpha2 0.010000 0.029086 1440.000000 2.000000 1.380379 3.345775 2.626379
alpha2 0.010000 0.029086 1445.000000 2.000000 1.380379 3.345776 2.629615
alpha2 0.010000 0.029086 1450.000000 2.000000 1.380379 3.345776 2.632813
alpha2 0.010000 0.029086 1455.000000 2.000000 1.380379 3.345776 2.635976
alpha2 0.010000 0.029086 1460.000000 2.000000 1.380379 3.345777 2.639102
alpha2 0.010000 0.029086 1465.000000 2.000000 1.380379 3.345777 2.642192
alpha2 0.010000 0.029086 1470.000000 2.000000 1.380379 3.345777 2.645247
alpha2 0.010000 0.029086 1475.000000 2.000000 1.380379 3.345778 2.648267
alpha2 0.010000 0.029086 1480.000000 2.000000 1.380379 3.345778 2.651252
alpha2 0.010000 0.029086 1485.000000 2.000000 1.380379 3.345778 2.654204
alpha2 0.010000 0.029086 1490.000000 2.000000 1.380379 3.345778 2.657121
alpha2 0.010000 0.029086 1495.000000 2.000000 1.380379 3.345778 2.660006
alpha2 0.010000 0.029086 1500.000000 2.000000 1.380379 3.345779 2.662857
alpha2 0.010000 0.029086 1505.000000 2.000000 1.380379 3.345779 2.665676
alpha2 0.010000 0.029086 1510.000000 2.000000 1.380379 3.345779 2.668462
alpha2 0.010000 0.029086 1515.000000 2.000000 1.380379 3.345779 2.671217
alpha2 0.010000 0.029086 1520.000000 2.000000 1.380379 3.345779 2.673940
alpha2 0.010000 0.029086 1525.000000 2.000000 1.380379 3.345780 2.676632
alpha2 0.010000 0.029086 1530.000000 2.000000 1.380379 3.345780 2.679293
alpha2 0.010000 0.029086 1535.000000 2.000000 1.380379 3.345780 2.681924
alpha2 0.010000 0.029086 1540.000000 2.000000 1.380379 3.345780 2.684524
alpha2 0.010000 0.029086 1545.000000 2.000000 1.380379 3.345780 2.687095
alpha2 0.010000 0.029086 1550.000000 2.000000 1.380379 3.345780 2.689637
alpha2 0.010000 0.029086 1555.000000 2.000000 1.380379 3.345780 2.692149
alpha2 0.010000 0.029086 1560.000000 2.000000 1.380379 3.345780 2.694633
alpha2 0.010000 0.029086 1565.000000 2.000000 1.380379 3.345780 2.697089
alpha2 0.010000 0.029086 1570.000000 2.000000 1.380379 3.345781 2.699516
alpha2 0.010000 0.029086 1575.000000 2.000000 1.380379 3.345781 2.701915
alpha2 0.010000 0.029086 1580.000000 2.000000 1.380379 3.345781 2.704287
alpha2 0.010000 0.029086 1585.000000 2.000000 1.380379 3.345781 2.706632
alpha2 0.010000 0.029086 1590.000000 2.000000 1.380379 3.345781 2.708951
alpha2 0.010000 0.029086 1595.000000 2.000000 1.380379 3.345781 2.711242
alpha2 0.010000 0.029086 1600.000000 2.000000 1.380379 3.345781 2.713508
alpha2 0.010000 0.029086 1605.000000 2.000000 1.380379 3.345781 2.715747
alpha2 0.010000 0.029086 1610.000000 2.000000 1.380379 3.345781 2.717961
alpha2 0.010000 0.029086 1615.000000 2.000000 1.380379 3.345781 2.720150
alpha2 0.010000 0.029086 1620.000000 2.000000 1.380379 3.345781 2.722314
alpha2 0.010000 0.029086 1625.000000 2.000000 1.380379 3.345781 2.724452
alpha2 0.010000 0.029086 1630.000000 2.000000 1.380379 3.345781 2.726567
alpha2 0.010000 0.029086 1635.000000 2.000000 1.380379 3.345781 2.728657
alpha2 0.010000 0.029086 1640.000000 2.000000 1.380379 3.345781 2.730723
alpha2 0.010000 0.029086 1645.000000 2.000000 1.380379 3.345781 2.732766
alpha2 0.010000 0.029086 1650.000000 2.000000 1.380379 3.345781 2.734786
alpha2 0.010000 0.029086 1655.000000 2.000000 1.380379 3.345781 2.736782
alpha2 0.010000 0.029086 1660.000000 2.000000 1.380379 3.345781 2.738755
alpha2 0.010000 0.029086 1665.000000 2.000000 1.380379 3.345782 2.740706
alpha2 0.010000 0.029086 1670.000000 2.000000 1.380379 3.345782 2.742635
alpha2 0.010000 0.029086 1675.000000 2.000000 1.380379 3.345782 2.744541
alpha2 0.010000 0.029086 1680.000000 2.000000 1.380379 3.345782 2.746426
alpha2 0.010000 0.029086 1685.000000 2.000000 1.380379 3.345782 2.748289
alpha2 0.010000 0.029086 1690.000000 2.000000 1.380379 3.345782 2.750131
alpha2 0.010000 0.029086 1695.000000 2.000000 1.380379 3.345782 2.751952
alpha2 0.010000 0.029086 1700.000000 2.000000 1.380379 3.345782 2.753752
alpha2 0.010000 0.029086 1705.000000 2.000000 1.380379 3.345782 2.755531
alpha2 0.010000 0.029086 1710.000000 2.000000 1.380379 3.345782 2.757290
alpha2 0.010000 0.029086 1715.000000 2.000000 1.380379 3.345782 2.759029
alpha2 0.010000 0.029086 1720.000000 2.000000 1.380379 3.345782 2.760748
alpha2 0.010000 0.029086 1725.000000 2.000000 1.380379 3.345782 2.762448
alpha2 0.010000 0.029086 1730.000000 2.000000 1.380379 3.345782 2.764128
alpha2 0.010000 0.029086 1735.000000 2.000000 1.380379 3.345782 2.765789
alpha2 0.010000 0.029086 1740.000000 2.000000 1.380379 3.345782 2.767430
alpha2 0.010000 0.029086 1745.000000 2.000000 1.380379 3.345782 2.769053
alpha2 0.010000 0.029086 1750.000000 2.000000 1.380379 3.345782 2.770658
alpha2 0.010000 0.029086 1755.000000 2.000000 1.380379 3.345782 2.772244
alpha2 0.010000 0.029086 1760.000000 2.000000 1.380379 3.345782 2.773812
alpha2 0.010000 0.029086 1765.000000 2.000000 1.380379 3.345782 2.775362
alpha2 0.010000 0.029086 1770.000000 2.000000 1.380379 3.345782 2.776894
alpha2 0.010000 0.029086 1775.000000 2.000000 1.380379 3.345782 2.778409
alpha2 0.010000 0.029086 1780.000000 2.000000 1.380379 3.345782 2.779907
alpha2 0.010000 0.029086 1785.000000 2.000000 1.380379 3.345782 2.781387
alpha2 0.010000 0.029086 1790.000000 2.000000 1.380379 3.345782 2.782850
alpha2 0.010000 0.029086 1795.000000 2.000000 1.380379 3.345782 2.784297
alpha2 0.010000 0.029086 1800.000000 2.000000 1.380379 3.345782 2.785727
alpha2 0.010000 0.029086 1805.000000 2.000000 1.380379 3.345782 2.787141
alpha2 0.010000 0.029086 1810.000000 2.000000 1.380379 3.345782 2.788539
alpha2 0.010000 0.029086 1815.000000 2.000000 1.380379 3.345782 2.789920
alpha2 0.010000 0.029086 1820.000000 2.000000 1.380379 3.345782 2.791286
alpha2 0.010000 0.029086 1825.000000 2.000000 1.380379 3.345782 2.792636
alpha2 0.010000 0.029086 1830.000000 2.000000 1.380379 3.345782 2.793971
alpha2 0.010000 0.029086 1835.000000 2.000000 1.380379 3.345782 2.795291
alpha2 0.010000 0.029086 1840.000000 2.000000 1.380379 3.345782 2.796595
alpha2 0.010000 0.029086 1845.000000 2.000000 1.380379 3.345782 2.797885
alpha2 0.010000 0.029086 1850.000000 2.000000 1.380379 3.345782 2.799160
alpha2 0.010000 0.029086 1855.000000 2.000000 1.380379 3.345782 2.800420
alpha2 0.010000 0.029086 1860.000000 2.000000 1.380379 3.345782 2.801666
alpha2 0.010000 0.029086 1865.000000 2.000000 1.380379 3.345782 2.802897
alpha2 0.010000 0.029086 1870.000000 2.000000 1.380379 3.345782 2.804115
alpha2 0.010000 0.029086 1875.000000 2.000000 1.380379 3.345782 2.805318
alpha2 0.010000 0.029086 1880.000000 2.000000 1.380379 3.345782 2.806508
alpha2 0.010000 0.029086 1885.000000 2.000000 1.380379 3.345782 2.807684
alpha2 0.010000 0.029086 1890.000000 2.000000 1.380379 3.345782 2.808847
alpha2 0.010000 0.029086 1895.000000 2.000000 1.380379 3.345782 2.809996
alpha2 0.010000 0.029086 1900.000000 2.000000 1.380379 3.345782 2.811133
alpha2 0.010000 0.029086 1905.000000 2.000000 1.380379 3.345782 2.812256
alpha2 0.010000 0.029086 1910.000000 2.000000 1.380379 3.345782 2.813367
alpha2 0.010000 0.029086 1915.000000 2.000000 1.380379 3.345782 2.814464
alpha2 0.010000 0.029086 1920.000000 2.000000 1.380379 3.345782 2.815550
alpha2 0.010000 0.029086 1925.000000 2.000000 1.380379 3.345782 2.816622
alpha2 0.010000 0.029086 1930.000000 2.000000 1.380379 3.345782 2.817683
alpha2 0.010000 0.029086 1935.000000 2.000000 1.380379 3.345782 2.818731
alpha2 0.010000 0.029086 1940.000000 2.000000 1.380379 3.345782 2.819768
alpha2 0.010000 0.029086 1945.000000 2.000000 1.380379 3.345782 2.820792
alpha2 0.010000 0.029086 1950.000000 2.000000 1.380379 3.345782 2.821805
alpha2 0.010000 0.029086 1955.000000 2.000000 1.380379 3.345782 2.822807
alpha2 0.010000 0.029086 1960.000000 2.000000 1.380379 3.345782 2.823796
alpha2 0.010000 0.029086 1965.000000 2.000000 1.380379 3.345782 2.824775
alpha2 0.010000 0.029086 1970.000000 2.000000 1.380379 3.345782 2.825742
alpha2 0.010000 0.029086 1975.000000 2.000000 1.380379 3.345782 2.826698
alpha2 0.010000 0.029086 1980.000000 2.000000 1.380379 3.345782 2.827644
alpha2 0.010000 0.029086 1985.000000 2.000000 1.380379 3.345782 2.828578
alpha2 0.010000 0.029086 1990.000000 2.000000 1.380379 3.345782 2.829502
alpha2 0.010000 0.029086 1995.000000 2.000000 1.380379 3.345782 2.830415
alpha2 0.010000 0.029086 2000.000000 2.000000 1.380379 3.345782 2.831318
alpha2 0.010000 0.029086 2005.000000 2.000000 1.380379 3.345782 2.832211
alpha2 0.010000 0.029086 2010.000000 2.000000 1.380379 3.345782 2.833093
alpha2 0.010000 0.029086 2015.000000 2.000000 1.380379 3.345782 2.833965
alpha2 0.010000 0.029086 2020.000000 2.000000 1.380379 3.345782 2.834828
alpha2 0.010000 0.029086 2025.000000 2.000000 1.380379 3.345782 2.835680
alpha2 0.010000 0.029086 2030.000000 2.000000 1.380379 3.345782 2.836523
alpha2 0.010000 0.029086 2035.000000 2.000000 1.380379 3.345782 2.837356
alpha2 0.010000 0.029086 2040.000000 2.000000 1.380379 3.345782 2.838179
alpha2 0.010000 0.029086 2045.000000 2.000000 1.380379 3.345782 2.838993
alpha2 0.010000 0.029086 2050.000000 2.000000 1.380379 3.345782 2.839798
alpha2 0.010000 0.029086 2055.000000 2.000000 1.380379 3.345782 2.840593
alpha2 0.010000 0.029086 2060.000000 2.000000 1.380379 3.345782 2.841380
alpha2 0.010000 0.029086 2065.000000 2.000000 1.380379 3.345782 2.842157
alpha2 0.010000 0.029086 2070.000000 2.000000 1.380379 3.345782 2.842926
alpha2 0.010000 0.029086 2075.000000 2.000000 1.380379 3.345782 2.843686
alpha2 0.010000 0.029086 2080.000000 2.000000 1.380379 3.345782 2.844437
alpha2 0.010000 0.029086 2085.000000 2.000000 1.380379 3.345782 2.845179
alpha2 0.010000 0.029086 2090.000000 2.000000 1.380379 3.345782 2.845913
alpha2 0.010000 0.029086 2095.000000 2.000000 1.380379 3.345782 2.846639
alpha2 0.010000 0.029086 2100.000000 2.000000 1.380379 3.345782 2.847356
alpha2 0.010000 0.029086 2105.000000 2.000000 1.380379 3.345782 2.848065
alpha2 0.010000 0.029086 2110.000000 2.000000 1.380379 3.345782 2.848766
alpha2 0.010000 0.029086 2115.000000 2.000000 1.380379 3.345782 2.849459
alpha2 0.010000 0.029086 2120.000000 2.000000 1.380379 3.345782 2.850144
alpha2 0.010000 0.029086 2125.000000 2.000000 1.380379 3.345782 2.850822
alpha2 0.010000 0.029086 2130.000000 2.000000 1.380379 3.345782 2.851491
alpha2 0.010000 0.029086 2135.000000 2.000000 1.380379 3.345782 2.852153
alpha2 0.010000 0.029086 2140.000000 2.000000 1.380379 3.345782 2.852807
alpha2 0.010000 0.029086 2145.000000 2.000000 1.380379 3.345782 2.853454
alpha2 0.010000 0.029086 2150.000000 2.000000 1.380379 3.345782 2.854093
alpha2 0.010000 0.029086 2155.000000 2.000000 1.380379 3.345782 2.854726
alpha2 0.010000 0.029086 2160.000000 2.000000 1.380379 3.345782 2.855350
alpha2 0.010000 0.029086 2165.000000 2.000000 1.380379 3.345782 2.855968
alpha2 0.010000 0.029086 2170.000000 2.000000 1.380379 3.345782 2.856579
alpha2 0.010000 0.029086 2175.000000 2.000000 1.380379 3.345782 2.857182
alpha2 0.010000 0.029086 2180.000000 2.000000 1.380379 3.345782 2.857779
alpha2 0.010000 0.029086 2185.000000 2.000000 1.380379 3.345782 2.858369
alpha2 0.010000 0.029086 2190.000000 2.000000 1.380379 3.345782 2.858952
alpha2 0.010000 0.029086 2195.000000 2.000000 1.380379 3.345782 2.859529
alpha2 0.010000 0.029086 2200.000000 2.000000 1.380379 3.345782 2.860099
alpha2 0.010000 0.029086 2205.000000 2.000000 1.380379 3.345782 2.860662
alpha2 0.010000 0.029086 2210.000000 2.000000 1.380379 3.345782 2.861219
alpha2 0.010000 0.029086 2215.000000 2.000000 1.380379 3.345782 2.861770
alpha2 0.010000 0.029086 2220.000000 2.000000 1.380379 3.345782 2.862314
alpha2 0.010000 0.029086 2225.000000 2.000000 1.380379 3.345782 2.862852
alpha2 0.010000 0.029086 2230.000000 2.000000 1.380379 3.345782 2.863384
alpha2 0.010000 0.029086 2235.000000 2.000000 1.380379 3.345782 2.863910
alpha2 0.010000 0.029086 2240.000000 2.000000 1.380379 3.345782 2.864430
alpha2 0.010000 0.029086 2245.000000 2.000000 1.380379 3.345782 2.864944
alpha2 0.010000 0.029086 2250.000000 2.000000 1.380379 3.345782 2.865452
alpha2 0.010000 0.029086 2255.000000 2.000000 1.380379 3.345782 2.865954
alpha2 0.010000 0.029086 2260.000000 2.000000 1.380379 3.345782 2.866450
alpha2 0.010000 0.029086 2265.000000 2.000000 1.380379 3.345782 2.866941
alpha2 0.010000 0.029086 2270.000000 2.000000 1.380379 3.345782 2.867426
alpha2 0.010000 0.029086 2275.000000 2.000000 1.380379 3.345782 2.867906
alpha2 0.010000 0.029086 2280.000000 2.000000 1.380379 3.345782 2.868380
alpha2 0.010000 0.029086 2285.000000 2.000000 1.380379 3.345782 2.868849
alpha2 0.010000 0.029086 2290.000000 2.000000 1.380379 3.345782 2.869312
alpha2 0.010000 0.029086 2295.000000 2.000000 1.380379 3.345782 2.869770
alpha2 0.010000 0.029086 2300.000000 2.000000 1.380379 3.345782 2.870223
alpha2 0.010000 0.029086 2305.000000 2.000000 1.380379 3.345782 2.870671
alpha2 0.010000 0.029086 2310.000000 2.000000 1.380379 3.345782 2.871113
alpha2 0.010000 0.029086 2315.000000 2.000000 1.380379 3.345782 2.871551
alpha2 0.010000 0.029086 2320.000000 2.000000 1.380379 3.345782 2.871983
alpha2 0.010000 0.029086 2325.000000 2.000000 1.380379 3.345782 2.872411
alpha2 0.010000 0.029086 2330.000000 2.000000 1.380379 3.345782 2.872834
alpha2 0.010000 0.029086 2335.000000 2.000000 1.380379 3.345782 2.873251
alpha2 0.010000 0.029086 2340.000000 2.000000 1.380379 3.345782 2.873665
alpha2 0.010000 0.029086 2345.000000 2.000000 1.380379 3.345782 2.874073
alpha2 0.010000 0.029086 2350.000000 2.000000 1.380379 3.345782 2.874476
alpha2 0.010000 0.029086 2355.000000 2.000000 1.380379 3.345782 2.874876
alpha2 0.010000 0.029086 2360.000000 2.000000 1.380379 3.345782 2.875270
alpha2 0.010000 0.029086 2365.000000 2.000000 1.380379 3.345782 2.875660
alpha2 0.010000 0.029086 2370.000000 2.000000 1.380379 3.345782 2.876045
alpha2 0.010000 0.029086 2375.000000 2.000000 1.380379 3.345782 2.876427
alpha2 0.010000 0.029086 2380.000000 2.000000 1.380379 3.345782 2.876803
alpha2 0.010000 0.029086 2385.000000 2.000000 1.380379 3.345782 2.877176
alpha2 0.010000 0.029086 2390.000000 2.000000 1.380379 3.345782 2.877544
alpha2 0.010000 0.029086 2395.000000 2.000000 1.380379 3.345782 2.877908
alpha2 0.010000 0.029086 2400.000000 2.000000 1.380379 3.345782 2.878268
alpha2 0.010000 0.029086 2405.000000 2.000000 1.380379 3.345782 2.878623
alpha2 0.010000 0.029086 2410.000000 2.000000 1.380379 3.345782 2.878975
alpha2 0.010000 0.029086 2415.000000 2.000000 1.380379 3.345782 2.879323
alpha2 0.010000 0.029086 2420.000000 2.000000 1.380379 3.345782 2.879666
alpha2 0.010000 0.029086 2425.000000 2.000000 1.380379 3.345782 2.880006
alpha2 0.010000 0.029086 2430.000000 2.000000 1.380379 3.345782 2.880342
alpha2 0.010000 0.029086 2435.000000 2.000000 1.380379 3.345782 2.880674
alpha2 0.010000 0.029086 2440.000000 2.000000 1.380379 3.345782 2.881002
alpha2 0.010000 0.029086 2445.000000 2.000000 1.380379 3.345782 2.881326
alpha2 0.010000 0.029086 2450.000000 2.000000 1.380379 3.345782 2.881647
alpha2 0.010000 0.029086 2455.000000 2.000000 1.380379 3.345782 2.881964
alpha2 0.010000 0.029086 2460.000000 2.000000 1.380379 3.345782 2.882277
alpha2 0.010000 0.029086 2465.000000 2.000000 1.380379 3.345782 2.882587
alpha2 0.010000 0.029086 2470.000000 2.000000 1.380379 3.345782 2.882894
alpha2 0.010000 0.029086 2475.000000 2.000000 1.380379 3.345782 2.883196
alpha2 0.010000 0.029086 2480.000000 2.000000 1.380379 3.345782 2.883496
alpha2 0.010000 0.029086 2485.000000 2.000000 1.380379 3.345782 2.883792
alpha2 0.010000 0.029086 2490.000000 2.000000 1.380379 3.345782 2.884084
alpha2 0.010000 0.029086 2495.000000 2.000000 1.380379 3.345782 2.884373
alpha2 0.010000 0.029086 2500.000000 2.000000 1.380379 3.345782 2.884659
alpha2 0.010000 0.029086 2505.000000 2.000000 1.380379 3.345782 2.884942
alpha2 0.010000 0.029086 2510.000000 2.000000 1.380379 3.345782 2.885221
alpha2 0.010000 0.029086 2515.000000 2.000000 1.380379 3.345782 2.885497
alpha2 0.010000 0.029086 2520.000000 2.000000 1.380379 3.345782 2.885770
alpha2 0.010000 0.029086 2525.000000 2.000000 1.380379 3.345782 2.886040
alpha2 0.010000 0.029086 2530.000000 2.000000 1.380379 3.345782 2.886307
alpha2 0.010000 0.029086 2535.000000 2.000000 1.380379 3.345782 2.886571
alpha2 0.010000 0.029086 2540.000000 2.000000 1.380379 3.345782 2.886832
alpha2 0.010000 0.029086 2545.000000 2.000000 1.380379 3.345782 2.887089
alpha2 0.010000 0.029086 2550.000000 2.000000 1.380379 3.345782 2.887344
alpha2 0.010000 0.029086 2555.000000 2.000000 1.380379 3.345782 2.887596
alpha2 0.010000 0.029086 2560.000000 2.000000 1.380379 3.345782 2.887845
alpha2 0.010000 0.029086 2565.000000 2.000000 1.380379 3.345782 2.888091
alpha2 0.010000 0.029086 2570.000000 2.000000 1.380379 3.345782 2.888335
alpha2 0.010000 0.029086 2575.000000 2.000000 1.380379 3.345782 2.888575
alpha2 0.010000 0.029086 2580.000000 2.000000 1.380379 3.345782 2.888813
alpha2 0.010000 0.029086 2585.000000 2.000000 1.380379 3.345782 2.889048
alpha2 0.010000 0.029086 2590.000000 2.000000 1.380379 3.345782 2.889281
alpha2 0.010000 0.029086 2595.000000 2.000000 1.380379 3.345782 2.889510
alpha2 0.010000 0.029086 2600.000000 2.000000 1.380379 3.345782 2.889737
alpha2 0.010000 0.029086 2605.000000 2.000000 1.380379 3.345782 2.889962
alpha2 0.010000 0.029086 2610.000000 2.000000 1.380379 3.345782 2.890184
alpha2 0.010000 0.029086 2615.000000 2.000000 1.380379 3.345782 2.890403
alpha2 0.010000 0.029086 2620.000000 2.000000 1.380379 3.345782 2.890620
alpha2 0.010000 0.029086 2625.000000 2.000000 1.380379 3.345782 2.890835
alpha2 0.010000 0.029086 2630.000000 2.000000 1.380379 3.345782 2.891047
alpha2 0.010000 0.029086 2635.000000 2.000000 1.380379 3.345782 2.891256
alpha2 0.010000 0.029086 2640.000000 2.000000 1.380379 3.345782 2.891464
alpha2 0.010000 0.029086 2645.000000 2.000000 1.380379 3.345782 2.891668
alpha2 0.010000 0.029086 2650.000000 2.000000 1.380379 3.345782 2.891871
alpha2 0.010000 0.029086 2655.000000 2.000000 1.380379 3.345782 2.892071
alpha2 0.010000 0.029086 2660.000000 2.000000 1.380379 3.345782 2.892269
alpha2 0.010000 0.029086 2665.000000 2.000000 1.380379 3.345782 2.892464
alpha2 0.010000 0.029086 2670.000000 2.000000 1.380379 3.345782 2.892658
alpha2 0.010000 0.029086 2675.000000 2.000000 1.380379 3.345782 2.892849
alpha2 0.010000 0.029086 2680.000000 2.000000 1.380379 3.345782 2.893038
alpha2 0.010000 0.029086 2685.000000 2.000000 1.380379 3.345782 2.893225
alpha2 0.010000 0.029086 2690.000000 2.000000 1.380379 3.345782 2.893409
alpha2 0.010000 0.029086 2695.000000 2.000000 1.380379 3.345782 2.893592
alpha2 0.010000 0.029086 2700.000000 2.000000 1.380379 3.345782 2.893772
alpha2 0.010000 0.029086 2705.000000 2.000000 1.380379 3.345782 2.893951
alpha2 0.010000 0.029086 2710.000000 2.000000 1.380379 3.345782 2.894127
alpha2 0.010000 0.029086 2715.000000 2.000000 1.380379 3.345782 2.894302
alpha2 0.010000 0.029086 2720.000000 2.000000 1.380379 3.345782 2.894474
alpha2 0.010000 0.029086 2725.000000 2.000000 1.380379 3.345782 2.894644
alpha2 0.010000 0.029086 2730.000000 2.000000 1.380379 3.345782 2.894813
alpha2 0.010000 0.029086 2735.000000 2.000000 1.380379 3.345782 2.894979
alpha2 0.010000 0.029086 2740.000000 2.000000 1.380379 3.345782 2.895144
alpha2 0.010000 0.029086 2745.000000 2.000000 1.380379 3.345782 2.895307
alpha2 0.010000 0.029086 2750.000000 2.000000 1.380379 3.345782 2.895467
alpha2 0.010000 0.029086 2755.000000 2.000000 1.380379 3.345782 2.895626
alpha2 0.010000 0.029086 2760.000000 2.000000 1.380379 3.345782 2.895784
alpha2 0.010000 0.029086 2765.000000 2.000000 1.380379 3.345782 2.895939
alpha2 0.010000 0.029086 2770.000000 2.000000 1.380379 3.345782 2.896093
alpha2 0.010000 0.029086 2775.000000 2.000000 1.380379 3.345782 2.896245
alpha2 0.010000 0.029086 2780.000000 2.000000 1.380379 3.345782 2.896395
alpha2 0.010000 0.029086 2785.000000 2.000000 1.380379 3.345782 2.896543
alpha2 0.010000 0.029086 2790.000000 2.000000 1.380379 3.345782 2.896690
alpha2 0.010000 0.029086 2795.000000 2.000000 1.380379 3.345782 2.896835
alpha2 0.010000 0.029086 2800.000000 2.000000 1.380379 3.345782 2.896978
alpha2 0.010000 0.029086 2805.000000 2.000000 1.380379 3.345782 2.897120
alpha2 0.010000 0.029086 2810.000000 2.000000 1.380379 3.345782 2.897260
alpha2 0.010000 0.029086 2815.000000 2.000000 1.380379 3.345782 2.897399
alpha2 0.010000 0.029086 2820.000000 2.000000 1.380379 3.345782 2.897536
alpha2 0.010000 0.029086 2825.000000 2.000000 1.380379 3.345782 2.897671
alpha2 0.010000 0.029086 2830.000000 2.000000 1.380379 3.345782 2.897805
alpha2 0.010000 0.029086 2835.000000 2.000000 1.380379 3.345782 2.897937
alpha2 0.010000 0.029086 2840.000000 2.000000 1.380379 3.345782 2.898068
alpha2 0.010000 0.029086 2845.000000 2.000000 1.380379 3.345782 2.898197
alpha2 0.010000 0.029086 2850.000000 2.000000 1.380379 3.345782 2.898325
alpha2 0.010000 0.029086 2855.000000 2.000000 1.380379 3.345782 2.898451
alpha2 0.010000 0.029086 2860.000000 2.000000 1.380379 3.345782 2.898576
alpha2 0.010000 0.029086 2865.000000 2.000000 1.380379 3.345782 2.898700
alpha2 0.010000 0.029086 2870.000000 2.000000 1.380379 3.345782 2.898822
alpha2 0.010000 0.029086 2875.000000 2.000000 1.380379 3.345782 2.898942
alpha2 0.010000 0.029086 2880.000000 2.000000 1.380379 3.345782 2.899062
alpha2 0.010000 0.029086 2885.000000 2.000000 1.380379 3.345782 2.899180
alpha2 0.010000 0.029086 2890.000000 2.000000 1.380379 3.345782 2.899296
alpha2 0.010000 0.029086 2895.000000 2.000000 1.380379 3.345782 2.899412
alpha2 0.010000 0.029086 2900.000000 2.000000 1.380379 3.345782 2.899525
alpha2 0.010000 0.029086 2905.000000 2.000000 1.380379 3.345782 2.899638
alpha2 0.010000 0.029086 2910.000000 2.000000 1.380379 3.345782 2.899749
alpha2 0.010000 0.029086 2915.000000 2.000000 1.380379 3.345782 2.899859
alpha2 0.010000 0.029086 2920.000000 2.000000 1.380379 3.345782 2.899968
alpha2 0.010000 0.029086 2925.000000 2.000000 1.380379 3.345782 2.900076
alpha2 0.010000 0.029086 2930.000000 2.000000 1.380379 3.345782 2.900182
alpha2 0.010000 0.029086 2935.000000 2.000000 1.380379 3.345782 2.900287
alpha2 0.010000 0.029086 2940.000000 2.000000 1.380379 3.345782 2.900391
alpha2 0.010000 0.029086 2945.000000 2.000000 1.380379 3.345782 2.900494
alpha2 0.010000 0.029086 2950.000000 2.000000 1.380379 3.345782 2.900596
alpha2 0.010000 0.029086 2955.000000 2.000000 1.380379 3.345782 2.900696
alpha2 0.010000 0.029086 2960.000000 2.000000 1.380379 3.345782 2.900795
alpha2 0.010000 0.029086 2965.000000 2.000000 1.380379 3.345782 2.900893
alpha2 0.010000 0.029086 2970.000000 2.000000 1.380379 3.345782 2.900990
alpha2 0.010000 0.029086 2975.000000 2.000000 1.380379 3.345782 2.901086
alpha2 0.010000 0.029086 2980.000000 2.000000 1.380379 3.345782 2.901181
alpha2 0.010000 0.029086 2985.000000 2.000000 1.380379 3.345782 2.901275
alpha2 0.010000 0.029086 2990.000000 2.000000 1.380379 3.345782 2.901367
alpha2 0.010000 0.029086 2995.000000 2.000000 1.380379 3.345782 2.901459
alpha2 0.010000 0.029086 3000.000000 2.000000 1.380379 3.345782 2.901549
alpha2 0.010000 0.029086 3005.000000 2.000000 1.380379 3.345782 2.901639
alpha2 0.010000 0.029086 3010.000000 2.000000 1.380379 3.345782 2.901727
alpha2 0.010000 0.029086 3015.000000 2.000000 1.380379 3.345782 2.901815
alpha2 0.010000 0.029086 3020.000000 2.000000 1.380379 3.345782 2.901901
alpha2 0.010000 0.029086 3025.000000 2.000000 1.380379 3.345782 2.901987
alpha2 0.010000 0.029086 3030.000000 2.000000 1.380379 3.345782 2.902071
alpha2 0.010000 0.029086 3035.000000 2.000000 1.380379 3.345782 2.902155
alpha2 0.010000 0.029086 3040.000000 2.000000 1.380379 3.345782 2.902237
alpha2 0.010000 0.029086 3045.000000 2.000000 1.380379 3.345782 2.902319
alpha2 0.010000 0.029086 3050.000000 2.000000 1.380379 3.345782 2.902400
alpha2 0.010000 0.029086 3055.000000 2.000000 1.380379 3.345782 2.902479
alpha2 0.010000 0.029086 3060.000000 2.000000 1.380379 3.345782 2.902558
alpha2 0.010000 0.029086 3065.000000 2.000000 1.380379 3.345782 2.902636
alpha2 0.010000 0.029086 3070.000000 2.000000 1.380379 3.345782 2.902713
alpha2 0.010000 0.029086 3075.000000 2.000000 1.380379 3.345782 2.902789
alpha2 0.010000 0.029086 3080.000000 2.000000 1.380379 3.345782 2.902865
alpha2 0.010000 0.029086 3085.000000 2.000000 1.380379 3.345782 2.902939
alpha2 0.010000 0.029086 3090.000000 2.000000 1.380379 3.345782 2.903013
alpha2 0.010000 0.029086 3095.000000 2.000000 1.380379 3.345782 2.903085
alpha2 0.010000 0.029086 3100.000000 2.000000 1.380379 3.345782 2.903157
alpha2 0.010000 0.029086 3105.000000 2.000000 1.380379 3.345782 2.903228
alpha2 0.010000 0.029086 3110.000000 2.000000 1.380379 3.345782 2.903299
alpha2 0.010000 0.029086 3115.000000 2.000000 1.380379 3.345782 2.903368
alpha2 0.010000 0.029086 3120.000000 2.000000 1.380379 3.345782 2.903437
alpha2 0.010000 0.029086 3125.000000 2.000000 1.380379 3.345782 2.903505
alpha2 0.010000 0.029086 3130.000000 2.000000 1.380379 3.345782 2.903572
alpha2 0.010000 0.029086 3135.000000 2.000000 1.380379 3.345782 2.903638
alpha2 0.010000 0.029086 3140.000000 2.000000 1.380379 3.345782 2.903704
alpha2 0.010000 0.029086 3145.000000 2.000000 1.380379 3.345782 2.903769
alpha2 0.010000 0.029086 3150.000000 2.000000 1.380379 3.345782 2.903833
alpha2 0.010000 0.029086 3155.000000 2.000000 1.380379 3.345782 2.903896
alpha2 0.010000 0.029086 3160.000000 2.000000 1.380379 3.345782 2.903959
alpha2 0.010000 0.029086 3165.000000 2.000000 1.380379 3.345782 2.904021
alpha2 0.010000 0.029086 3170.000000 2.000000 1.380379 3.345782 2.904082
alpha2 0.010000 0.029086 3175.000000 2.000000 1.380379 3.345782 2.904143
alpha2 0.010000 0.029086 3180.000000 2.000000 1.380379 3.345782 2.904202
alpha2 0.010000 0.029086 3185.000000 2.000000 1.380379 3.345782 2.904262
alpha2 0.010000 0.029086 3190.000000 2.000000 1.380379 3.345782 2.904320
alpha2 0.010000 0.029086 3195.000000 2.000000 1.380379 3.345782 2.904378
alpha2 0.010000 0.029086 3200.000000 2.000000 1.380379 3.345782 2.904435
alpha2 0.010000 0.029086 3205.000000 2.000000 1.380379 3.345782 2.904491
alpha2 0.010000 0.029086 3210.000000 2.000000 1.380379 3.345782 2.904547
alpha2 0.010000 0.029086 3215.000000 2.000000 1.380379 3.345782 2.904602
alpha2 0.010000 0.029086 3220.000000 2.000000 1.380379 3.345782 2.904657
alpha2 0.010000 0.029086 3225.000000 2.000000 1.380379 3.345782 2.904711
alpha2 0.010000 0.029086 3230.000000 2.000000 1.380379 3.345782 2.904764
alpha2 0.010000 0.029086 3235.000000 2.000000 1.380379 3.345782 2.904817
alpha2 0.010000 0.029086 3240.000000 2.000000 1.380379 3.345782 2.904869
alpha2 0.010000 0.029086 3245.000000 2.000000 1.380379 3.345782 2.904921
alpha2 0.010000 0.029086 3250.000000 2.000000 1.380379 3.345782 2.904972
alpha2 0.010000 0.029086 3255.000000 2.000000 1.380379 3.345782 2.905022
alpha2 0.010000 0.029086 3260.000000 2.000000 1.380379 3.345782 2.905072
alpha2 0.010000 0.029086 3265.000000 2.000000 1.380379 3.345782 2.905121
alpha2 0.010000 0.029086 3270.000000 2.000000 1.380379 3.345782 2.905170
alpha2 0.010000 0.029086 3275.000000 2.000000 1.380379 3.345782 2.905218
alpha2 0.010000 0.029086 3280.000000 2.000000 1.380379 3.345782 2.905265
alpha2 0.010000 0.029086 3285.000000 2.000000 1.380379 3.345782 2.905312
alpha2 0.010000 0.029086 3290.000000 2.000000 1.380379 3.345782 2.905359
alpha2 0.010000 0.029086 3295.000000 2.000000 1.380379 3.345782 2.905405
alpha2 0.010000 0.029086 3300.000000 2.000000 1.380379 3.345782 2.905450
alpha2 0.010000 0.029086 3305.000000 2.000000 1.380379 3.345782 2.905495
alpha2 0.010000 0.029086 3310.000000 2.000000 1.380379 3.345782 2.905539
alpha2 0.010000 0.029086 3315.000000 2.000000 1.380379 3.345782 2.905583
alpha2 0.010000 0.029086 3320.000000 2.000000 1.380379 3.345782 2.905626
alpha2 0.010000 0.029086 3325.000000 2.000000 1.380379 3.345782 2.905669
alpha2 0.010000 0.029086 3330.000000 2.000000 1.380379 3.345782 2.905712
alpha2 0.010000 0.029086 3335.000000 2.000000 1.380379 3.345782 2.905753
alpha2 0.010000 0.029086 3340.000000 2.000000 1.380379 3.345782 2.905795
alpha2 0.010000 0.029086 3345.000000 2.000000 1.380379 3.345782 2.905836
alpha2 0.010000 0.029086 3350.000000 2.000000 1.380379 3.345782 2.905876
alpha2 0.010000 0.029086 3355.000000 2.000000 1.380379 3.345782 2.905916
alpha2 0.010000 0.029086 3360.000000 2.000000 1.380379 3.345782 2.905956
alpha2 0.010000 0.029086 3365.000000 2.000000 1.380379 3.345782 2.905995
alpha2 0.010000 0.029086 3370.000000 2.000000 1.380379 3.345782 2.906034
alpha2 0.010000 0.029086 3375.000000 2.000000 1.380379 3.345782 2.906072
alpha2 0.010000 0.029086 3380.000000 2.000000 1.380379 3.345782 2.906110
alpha2 0.010000 0.029086 3385.000000 2.000000 1.380379 3.345782 2.906147
alpha2 0.010000 0.029086 3390.000000 2.000000 1.380379 3.345782 2.906184
alpha2 0.010000 0.029086 3395.000000 2.000000 1.380379 3.345782 2.906220
alpha2 0.010000 0.029086 3400.000000 2.000000 1.380379 3.345782 2.906256
alpha2 0.010000 0.029086 3405.000000 2.000000 1.380379 3.345782 2.906292
alpha2 0.010000 0.029086 3410.000000 2.000000 1.380379 3.345782 2.906327
alpha2 0.010000 0.029086 3415.000000 2.000000 1.380379 3.345782 2.906362
alpha2 0.010000 0.029086 3420.000000 2.000000 1.380379 3.345782 2.906396
alpha2 0.010000 0.029086 3425.000000 2.000000 1.380379 3.345782 2.906431
alpha2 0.010000 0.029086 3430.000000 2.000000 1.380379 3.345782 2.906464
alpha2 0.010000 0.029086 3435.000000 2.000000 1.380379 3.345782 2.906497
alpha2 0.010000 0.029086 3440.000000 2.000000 1.380379 3.345782 2.906530
alpha2 0.010000 0.029086 3445.000000 2.000000 1.380379 3.345782 2.906563
alpha2 0.010000 0.029086 3450.000000 2.000000 1.380379 3.345782 2.906595
alpha2 0.010000 0.029086 3455.000000 2.000000 1.380379 3.345782 2.906627
alpha2 0.010000 0.029086 3460.000000 2.000000 1.380379 3.345782 2.906658
alpha2 0.010000 0.029086 3465.000000 2.000000 1.380379 3.345782 2.906689
alpha2 0.010000 0.029086 3470.000000 2.000000 1.380379 3.345782 2.906720
alpha2 0.010000 0.029086 3475.000000 2.000000 1.380379 3.345782 2.906750
alpha2 0.010000 0.029086 3480.000000 2.000000 1.380379 3.345782 2.906780
alpha2 0.010000 0.029086 3485.000000 2.000000 1.380379 3.345782 2.906810
alpha2 0.010000 0.029086 3490.000000 2.000000 1.380379 3.345782 2.906839
alpha2 0.010000 0.029086 3495.000000 2.000000 1.380379 3.345782 2.906868
alpha2 0.010000 0.029086 3500.000000 2.000000 1.380379 3.345782 2.906897
alpha2 0.010000 0.029086 3505.000000 2.000000 1.380379 3.345782 2.906925
alpha2 0.010000 0.029086 3510.000000 2.000000 1.380379 3.345782 2.906953
alpha2 0.010000 0.029086 3515.000000 2.000000 1.380379 3.345782 2.906981
alpha2 0.010000 0.029086 3520.000000 2.000000 1.380379 3.345782 2.907008
alpha2 0.010000 0.029086 3525.000000 2.000000 1.380379 3.345782 2.907035
alpha2 0.010000 0.029086 3530.000000 2.000000 1.380379 3.345782 2.907062
alpha2 0.010000 0.029086 3535.000000 2.000000 1.380379 3.345782 2.907089
alpha2 0.010000 0.029086 3540.000000 2.000000 1.380379 3.345782 2.907115
alpha2 0.010000 0.029086 3545.000000 2.000000 1.380379 3.345782 2.907141
alpha2 0.010000 0.029086 3550.000000 2.000000 1.380379 3.345782 2.907166
alpha2 0.010000 0.029086 3555.000000 2.000000 1.380379 3.345782 2.907191
alpha2 0.010000 0.029086 3560.000000 2.000000 1.380379 3.345782 2.907216
alpha2 0.010000 0.029086 3565.000000 2.000000 1.380379 3.345782 2.907241
alpha2 0.010000 0.029086 3570.000000 2.000000 1.380379 3.345782 2.907266
alpha2 0.010000 0.029086 3575.000000 2.000000 1.380379 3.345782 2.907290
alpha2 0.010000 0.029086 3580.000000 2.000000 1.380379 3.345782 2.907314
alpha2 0.010000 0.029086 3585.000000 2.000000 1.380379 3.345782 2.907337
alpha2 0.010000 0.029086 3590.000000 2.000000 1.380379 3.345782 2.907360
alpha2 0.010000 0.029086 3595.000000 2.000000 1.380379 3.345782 2.907383
alpha2 0.010000 0.029086 3600.000000 2.000000 1.380379 3.345782 2.907406
