HEADER DATE 31-Jul-2017 19:58:27
HEADER RANDSEED 1742141045
Param True_Value Sim_Value Sim_Time Input mRNA foldedP fluo
d1 0.030000 0.047908 0.000000 0.000000 0.000691 0.000576 0.000501
d1 0.030000 0.047908 5.000000 0.000000 0.000691 0.000576 0.000501
d1 0.030000 0.047908 10.000000 0.000000 0.000691 0.000576 0.000501
d1 0.030000 0.047908 15.000000 0.000000 0.000691 0.000576 0.000501
d1 0.030000 0.047908 20.000000 0.000000 0.000691 0.000576 0.000501
d1 0.030000 0.047908 25.000000 0.000000 0.000691 0.000576 0.000501
d1 0.030000 0.047908 30.000000 0.000000 0.000691 0.000576 0.000501
d1 0.030000 0.047908 35.000000 0.000000 0.000691 0.000576 0.000501
d1 0.030000 0.047908 40.000000 0.000000 0.000691 0.000576 0.000501
d1 0.030000 0.047908 45.000000 0.000000 0.000691 0.000576 0.000501
d1 0.030000 0.047908 50.000000 0.000000 0.000691 0.000576 0.000501
d1 0.030000 0.047908 55.000000 0.000000 0.000691 0.000576 0.000501
d1 0.030000 0.047908 60.000000 0.000000 0.000691 0.000576 0.000501
d1 0.030000 0.047908 65.000000 0.000000 0.000691 0.000576 0.000501
d1 0.030000 0.047908 70.000000 0.000000 0.000691 0.000576 0.000501
d1 0.030000 0.047908 75.000000 0.000000 0.000691 0.000576 0.000501
d1 0.030000 0.047908 80.000000 0.000000 0.000691 0.000576 0.000501
d1 0.030000 0.047908 85.000000 0.000000 0.000691 0.000576 0.000501
d1 0.030000 0.047908 90.000000 0.000000 0.000691 0.000576 0.000501
d1 0.030000 0.047908 95.000000 0.000000 0.000691 0.000576 0.000501
d1 0.030000 0.047908 100.000000 0.000000 0.000691 0.000576 0.000501
d1 0.030000 0.047908 105.000000 0.000000 0.000691 0.000576 0.000501
d1 0.030000 0.047908 110.000000 0.000000 0.000691 0.000576 0.000501
d1 0.030000 0.047908 115.000000 0.000000 0.000691 0.000576 0.000501
d1 0.030000 0.047908 120.000000 0.000000 0.000691 0.000576 0.000501
d1 0.030000 0.047908 125.000000 0.000000 0.000691 0.000576 0.000501
d1 0.030000 0.047908 130.000000 0.000000 0.000691 0.000576 0.000501
d1 0.030000 0.047908 135.000000 0.000000 0.000691 0.000576 0.000501
d1 0.030000 0.047908 140.000000 0.000000 0.000691 0.000576 0.000501
d1 0.030000 0.047908 145.000000 0.000000 0.000691 0.000576 0.000501
d1 0.030000 0.047908 150.000000 0.000000 0.000691 0.000576 0.000501
d1 0.030000 0.047908 155.000000 0.000000 0.000691 0.000576 0.000501
d1 0.030000 0.047908 160.000000 0.000000 0.000691 0.000576 0.000501
d1 0.030000 0.047908 165.000000 0.000000 0.000691 0.000576 0.000501
d1 0.030000 0.047908 170.000000 0.000000 0.000691 0.000576 0.000501
d1 0.030000 0.047908 175.000000 0.000000 0.000691 0.000576 0.000501
d1 0.030000 0.047908 180.000000 0.000000 0.000691 0.000576 0.000501
d1 0.030000 0.047908 185.000000 0.000000 0.000691 0.000576 0.000501
d1 0.030000 0.047908 190.000000 0.000000 0.000691 0.000576 0.000501
d1 0.030000 0.047908 195.000000 0.000000 0.000691 0.000576 0.000501
d1 0.030000 0.047908 200.000000 0.000000 0.000691 0.000576 0.000501
d1 0.030000 0.047908 205.000000 0.000000 0.000691 0.000576 0.000501
d1 0.030000 0.047908 210.000000 0.000000 0.000691 0.000576 0.000501
d1 0.030000 0.047908 215.000000 0.000000 0.000691 0.000576 0.000501
d1 0.030000 0.047908 220.000000 0.000000 0.000691 0.000576 0.000501
d1 0.030000 0.047908 225.000000 0.000000 0.000691 0.000576 0.000501
d1 0.030000 0.047908 230.000000 0.000000 0.000691 0.000576 0.000501
d1 0.030000 0.047908 235.000000 0.000000 0.000691 0.000576 0.000501
d1 0.030000 0.047908 240.000000 0.000000 0.000691 0.000576 0.000501
d1 0.030000 0.047908 245.000000 0.000000 0.000691 0.000576 0.000501
d1 0.030000 0.047908 250.000000 0.000000 0.000691 0.000576 0.000501
d1 0.030000 0.047908 255.000000 0.000000 0.000691 0.000576 0.000501
d1 0.030000 0.047908 260.000000 0.000000 0.000691 0.000576 0.000501
d1 0.030000 0.047908 265.000000 0.000000 0.000691 0.000576 0.000501
d1 0.030000 0.047908 270.000000 0.000000 0.000691 0.000576 0.000501
d1 0.030000 0.047908 275.000000 0.000000 0.000691 0.000576 0.000501
d1 0.030000 0.047908 280.000000 0.000000 0.000691 0.000576 0.000501
d1 0.030000 0.047908 285.000000 0.000000 0.000691 0.000576 0.000501
d1 0.030000 0.047908 290.000000 0.000000 0.000691 0.000576 0.000501
d1 0.030000 0.047908 295.000000 0.000000 0.000691 0.000576 0.000501
d1 0.030000 0.047908 300.000000 2.000000 0.000691 0.000576 0.000501
d1 0.030000 0.047908 305.000000 2.000000 0.184669 0.005263 0.000517
d1 0.030000 0.047908 310.000000 2.000000 0.329457 0.017607 0.000619
d1 0.030000 0.047908 315.000000 2.000000 0.443404 0.035472 0.000873
d1 0.030000 0.047908 320.000000 2.000000 0.533079 0.057209 0.001321
d1 0.030000 0.047908 325.000000 2.000000 0.603652 0.081545 0.001994
d1 0.030000 0.047908 330.000000 2.000000 0.659192 0.107506 0.002910
d1 0.030000 0.047908 335.000000 2.000000 0.702902 0.134349 0.004079
d1 0.030000 0.047908 340.000000 2.000000 0.737300 0.161513 0.005504
d1 0.030000 0.047908 345.000000 2.000000 0.764371 0.188578 0.007182
d1 0.030000 0.047908 350.000000 2.000000 0.785675 0.215234 0.009108
d1 0.030000 0.047908 355.000000 2.000000 0.802442 0.241255 0.011274
d1 0.030000 0.047908 360.000000 2.000000 0.815637 0.266484 0.013670
d1 0.030000 0.047908 365.000000 2.000000 0.826022 0.290812 0.016285
d1 0.030000 0.047908 370.000000 2.000000 0.834194 0.314171 0.019108
d1 0.030000 0.047908 375.000000 2.000000 0.840626 0.336522 0.022125
d1 0.030000 0.047908 380.000000 2.000000 0.845688 0.357849 0.025325
d1 0.030000 0.047908 385.000000 2.000000 0.849671 0.378152 0.028696
d1 0.030000 0.047908 390.000000 2.000000 0.852806 0.397444 0.032224
d1 0.030000 0.047908 395.000000 2.000000 0.855274 0.415748 0.035899
d1 0.030000 0.047908 400.000000 2.000000 0.857215 0.433092 0.039710
d1 0.030000 0.047908 405.000000 2.000000 0.858743 0.449510 0.043644
d1 0.030000 0.047908 410.000000 2.000000 0.859946 0.465038 0.047693
d1 0.030000 0.047908 415.000000 2.000000 0.860892 0.479713 0.051845
d1 0.030000 0.047908 420.000000 2.000000 0.861637 0.493574 0.056091
d1 0.030000 0.047908 425.000000 2.000000 0.862223 0.506661 0.060423
d1 0.030000 0.047908 430.000000 2.000000 0.862685 0.519010 0.064832
d1 0.030000 0.047908 435.000000 2.000000 0.863048 0.530660 0.069310
d1 0.030000 0.047908 440.000000 2.000000 0.863333 0.541648 0.073849
d1 0.030000 0.047908 445.000000 2.000000 0.863558 0.552008 0.078442
d1 0.030000 0.047908 450.000000 2.000000 0.863735 0.561774 0.083083
d1 0.030000 0.047908 455.000000 2.000000 0.863875 0.570979 0.087765
d1 0.030000 0.047908 460.000000 2.000000 0.863984 0.579654 0.092482
d1 0.030000 0.047908 465.000000 2.000000 0.864070 0.587828 0.097229
d1 0.030000 0.047908 470.000000 2.000000 0.864138 0.595531 0.102000
d1 0.030000 0.047908 475.000000 2.000000 0.864192 0.602787 0.106792
d1 0.030000 0.047908 480.000000 2.000000 0.864234 0.609624 0.111598
d1 0.030000 0.047908 485.000000 2.000000 0.864267 0.616064 0.116416
d1 0.030000 0.047908 490.000000 2.000000 0.864293 0.622130 0.121241
d1 0.030000 0.047908 495.000000 2.000000 0.864313 0.627844 0.126069
d1 0.030000 0.047908 500.000000 2.000000 0.864329 0.633227 0.130897
d1 0.030000 0.047908 505.000000 2.000000 0.864342 0.638296 0.135722
d1 0.030000 0.047908 510.000000 2.000000 0.864352 0.643071 0.140540
d1 0.030000 0.047908 515.000000 2.000000 0.864360 0.647568 0.145350
d1 0.030000 0.047908 520.000000 2.000000 0.864366 0.651804 0.150148
d1 0.030000 0.047908 525.000000 2.000000 0.864371 0.655793 0.154932
d1 0.030000 0.047908 530.000000 2.000000 0.864375 0.659551 0.159700
d1 0.030000 0.047908 535.000000 2.000000 0.864378 0.663089 0.164449
d1 0.030000 0.047908 540.000000 2.000000 0.864380 0.666422 0.169179
d1 0.030000 0.047908 545.000000 2.000000 0.864382 0.669560 0.173886
d1 0.030000 0.047908 550.000000 2.000000 0.864383 0.672516 0.178570
d1 0.030000 0.047908 555.000000 2.000000 0.864385 0.675300 0.183229
d1 0.030000 0.047908 560.000000 2.000000 0.864386 0.677922 0.187861
d1 0.030000 0.047908 565.000000 2.000000 0.864386 0.680391 0.192466
d1 0.030000 0.047908 570.000000 2.000000 0.864387 0.682716 0.197042
d1 0.030000 0.047908 575.000000 2.000000 0.864387 0.684906 0.201588
d1 0.030000 0.047908 580.000000 2.000000 0.864388 0.686969 0.206103
d1 0.030000 0.047908 585.000000 2.000000 0.864388 0.688911 0.210587
d1 0.030000 0.047908 590.000000 2.000000 0.864388 0.690741 0.215038
d1 0.030000 0.047908 595.000000 2.000000 0.864389 0.692463 0.219455
d1 0.030000 0.047908 600.000000 2.000000 0.864389 0.694086 0.223839
d1 0.030000 0.047908 605.000000 2.000000 0.864389 0.695614 0.228189
d1 0.030000 0.047908 610.000000 2.000000 0.864389 0.697053 0.232503
d1 0.030000 0.047908 615.000000 2.000000 0.864389 0.698408 0.236782
d1 0.030000 0.047908 620.000000 2.000000 0.864389 0.699684 0.241025
d1 0.030000 0.047908 625.000000 2.000000 0.864389 0.700886 0.245232
d1 0.030000 0.047908 630.000000 2.000000 0.864389 0.702018 0.249402
d1 0.030000 0.047908 635.000000 2.000000 0.864389 0.703084 0.253536
d1 0.030000 0.047908 640.000000 2.000000 0.864389 0.704088 0.257633
d1 0.030000 0.047908 645.000000 2.000000 0.864389 0.705034 0.261692
d1 0.030000 0.047908 650.000000 2.000000 0.864389 0.705924 0.265714
d1 0.030000 0.047908 655.000000 2.000000 0.864389 0.706763 0.269699
d1 0.030000 0.047908 660.000000 2.000000 0.864389 0.707553 0.273647
d1 0.030000 0.047908 665.000000 2.000000 0.864389 0.708296 0.277556
d1 0.030000 0.047908 670.000000 2.000000 0.864389 0.708997 0.281429
d1 0.030000 0.047908 675.000000 2.000000 0.864389 0.709656 0.285264
d1 0.030000 0.047908 680.000000 2.000000 0.864389 0.710278 0.289061
d1 0.030000 0.047908 685.000000 2.000000 0.864389 0.710863 0.292821
d1 0.030000 0.047908 690.000000 2.000000 0.864389 0.711414 0.296543
d1 0.030000 0.047908 695.000000 2.000000 0.864389 0.711933 0.300229
d1 0.030000 0.047908 700.000000 2.000000 0.864389 0.712421 0.303877
d1 0.030000 0.047908 705.000000 2.000000 0.864389 0.712882 0.307488
d1 0.030000 0.047908 710.000000 2.000000 0.864389 0.713315 0.311062
d1 0.030000 0.047908 715.000000 2.000000 0.864389 0.713723 0.314600
d1 0.030000 0.047908 720.000000 2.000000 0.864389 0.714108 0.318101
d1 0.030000 0.047908 725.000000 2.000000 0.864389 0.714470 0.321566
d1 0.030000 0.047908 730.000000 2.000000 0.864389 0.714811 0.324994
d1 0.030000 0.047908 735.000000 2.000000 0.864389 0.715132 0.328387
d1 0.030000 0.047908 740.000000 2.000000 0.864389 0.715434 0.331744
d1 0.030000 0.047908 745.000000 2.000000 0.864389 0.715719 0.335066
d1 0.030000 0.047908 750.000000 2.000000 0.864389 0.715987 0.338352
d1 0.030000 0.047908 755.000000 2.000000 0.864389 0.716240 0.341603
d1 0.030000 0.047908 760.000000 2.000000 0.864389 0.716477 0.344820
d1 0.030000 0.047908 765.000000 2.000000 0.864389 0.716702 0.348002
d1 0.030000 0.047908 770.000000 2.000000 0.864389 0.716912 0.351150
d1 0.030000 0.047908 775.000000 2.000000 0.864389 0.717111 0.354264
d1 0.030000 0.047908 780.000000 2.000000 0.864389 0.717298 0.357344
d1 0.030000 0.047908 785.000000 2.000000 0.864389 0.717474 0.360391
d1 0.030000 0.047908 790.000000 2.000000 0.864389 0.717640 0.363405
d1 0.030000 0.047908 795.000000 2.000000 0.864389 0.717797 0.366386
d1 0.030000 0.047908 800.000000 2.000000 0.864389 0.717944 0.369334
d1 0.030000 0.047908 805.000000 2.000000 0.864389 0.718082 0.372250
d1 0.030000 0.047908 810.000000 2.000000 0.864389 0.718213 0.375134
d1 0.030000 0.047908 815.000000 2.000000 0.864389 0.718336 0.377986
d1 0.030000 0.047908 820.000000 2.000000 0.864389 0.718452 0.380807
d1 0.030000 0.047908 825.000000 2.000000 0.864389 0.718561 0.383597
d1 0.030000 0.047908 830.000000 2.000000 0.864389 0.718663 0.386356
d1 0.030000 0.047908 835.000000 2.000000 0.864389 0.718760 0.389084
d1 0.030000 0.047908 840.000000 2.000000 0.864389 0.718851 0.391782
d1 0.030000 0.047908 845.000000 2.000000 0.864389 0.718937 0.394450
d1 0.030000 0.047908 850.000000 2.000000 0.864389 0.719018 0.397089
d1 0.030000 0.047908 855.000000 2.000000 0.864389 0.719094 0.399698
d1 0.030000 0.047908 860.000000 2.000000 0.864389 0.719166 0.402278
d1 0.030000 0.047908 865.000000 2.000000 0.864389 0.719233 0.404829
d1 0.030000 0.047908 870.000000 2.000000 0.864389 0.719297 0.407351
d1 0.030000 0.047908 875.000000 2.000000 0.864389 0.719356 0.409846
d1 0.030000 0.047908 880.000000 2.000000 0.864389 0.719413 0.412312
d1 0.030000 0.047908 885.000000 2.000000 0.864389 0.719466 0.414751
d1 0.030000 0.047908 890.000000 2.000000 0.864389 0.719516 0.417162
d1 0.030000 0.047908 895.000000 2.000000 0.864389 0.719563 0.419547
d1 0.030000 0.047908 900.000000 2.000000 0.864389 0.719607 0.421904
d1 0.030000 0.047908 905.000000 2.000000 0.864389 0.719649 0.424235
d1 0.030000 0.047908 910.000000 2.000000 0.864389 0.719688 0.426540
d1 0.030000 0.047908 915.000000 2.000000 0.864389 0.719725 0.428818
d1 0.030000 0.047908 920.000000 2.000000 0.864389 0.719760 0.431072
d1 0.030000 0.047908 925.000000 2.000000 0.864389 0.719793 0.433299
d1 0.030000 0.047908 930.000000 2.000000 0.864389 0.719824 0.435502
d1 0.030000 0.047908 935.000000 2.000000 0.864389 0.719853 0.437679
d1 0.030000 0.047908 940.000000 2.000000 0.864389 0.719881 0.439832
d1 0.030000 0.047908 945.000000 2.000000 0.864389 0.719906 0.441961
d1 0.030000 0.047908 950.000000 2.000000 0.864389 0.719931 0.444065
d1 0.030000 0.047908 955.000000 2.000000 0.864389 0.719954 0.446146
d1 0.030000 0.047908 960.000000 2.000000 0.864389 0.719975 0.448203
d1 0.030000 0.047908 965.000000 2.000000 0.864389 0.719996 0.450237
d1 0.030000 0.047908 970.000000 2.000000 0.864389 0.720015 0.452248
d1 0.030000 0.047908 975.000000 2.000000 0.864389 0.720033 0.454236
d1 0.030000 0.047908 980.000000 2.000000 0.864389 0.720050 0.456201
d1 0.030000 0.047908 985.000000 2.000000 0.864389 0.720066 0.458144
d1 0.030000 0.047908 990.000000 2.000000 0.864389 0.720081 0.460065
d1 0.030000 0.047908 995.000000 2.000000 0.864389 0.720095 0.461964
d1 0.030000 0.047908 1000.000000 2.000000 0.864389 0.720108 0.463842
d1 0.030000 0.047908 1005.000000 2.000000 0.864389 0.720121 0.465698
d1 0.030000 0.047908 1010.000000 2.000000 0.864389 0.720133 0.467533
d1 0.030000 0.047908 1015.000000 2.000000 0.864389 0.720144 0.469348
d1 0.030000 0.047908 1020.000000 2.000000 0.864389 0.720154 0.471141
d1 0.030000 0.047908 1025.000000 2.000000 0.864389 0.720164 0.472915
d1 0.030000 0.047908 1030.000000 2.000000 0.864389 0.720173 0.474668
d1 0.030000 0.047908 1035.000000 2.000000 0.864389 0.720182 0.476401
d1 0.030000 0.047908 1040.000000 2.000000 0.864389 0.720190 0.478114
d1 0.030000 0.047908 1045.000000 2.000000 0.864389 0.720198 0.479808
d1 0.030000 0.047908 1050.000000 2.000000 0.864389 0.720206 0.481483
d1 0.030000 0.047908 1055.000000 2.000000 0.864389 0.720212 0.483138
d1 0.030000 0.047908 1060.000000 2.000000 0.864389 0.720219 0.484775
d1 0.030000 0.047908 1065.000000 2.000000 0.864389 0.720225 0.486393
d1 0.030000 0.047908 1070.000000 2.000000 0.864389 0.720231 0.487992
d1 0.030000 0.047908 1075.000000 2.000000 0.864389 0.720236 0.489574
d1 0.030000 0.047908 1080.000000 2.000000 0.864389 0.720241 0.491137
d1 0.030000 0.047908 1085.000000 2.000000 0.864389 0.720246 0.492682
d1 0.030000 0.047908 1090.000000 2.000000 0.864389 0.720251 0.494210
d1 0.030000 0.047908 1095.000000 2.000000 0.864389 0.720255 0.495721
d1 0.030000 0.047908 1100.000000 2.000000 0.864389 0.720259 0.497214
d1 0.030000 0.047908 1105.000000 2.000000 0.864389 0.720263 0.498690
d1 0.030000 0.047908 1110.000000 2.000000 0.864389 0.720267 0.500149
d1 0.030000 0.047908 1115.000000 2.000000 0.864389 0.720270 0.501592
d1 0.030000 0.047908 1120.000000 2.000000 0.864389 0.720273 0.503018
d1 0.030000 0.047908 1125.000000 2.000000 0.864389 0.720276 0.504428
d1 0.030000 0.047908 1130.000000 2.000000 0.864389 0.720279 0.505822
d1 0.030000 0.047908 1135.000000 2.000000 0.864389 0.720281 0.507200
d1 0.030000 0.047908 1140.000000 2.000000 0.864389 0.720284 0.508562
d1 0.030000 0.047908 1145.000000 2.000000 0.864389 0.720286 0.509909
d1 0.030000 0.047908 1150.000000 2.000000 0.864389 0.720289 0.511240
d1 0.030000 0.047908 1155.000000 2.000000 0.864389 0.720291 0.512556
d1 0.030000 0.047908 1160.000000 2.000000 0.864389 0.720293 0.513857
d1 0.030000 0.047908 1165.000000 2.000000 0.864389 0.720294 0.515143
d1 0.030000 0.047908 1170.000000 2.000000 0.864389 0.720296 0.516415
d1 0.030000 0.047908 1175.000000 2.000000 0.864389 0.720298 0.517671
d1 0.030000 0.047908 1180.000000 2.000000 0.864389 0.720299 0.518914
d1 0.030000 0.047908 1185.000000 2.000000 0.864389 0.720301 0.520142
d1 0.030000 0.047908 1190.000000 2.000000 0.864389 0.720302 0.521357
d1 0.030000 0.047908 1195.000000 2.000000 0.864389 0.720303 0.522557
d1 0.030000 0.047908 1200.000000 2.000000 0.864389 0.720305 0.523744
d1 0.030000 0.047908 1205.000000 2.000000 0.864389 0.720306 0.524917
d1 0.030000 0.047908 1210.000000 2.000000 0.864389 0.720307 0.526077
d1 0.030000 0.047908 1215.000000 2.000000 0.864389 0.720308 0.527224
d1 0.030000 0.047908 1220.000000 2.000000 0.864389 0.720309 0.528357
d1 0.030000 0.047908 1225.000000 2.000000 0.864389 0.720310 0.529478
d1 0.030000 0.047908 1230.000000 2.000000 0.864389 0.720311 0.530586
d1 0.030000 0.047908 1235.000000 2.000000 0.864389 0.720311 0.531681
d1 0.030000 0.047908 1240.000000 2.000000 0.864389 0.720312 0.532763
d1 0.030000 0.047908 1245.000000 2.000000 0.864389 0.720313 0.533833
d1 0.030000 0.047908 1250.000000 2.000000 0.864389 0.720314 0.534891
d1 0.030000 0.047908 1255.000000 2.000000 0.864389 0.720314 0.535937
d1 0.030000 0.047908 1260.000000 2.000000 0.864389 0.720315 0.536971
d1 0.030000 0.047908 1265.000000 2.000000 0.864389 0.720315 0.537993
d1 0.030000 0.047908 1270.000000 2.000000 0.864389 0.720316 0.539004
d1 0.030000 0.047908 1275.000000 2.000000 0.864389 0.720316 0.540002
d1 0.030000 0.047908 1280.000000 2.000000 0.864389 0.720317 0.540990
d1 0.030000 0.047908 1285.000000 2.000000 0.864389 0.720317 0.541966
d1 0.030000 0.047908 1290.000000 2.000000 0.864389 0.720318 0.542931
d1 0.030000 0.047908 1295.000000 2.000000 0.864389 0.720318 0.543885
d1 0.030000 0.047908 1300.000000 2.000000 0.864389 0.720318 0.544828
d1 0.030000 0.047908 1305.000000 2.000000 0.864389 0.720319 0.545760
d1 0.030000 0.047908 1310.000000 2.000000 0.864389 0.720319 0.546682
d1 0.030000 0.047908 1315.000000 2.000000 0.864389 0.720319 0.547593
d1 0.030000 0.047908 1320.000000 2.000000 0.864389 0.720320 0.548494
d1 0.030000 0.047908 1325.000000 2.000000 0.864389 0.720320 0.549384
d1 0.030000 0.047908 1330.000000 2.000000 0.864389 0.720320 0.550264
d1 0.030000 0.047908 1335.000000 2.000000 0.864389 0.720320 0.551135
d1 0.030000 0.047908 1340.000000 2.000000 0.864389 0.720321 0.551995
d1 0.030000 0.047908 1345.000000 2.000000 0.864389 0.720321 0.552845
d1 0.030000 0.047908 1350.000000 2.000000 0.864389 0.720321 0.553686
d1 0.030000 0.047908 1355.000000 2.000000 0.864389 0.720321 0.554517
d1 0.030000 0.047908 1360.000000 2.000000 0.864389 0.720321 0.555338
d1 0.030000 0.047908 1365.000000 2.000000 0.864389 0.720322 0.556150
d1 0.030000 0.047908 1370.000000 2.000000 0.864389 0.720322 0.556953
d1 0.030000 0.047908 1375.000000 2.000000 0.864389 0.720322 0.557747
d1 0.030000 0.047908 1380.000000 2.000000 0.864389 0.720322 0.558532
d1 0.030000 0.047908 1385.000000 2.000000 0.864389 0.720322 0.559307
d1 0.030000 0.047908 1390.000000 2.000000 0.864389 0.720322 0.560074
d1 0.030000 0.047908 1395.000000 2.000000 0.864389 0.720322 0.560832
d1 0.030000 0.047908 1400.000000 2.000000 0.864389 0.720322 0.561581
d1 0.030000 0.047908 1405.000000 2.000000 0.864389 0.720323 0.562322
d1 0.030000 0.047908 1410.000000 2.000000 0.864389 0.720323 0.563054
d1 0.030000 0.047908 1415.000000 2.000000 0.864389 0.720323 0.563778
d1 0.030000 0.047908 1420.000000 2.000000 0.864389 0.720323 0.564494
d1 0.030000 0.047908 1425.000000 2.000000 0.864389 0.720323 0.565202
d1 0.030000 0.047908 1430.000000 2.000000 0.864389 0.720323 0.565901
d1 0.030000 0.047908 1435.000000 2.000000 0.864389 0.720323 0.566592
d1 0.030000 0.047908 1440.000000 2.000000 0.864389 0.720323 0.567276
d1 0.030000 0.047908 1445.000000 2.000000 0.864389 0.720323 0.567951
d1 0.030000 0.047908 1450.000000 2.000000 0.864389 0.720323 0.568619
d1 0.030000 0.047908 1455.000000 2.000000 0.864389 0.720323 0.569280
d1 0.030000 0.047908 1460.000000 2.000000 0.864389 0.720323 0.569932
d1 0.030000 0.047908 1465.000000 2.000000 0.864389 0.720323 0.570578
d1 0.030000 0.047908 1470.000000 2.000000 0.864389 0.720324 0.571216
d1 0.030000 0.047908 1475.000000 2.000000 0.864389 0.720324 0.571846
d1 0.030000 0.047908 1480.000000 2.000000 0.864389 0.720324 0.572470
d1 0.030000 0.047908 1485.000000 2.000000 0.864389 0.720324 0.573086
d1 0.030000 0.047908 1490.000000 2.000000 0.864389 0.720324 0.573695
d1 0.030000 0.047908 1495.000000 2.000000 0.864389 0.720324 0.574297
d1 0.030000 0.047908 1500.000000 2.000000 0.864389 0.720324 0.574893
d1 0.030000 0.047908 1505.000000 2.000000 0.864389 0.720324 0.575481
d1 0.030000 0.047908 1510.000000 2.000000 0.864389 0.720324 0.576063
d1 0.030000 0.047908 1515.000000 2.000000 0.864389 0.720324 0.576638
d1 0.030000 0.047908 1520.000000 2.000000 0.864389 0.720324 0.577207
d1 0.030000 0.047908 1525.000000 2.000000 0.864389 0.720324 0.577769
d1 0.030000 0.047908 1530.000000 2.000000 0.864389 0.720324 0.578325
d1 0.030000 0.047908 1535.000000 2.000000 0.864389 0.720324 0.578874
d1 0.030000 0.047908 1540.000000 2.000000 0.864389 0.720324 0.579417
d1 0.030000 0.047908 1545.000000 2.000000 0.864389 0.720324 0.579954
d1 0.030000 0.047908 1550.000000 2.000000 0.864389 0.720324 0.580485
d1 0.030000 0.047908 1555.000000 2.000000 0.864389 0.720324 0.581009
d1 0.030000 0.047908 1560.000000 2.000000 0.864389 0.720324 0.581528
d1 0.030000 0.047908 1565.000000 2.000000 0.864389 0.720324 0.582041
d1 0.030000 0.047908 1570.000000 2.000000 0.864389 0.720324 0.582548
d1 0.030000 0.047908 1575.000000 2.000000 0.864389 0.720324 0.583049
d1 0.030000 0.047908 1580.000000 2.000000 0.864389 0.720324 0.583544
d1 0.030000 0.047908 1585.000000 2.000000 0.864389 0.720324 0.584034
d1 0.030000 0.047908 1590.000000 2.000000 0.864389 0.720324 0.584518
d1 0.030000 0.047908 1595.000000 2.000000 0.864389 0.720324 0.584996
d1 0.030000 0.047908 1600.000000 2.000000 0.864389 0.720324 0.585469
d1 0.030000 0.047908 1605.000000 2.000000 0.864389 0.720324 0.585937
d1 0.030000 0.047908 1610.000000 2.000000 0.864389 0.720324 0.586399
d1 0.030000 0.047908 1615.000000 2.000000 0.864389 0.720324 0.586856
d1 0.030000 0.047908 1620.000000 2.000000 0.864389 0.720324 0.587308
d1 0.030000 0.047908 1625.000000 2.000000 0.864389 0.720324 0.587755
d1 0.030000 0.047908 1630.000000 2.000000 0.864389 0.720324 0.588196
d1 0.030000 0.047908 1635.000000 2.000000 0.864389 0.720324 0.588633
d1 0.030000 0.047908 1640.000000 2.000000 0.864389 0.720324 0.589064
d1 0.030000 0.047908 1645.000000 2.000000 0.864389 0.720324 0.589491
d1 0.030000 0.047908 1650.000000 2.000000 0.864389 0.720324 0.589912
d1 0.030000 0.047908 1655.000000 2.000000 0.864389 0.720324 0.590329
d1 0.030000 0.047908 1660.000000 2.000000 0.864389 0.720324 0.590741
d1 0.030000 0.047908 1665.000000 2.000000 0.864389 0.720324 0.591149
d1 0.030000 0.047908 1670.000000 2.000000 0.864389 0.720324 0.591551
d1 0.030000 0.047908 1675.000000 2.000000 0.864389 0.720324 0.591950
d1 0.030000 0.047908 1680.000000 2.000000 0.864389 0.720324 0.592343
d1 0.030000 0.047908 1685.000000 2.000000 0.864389 0.720324 0.592732
d1 0.030000 0.047908 1690.000000 2.000000 0.864389 0.720324 0.593117
d1 0.030000 0.047908 1695.000000 2.000000 0.864389 0.720324 0.593497
d1 0.030000 0.047908 1700.000000 2.000000 0.864389 0.720324 0.593873
d1 0.030000 0.047908 1705.000000 2.000000 0.864389 0.720324 0.594244
d1 0.030000 0.047908 1710.000000 2.000000 0.864389 0.720324 0.594612
d1 0.030000 0.047908 1715.000000 2.000000 0.864389 0.720324 0.594975
d1 0.030000 0.047908 1720.000000 2.000000 0.864389 0.720324 0.595334
d1 0.030000 0.047908 1725.000000 2.000000 0.864389 0.720324 0.595689
d1 0.030000 0.047908 1730.000000 2.000000 0.864389 0.720324 0.596039
d1 0.030000 0.047908 1735.000000 2.000000 0.864389 0.720324 0.596386
d1 0.030000 0.047908 1740.000000 2.000000 0.864389 0.720324 0.596729
d1 0.030000 0.047908 1745.000000 2.000000 0.864389 0.720324 0.597068
d1 0.030000 0.047908 1750.000000 2.000000 0.864389 0.720324 0.597403
d1 0.030000 0.047908 1755.000000 2.000000 0.864389 0.720324 0.597734
d1 0.030000 0.047908 1760.000000 2.000000 0.864389 0.720324 0.598062
d1 0.030000 0.047908 1765.000000 2.000000 0.864389 0.720324 0.598385
d1 0.030000 0.047908 1770.000000 2.000000 0.864389 0.720324 0.598705
d1 0.030000 0.047908 1775.000000 2.000000 0.864389 0.720324 0.599022
d1 0.030000 0.047908 1780.000000 2.000000 0.864389 0.720324 0.599334
d1 0.030000 0.047908 1785.000000 2.000000 0.864389 0.720324 0.599643
d1 0.030000 0.047908 1790.000000 2.000000 0.864389 0.720324 0.599949
d1 0.030000 0.047908 1795.000000 2.000000 0.864389 0.720324 0.600251
d1 0.030000 0.047908 1800.000000 2.000000 0.864389 0.720324 0.600550
d1 0.030000 0.047908 1805.000000 2.000000 0.864389 0.720324 0.600845
d1 0.030000 0.047908 1810.000000 2.000000 0.864389 0.720324 0.601137
d1 0.030000 0.047908 1815.000000 2.000000 0.864389 0.720324 0.601425
d1 0.030000 0.047908 1820.000000 2.000000 0.864389 0.720324 0.601710
d1 0.030000 0.047908 1825.000000 2.000000 0.864389 0.720324 0.601992
d1 0.030000 0.047908 1830.000000 2.000000 0.864389 0.720324 0.602271
d1 0.030000 0.047908 1835.000000 2.000000 0.864389 0.720324 0.602547
d1 0.030000 0.047908 1840.000000 2.000000 0.864389 0.720324 0.602819
d1 0.030000 0.047908 1845.000000 2.000000 0.864389 0.720324 0.603088
d1 0.030000 0.047908 1850.000000 2.000000 0.864389 0.720324 0.603355
d1 0.030000 0.047908 1855.000000 2.000000 0.864389 0.720324 0.603618
d1 0.030000 0.047908 1860.000000 2.000000 0.864389 0.720324 0.603878
d1 0.030000 0.047908 1865.000000 2.000000 0.864389 0.720324 0.604135
d1 0.030000 0.047908 1870.000000 2.000000 0.864389 0.720324 0.604389
d1 0.030000 0.047908 1875.000000 2.000000 0.864389 0.720324 0.604640
d1 0.030000 0.047908 1880.000000 2.000000 0.864389 0.720324 0.604889
d1 0.030000 0.047908 1885.000000 2.000000 0.864389 0.720324 0.605134
d1 0.030000 0.047908 1890.000000 2.000000 0.864389 0.720324 0.605377
d1 0.030000 0.047908 1895.000000 2.000000 0.864389 0.720324 0.605617
d1 0.030000 0.047908 1900.000000 2.000000 0.864389 0.720324 0.605855
d1 0.030000 0.047908 1905.000000 2.000000 0.864389 0.720324 0.606089
d1 0.030000 0.047908 1910.000000 2.000000 0.864389 0.720324 0.606321
d1 0.030000 0.047908 1915.000000 2.000000 0.864389 0.720324 0.606550
d1 0.030000 0.047908 1920.000000 2.000000 0.864389 0.720324 0.606777
d1 0.030000 0.047908 1925.000000 2.000000 0.864389 0.720324 0.607001
d1 0.030000 0.047908 1930.000000 2.000000 0.864389 0.720324 0.607222
d1 0.030000 0.047908 1935.000000 2.000000 0.864389 0.720324 0.607441
d1 0.030000 0.047908 1940.000000 2.000000 0.864389 0.720324 0.607658
d1 0.030000 0.047908 1945.000000 2.000000 0.864389 0.720324 0.607872
d1 0.030000 0.047908 1950.000000 2.000000 0.864389 0.720324 0.608083
d1 0.030000 0.047908 1955.000000 2.000000 0.864389 0.720324 0.608292
d1 0.030000 0.047908 1960.000000 2.000000 0.864389 0.720324 0.608499
d1 0.030000 0.047908 1965.000000 2.000000 0.864389 0.720324 0.608703
d1 0.030000 0.047908 1970.000000 2.000000 0.864389 0.720324 0.608905
d1 0.030000 0.047908 1975.000000 2.000000 0.864389 0.720324 0.609105
d1 0.030000 0.047908 1980.000000 2.000000 0.864389 0.720324 0.609302
d1 0.030000 0.047908 1985.000000 2.000000 0.864389 0.720324 0.609497
d1 0.030000 0.047908 1990.000000 2.000000 0.864389 0.720324 0.609690
d1 0.030000 0.047908 1995.000000 2.000000 0.864389 0.720324 0.609881
d1 0.030000 0.047908 2000.000000 2.000000 0.864389 0.720324 0.610069
d1 0.030000 0.047908 2005.000000 2.000000 0.864389 0.720324 0.610256
d1 0.030000 0.047908 2010.000000 2.000000 0.864389 0.720324 0.610440
d1 0.030000 0.047908 2015.000000 2.000000 0.864389 0.720324 0.610622
d1 0.030000 0.047908 2020.000000 2.000000 0.864389 0.720324 0.610802
d1 0.030000 0.047908 2025.000000 2.000000 0.864389 0.720324 0.610980
d1 0.030000 0.047908 2030.000000 2.000000 0.864389 0.720324 0.611156
d1 0.030000 0.047908 2035.000000 2.000000 0.864389 0.720324 0.611330
d1 0.030000 0.047908 2040.000000 2.000000 0.864389 0.720324 0.611502
d1 0.030000 0.047908 2045.000000 2.000000 0.864389 0.720324 0.611672
d1 0.030000 0.047908 2050.000000 2.000000 0.864389 0.720324 0.611840
d1 0.030000 0.047908 2055.000000 2.000000 0.864389 0.720324 0.612006
d1 0.030000 0.047908 2060.000000 2.000000 0.864389 0.720324 0.612170
d1 0.030000 0.047908 2065.000000 2.000000 0.864389 0.720324 0.612333
d1 0.030000 0.047908 2070.000000 2.000000 0.864389 0.720324 0.612493
d1 0.030000 0.047908 2075.000000 2.000000 0.864389 0.720324 0.612652
d1 0.030000 0.047908 2080.000000 2.000000 0.864389 0.720324 0.612809
d1 0.030000 0.047908 2085.000000 2.000000 0.864389 0.720324 0.612964
d1 0.030000 0.047908 2090.000000 2.000000 0.864389 0.720324 0.613117
d1 0.030000 0.047908 2095.000000 2.000000 0.864389 0.720324 0.613269
d1 0.030000 0.047908 2100.000000 2.000000 0.864389 0.720324 0.613418
d1 0.030000 0.047908 2105.000000 2.000000 0.864389 0.720324 0.613566
d1 0.030000 0.047908 2110.000000 2.000000 0.864389 0.720324 0.613713
d1 0.030000 0.047908 2115.000000 2.000000 0.864389 0.720324 0.613858
d1 0.030000 0.047908 2120.000000 2.000000 0.864389 0.720324 0.614001
d1 0.030000 0.047908 2125.000000 2.000000 0.864389 0.720324 0.614142
d1 0.030000 0.047908 2130.000000 2.000000 0.864389 0.720324 0.614282
d1 0.030000 0.047908 2135.000000 2.000000 0.864389 0.720324 0.614420
d1 0.030000 0.047908 2140.000000 2.000000 0.864389 0.720324 0.614557
d1 0.030000 0.047908 2145.000000 2.000000 0.864389 0.720324 0.614692
d1 0.030000 0.047908 2150.000000 2.000000 0.864389 0.720324 0.614825
d1 0.030000 0.047908 2155.000000 2.000000 0.864389 0.720324 0.614957
d1 0.030000 0.047908 2160.000000 2.000000 0.864389 0.720324 0.615088
d1 0.030000 0.047908 2165.000000 2.000000 0.864389 0.720324 0.615217
d1 0.030000 0.047908 2170.000000 2.000000 0.864389 0.720324 0.615344
d1 0.030000 0.047908 2175.000000 2.000000 0.864389 0.720324 0.615470
d1 0.030000 0.047908 2180.000000 2.000000 0.864389 0.720324 0.615595
d1 0.030000 0.047908 2185.000000 2.000000 0.864389 0.720324 0.615718
d1 0.030000 0.047908 2190.000000 2.000000 0.864389 0.720324 0.615840
d1 0.030000 0.047908 2195.000000 2.000000 0.864389 0.720324 0.615960
d1 0.030000 0.047908 2200.000000 2.000000 0.864389 0.720324 0.616079
d1 0.030000 0.047908 2205.000000 2.000000 0.864389 0.720324 0.616197
d1 0.030000 0.047908 2210.000000 2.000000 0.864389 0.720324 0.616313
d1 0.030000 0.047908 2215.000000 2.000000 0.864389 0.720324 0.616428
d1 0.030000 0.047908 2220.000000 2.000000 0.864389 0.720324 0.616542
d1 0.030000 0.047908 2225.000000 2.000000 0.864389 0.720324 0.616654
d1 0.030000 0.047908 2230.000000 2.000000 0.864389 0.720324 0.616765
d1 0.030000 0.047908 2235.000000 2.000000 0.864389 0.720324 0.616875
d1 0.030000 0.047908 2240.000000 2.000000 0.864389 0.720324 0.616984
d1 0.030000 0.047908 2245.000000 2.000000 0.864389 0.720324 0.617091
d1 0.030000 0.047908 2250.000000 2.000000 0.864389 0.720324 0.617197
d1 0.030000 0.047908 2255.000000 2.000000 0.864389 0.720324 0.617302
d1 0.030000 0.047908 2260.000000 2.000000 0.864389 0.720324 0.617406
d1 0.030000 0.047908 2265.000000 2.000000 0.864389 0.720324 0.617508
d1 0.030000 0.047908 2270.000000 2.000000 0.864389 0.720324 0.617609
d1 0.030000 0.047908 2275.000000 2.000000 0.864389 0.720324 0.617710
d1 0.030000 0.047908 2280.000000 2.000000 0.864389 0.720324 0.617809
d1 0.030000 0.047908 2285.000000 2.000000 0.864389 0.720324 0.617906
d1 0.030000 0.047908 2290.000000 2.000000 0.864389 0.720324 0.618003
d1 0.030000 0.047908 2295.000000 2.000000 0.864389 0.720324 0.618099
d1 0.030000 0.047908 2300.000000 2.000000 0.864389 0.720324 0.618193
d1 0.030000 0.047908 2305.000000 2.000000 0.864389 0.720324 0.618287
d1 0.030000 0.047908 2310.000000 2.000000 0.864389 0.720324 0.618379
d1 0.030000 0.047908 2315.000000 2.000000 0.864389 0.720324 0.618471
d1 0.030000 0.047908 2320.000000 2.000000 0.864389 0.720324 0.618561
d1 0.030000 0.047908 2325.000000 2.000000 0.864389 0.720324 0.618650
d1 0.030000 0.047908 2330.000000 2.000000 0.864389 0.720324 0.618738
d1 0.030000 0.047908 2335.000000 2.000000 0.864389 0.720324 0.618826
d1 0.030000 0.047908 2340.000000 2.000000 0.864389 0.720324 0.618912
d1 0.030000 0.047908 2345.000000 2.000000 0.864389 0.720324 0.618997
d1 0.030000 0.047908 2350.000000 2.000000 0.864389 0.720324 0.619082
d1 0.030000 0.047908 2355.000000 2.000000 0.864389 0.720324 0.619165
d1 0.030000 0.047908 2360.000000 2.000000 0.864389 0.720324 0.619247
d1 0.030000 0.047908 2365.000000 2.000000 0.864389 0.720324 0.619329
d1 0.030000 0.047908 2370.000000 2.000000 0.864389 0.720324 0.619409
d1 0.030000 0.047908 2375.000000 2.000000 0.864389 0.720324 0.619489
d1 0.030000 0.047908 2380.000000 2.000000 0.864389 0.720324 0.619567
d1 0.030000 0.047908 2385.000000 2.000000 0.864389 0.720324 0.619645
d1 0.030000 0.047908 2390.000000 2.000000 0.864389 0.720324 0.619722
d1 0.030000 0.047908 2395.000000 2.000000 0.864389 0.720324 0.619798
d1 0.030000 0.047908 2400.000000 2.000000 0.864389 0.720324 0.619873
d1 0.030000 0.047908 2405.000000 2.000000 0.864389 0.720324 0.619947
d1 0.030000 0.047908 2410.000000 2.000000 0.864389 0.720324 0.620021
d1 0.030000 0.047908 2415.000000 2.000000 0.864389 0.720324 0.620093
d1 0.030000 0.047908 2420.000000 2.000000 0.864389 0.720324 0.620165
d1 0.030000 0.047908 2425.000000 2.000000 0.864389 0.720324 0.620236
d1 0.030000 0.047908 2430.000000 2.000000 0.864389 0.720324 0.620306
d1 0.030000 0.047908 2435.000000 2.000000 0.864389 0.720324 0.620376
d1 0.030000 0.047908 2440.000000 2.000000 0.864389 0.720324 0.620444
d1 0.030000 0.047908 2445.000000 2.000000 0.864389 0.720324 0.620512
d1 0.030000 0.047908 2450.000000 2.000000 0.864389 0.720324 0.620579
d1 0.030000 0.047908 2455.000000 2.000000 0.864389 0.720324 0.620645
d1 0.030000 0.047908 2460.000000 2.000000 0.864389 0.720324 0.620710
d1 0.030000 0.047908 2465.000000 2.000000 0.864389 0.720324 0.620775
d1 0.030000 0.047908 2470.000000 2.000000 0.864389 0.720324 0.620839
d1 0.030000 0.047908 2475.000000 2.000000 0.864389 0.720324 0.620902
d1 0.030000 0.047908 2480.000000 2.000000 0.864389 0.720324 0.620965
d1 0.030000 0.047908 2485.000000 2.000000 0.864389 0.720324 0.621027
d1 0.030000 0.047908 2490.000000 2.000000 0.864389 0.720324 0.621088
d1 0.030000 0.047908 2495.000000 2.000000 0.864389 0.720324 0.621148
d1 0.030000 0.047908 2500.000000 2.000000 0.864389 0.720324 0.621208
d1 0.030000 0.047908 2505.000000 2.000000 0.864389 0.720324 0.621267
d1 0.030000 0.047908 2510.000000 2.000000 0.864389 0.720324 0.621325
d1 0.030000 0.047908 2515.000000 2.000000 0.864389 0.720324 0.621383
d1 0.030000 0.047908 2520.000000 2.000000 0.864389 0.720324 0.621440
d1 0.030000 0.047908 2525.000000 2.000000 0.864389 0.720324 0.621496
d1 0.030000 0.047908 2530.000000 2.000000 0.864389 0.720324 0.621552
d1 0.030000 0.047908 2535.000000 2.000000 0.864389 0.720324 0.621607
d1 0.030000 0.047908 2540.000000 2.000000 0.864389 0.720324 0.621661
d1 0.030000 0.047908 2545.000000 2.000000 0.864389 0.720324 0.621715
d1 0.030000 0.047908 2550.000000 2.000000 0.864389 0.720324 0.621768
d1 0.030000 0.047908 2555.000000 2.000000 0.864389 0.720324 0.621821
d1 0.030000 0.047908 2560.000000 2.000000 0.864389 0.720324 0.621873
d1 0.030000 0.047908 2565.000000 2.000000 0.864389 0.720324 0.621924
d1 0.030000 0.047908 2570.000000 2.000000 0.864389 0.720324 0.621975
d1 0.030000 0.047908 2575.000000 2.000000 0.864389 0.720324 0.622026
d1 0.030000 0.047908 2580.000000 2.000000 0.864389 0.720324 0.622075
d1 0.030000 0.047908 2585.000000 2.000000 0.864389 0.720324 0.622124
d1 0.030000 0.047908 2590.000000 2.000000 0.864389 0.720324 0.622173
d1 0.030000 0.047908 2595.000000 2.000000 0.864389 0.720324 0.622221
d1 0.030000 0.047908 2600.000000 2.000000 0.864389 0.720324 0.622268
d1 0.030000 0.047908 2605.000000 2.000000 0.864389 0.720324 0.622315
d1 0.030000 0.047908 2610.000000 2.000000 0.864389 0.720324 0.622361
d1 0.030000 0.047908 2615.000000 2.000000 0.864389 0.720324 0.622407
d1 0.030000 0.047908 2620.000000 2.000000 0.864389 0.720324 0.622453
d1 0.030000 0.047908 2625.000000 2.000000 0.864389 0.720324 0.622497
d1 0.030000 0.047908 2630.000000 2.000000 0.864389 0.720324 0.622542
d1 0.030000 0.047908 2635.000000 2.000000 0.864389 0.720324 0.622585
d1 0.030000 0.047908 2640.000000 2.000000 0.864389 0.720324 0.622629
d1 0.030000 0.047908 2645.000000 2.000000 0.864389 0.720324 0.622671
d1 0.030000 0.047908 2650.000000 2.000000 0.864389 0.720324 0.622714
d1 0.030000 0.047908 2655.000000 2.000000 0.864389 0.720324 0.622756
d1 0.030000 0.047908 2660.000000 2.000000 0.864389 0.720324 0.622797
d1 0.030000 0.047908 2665.000000 2.000000 0.864389 0.720324 0.622838
d1 0.030000 0.047908 2670.000000 2.000000 0.864389 0.720324 0.622878
d1 0.030000 0.047908 2675.000000 2.000000 0.864389 0.720324 0.622918
d1 0.030000 0.047908 2680.000000 2.000000 0.864389 0.720324 0.622957
d1 0.030000 0.047908 2685.000000 2.000000 0.864389 0.720324 0.622996
d1 0.030000 0.047908 2690.000000 2.000000 0.864389 0.720324 0.623035
d1 0.030000 0.047908 2695.000000 2.000000 0.864389 0.720324 0.623073
d1 0.030000 0.047908 2700.000000 2.000000 0.864389 0.720324 0.623111
d1 0.030000 0.047908 2705.000000 2.000000 0.864389 0.720324 0.623148
d1 0.030000 0.047908 2710.000000 2.000000 0.864389 0.720324 0.623185
d1 0.030000 0.047908 2715.000000 2.000000 0.864389 0.720324 0.623221
d1 0.030000 0.047908 2720.000000 2.000000 0.864389 0.720324 0.623257
d1 0.030000 0.047908 2725.000000 2.000000 0.864389 0.720324 0.623293
d1 0.030000 0.047908 2730.000000 2.000000 0.864389 0.720324 0.623328
d1 0.030000 0.047908 2735.000000 2.000000 0.864389 0.720324 0.623363
d1 0.030000 0.047908 2740.000000 2.000000 0.864389 0.720324 0.623397
d1 0.030000 0.047908 2745.000000 2.000000 0.864389 0.720324 0.623431
d1 0.030000 0.047908 2750.000000 2.000000 0.864389 0.720324 0.623465
d1 0.030000 0.047908 2755.000000 2.000000 0.864389 0.720324 0.623498
d1 0.030000 0.047908 2760.000000 2.000000 0.864389 0.720324 0.623531
d1 0.030000 0.047908 2765.000000 2.000000 0.864389 0.720324 0.623563
d1 0.030000 0.047908 2770.000000 2.000000 0.864389 0.720324 0.623595
d1 0.030000 0.047908 2775.000000 2.000000 0.864389 0.720324 0.623627
d1 0.030000 0.047908 2780.000000 2.000000 0.864389 0.720324 0.623658
d1 0.030000 0.047908 2785.000000 2.000000 0.864389 0.720324 0.623689
d1 0.030000 0.047908 2790.000000 2.000000 0.864389 0.720324 0.623720
d1 0.030000 0.047908 2795.000000 2.000000 0.864389 0.720324 0.623750
d1 0.030000 0.047908 2800.000000 2.000000 0.864389 0.720324 0.623780
d1 0.030000 0.047908 2805.000000 2.000000 0.864389 0.720324 0.623810
d1 0.030000 0.047908 2810.000000 2.000000 0.864389 0.720324 0.623839
d1 0.030000 0.047908 2815.000000 2.000000 0.864389 0.720324 0.623868
d1 0.030000 0.047908 2820.000000 2.000000 0.864389 0.720324 0.623897
d1 0.030000 0.047908 2825.000000 2.000000 0.864389 0.720324 0.623925
d1 0.030000 0.047908 2830.000000 2.000000 0.864389 0.720324 0.623953
d1 0.030000 0.047908 2835.000000 2.000000 0.864389 0.720324 0.623980
d1 0.030000 0.047908 2840.000000 2.000000 0.864389 0.720324 0.624008
d1 0.030000 0.047908 2845.000000 2.000000 0.864389 0.720324 0.624035
d1 0.030000 0.047908 2850.000000 2.000000 0.864389 0.720324 0.624061
d1 0.030000 0.047908 2855.000000 2.000000 0.864389 0.720324 0.624088
d1 0.030000 0.047908 2860.000000 2.000000 0.864389 0.720324 0.624114
d1 0.030000 0.047908 2865.000000 2.000000 0.864389 0.720324 0.624140
d1 0.030000 0.047908 2870.000000 2.000000 0.864389 0.720324 0.624165
d1 0.030000 0.047908 2875.000000 2.000000 0.864389 0.720324 0.624190
d1 0.030000 0.047908 2880.000000 2.000000 0.864389 0.720324 0.624215
d1 0.030000 0.047908 2885.000000 2.000000 0.864389 0.720324 0.624240
d1 0.030000 0.047908 2890.000000 2.000000 0.864389 0.720324 0.624264
d1 0.030000 0.047908 2895.000000 2.000000 0.864389 0.720324 0.624288
d1 0.030000 0.047908 2900.000000 2.000000 0.864389 0.720324 0.624312
d1 0.030000 0.047908 2905.000000 2.000000 0.864389 0.720324 0.624336
d1 0.030000 0.047908 2910.000000 2.000000 0.864389 0.720324 0.624359
d1 0.030000 0.047908 2915.000000 2.000000 0.864389 0.720324 0.624382
d1 0.030000 0.047908 2920.000000 2.000000 0.864389 0.720324 0.624405
d1 0.030000 0.047908 2925.000000 2.000000 0.864389 0.720324 0.624427
d1 0.030000 0.047908 2930.000000 2.000000 0.864389 0.720324 0.624449
d1 0.030000 0.047908 2935.000000 2.000000 0.864389 0.720324 0.624471
d1 0.030000 0.047908 2940.000000 2.000000 0.864389 0.720324 0.624493
d1 0.030000 0.047908 2945.000000 2.000000 0.864389 0.720324 0.624514
d1 0.030000 0.047908 2950.000000 2.000000 0.864389 0.720324 0.624536
d1 0.030000 0.047908 2955.000000 2.000000 0.864389 0.720324 0.624557
d1 0.030000 0.047908 2960.000000 2.000000 0.864389 0.720324 0.624577
d1 0.030000 0.047908 2965.000000 2.000000 0.864389 0.720324 0.624598
d1 0.030000 0.047908 2970.000000 2.000000 0.864389 0.720324 0.624618
d1 0.030000 0.047908 2975.000000 2.000000 0.864389 0.720324 0.624638
d1 0.030000 0.047908 2980.000000 2.000000 0.864389 0.720324 0.624658
d1 0.030000 0.047908 2985.000000 2.000000 0.864389 0.720324 0.624677
d1 0.030000 0.047908 2990.000000 2.000000 0.864389 0.720324 0.624697
d1 0.030000 0.047908 2995.000000 2.000000 0.864389 0.720324 0.624716
d1 0.030000 0.047908 3000.000000 2.000000 0.864389 0.720324 0.624735
d1 0.030000 0.047908 3005.000000 2.000000 0.864389 0.720324 0.624753
d1 0.030000 0.047908 3010.000000 2.000000 0.864389 0.720324 0.624772
d1 0.030000 0.047908 3015.000000 2.000000 0.864389 0.720324 0.624790
d1 0.030000 0.047908 3020.000000 2.000000 0.864389 0.720324 0.624808
d1 0.030000 0.047908 3025.000000 2.000000 0.864389 0.720324 0.624826
d1 0.030000 0.047908 3030.000000 2.000000 0.864389 0.720324 0.624844
d1 0.030000 0.047908 3035.000000 2.000000 0.864389 0.720324 0.624861
d1 0.030000 0.047908 3040.000000 2.000000 0.864389 0.720324 0.624878
d1 0.030000 0.047908 3045.000000 2.000000 0.864389 0.720324 0.624895
d1 0.030000 0.047908 3050.000000 2.000000 0.864389 0.720324 0.624912
d1 0.030000 0.047908 3055.000000 2.000000 0.864389 0.720324 0.624929
d1 0.030000 0.047908 3060.000000 2.000000 0.864389 0.720324 0.624945
d1 0.030000 0.047908 3065.000000 2.000000 0.864389 0.720324 0.624962
d1 0.030000 0.047908 3070.000000 2.000000 0.864389 0.720324 0.624978
d1 0.030000 0.047908 3075.000000 2.000000 0.864389 0.720324 0.624994
d1 0.030000 0.047908 3080.000000 2.000000 0.864389 0.720324 0.625009
d1 0.030000 0.047908 3085.000000 2.000000 0.864389 0.720324 0.625025
d1 0.030000 0.047908 3090.000000 2.000000 0.864389 0.720324 0.625040
d1 0.030000 0.047908 3095.000000 2.000000 0.864389 0.720324 0.625055
d1 0.030000 0.047908 3100.000000 2.000000 0.864389 0.720324 0.625070
d1 0.030000 0.047908 3105.000000 2.000000 0.864389 0.720324 0.625085
d1 0.030000 0.047908 3110.000000 2.000000 0.864389 0.720324 0.625100
d1 0.030000 0.047908 3115.000000 2.000000 0.864389 0.720324 0.625114
d1 0.030000 0.047908 3120.000000 2.000000 0.864389 0.720324 0.625129
d1 0.030000 0.047908 3125.000000 2.000000 0.864389 0.720324 0.625143
d1 0.030000 0.047908 3130.000000 2.000000 0.864389 0.720324 0.625157
d1 0.030000 0.047908 3135.000000 2.000000 0.864389 0.720324 0.625171
d1 0.030000 0.047908 3140.000000 2.000000 0.864389 0.720324 0.625185
d1 0.030000 0.047908 3145.000000 2.000000 0.864389 0.720324 0.625198
d1 0.030000 0.047908 3150.000000 2.000000 0.864389 0.720324 0.625211
d1 0.030000 0.047908 3155.000000 2.000000 0.864389 0.720324 0.625225
d1 0.030000 0.047908 3160.000000 2.000000 0.864389 0.720324 0.625238
d1 0.030000 0.047908 3165.000000 2.000000 0.864389 0.720324 0.625251
d1 0.030000 0.047908 3170.000000 2.000000 0.864389 0.720324 0.625263
d1 0.030000 0.047908 3175.000000 2.000000 0.864389 0.720324 0.625276
d1 0.030000 0.047908 3180.000000 2.000000 0.864389 0.720324 0.625289
d1 0.030000 0.047908 3185.000000 2.000000 0.864389 0.720324 0.625301
d1 0.030000 0.047908 3190.000000 2.000000 0.864389 0.720324 0.625313
d1 0.030000 0.047908 3195.000000 2.000000 0.864389 0.720324 0.625325
d1 0.030000 0.047908 3200.000000 2.000000 0.864389 0.720324 0.625337
d1 0.030000 0.047908 3205.000000 2.000000 0.864389 0.720324 0.625349
d1 0.030000 0.047908 3210.000000 2.000000 0.864389 0.720324 0.625361
d1 0.030000 0.047908 3215.000000 2.000000 0.864389 0.720324 0.625372
d1 0.030000 0.047908 3220.000000 2.000000 0.864389 0.720324 0.625384
d1 0.030000 0.047908 3225.000000 2.000000 0.864389 0.720324 0.625395
d1 0.030000 0.047908 3230.000000 2.000000 0.864389 0.720324 0.625406
d1 0.030000 0.047908 3235.000000 2.000000 0.864389 0.720324 0.625417
d1 0.030000 0.047908 3240.000000 2.000000 0.864389 0.720324 0.625428
d1 0.030000 0.047908 3245.000000 2.000000 0.864389 0.720324 0.625439
d1 0.030000 0.047908 3250.000000 2.000000 0.864389 0.720324 0.625449
d1 0.030000 0.047908 3255.000000 2.000000 0.864389 0.720324 0.625460
d1 0.030000 0.047908 3260.000000 2.000000 0.864389 0.720324 0.625470
d1 0.030000 0.047908 3265.000000 2.000000 0.864389 0.720324 0.625480
d1 0.030000 0.047908 3270.000000 2.000000 0.864389 0.720324 0.625491
d1 0.030000 0.047908 3275.000000 2.000000 0.864389 0.720324 0.625501
d1 0.030000 0.047908 3280.000000 2.000000 0.864389 0.720324 0.625510
d1 0.030000 0.047908 3285.000000 2.000000 0.864389 0.720324 0.625520
d1 0.030000 0.047908 3290.000000 2.000000 0.864389 0.720324 0.625530
d1 0.030000 0.047908 3295.000000 2.000000 0.864389 0.720324 0.625540
d1 0.030000 0.047908 3300.000000 2.000000 0.864389 0.720324 0.625549
d1 0.030000 0.047908 3305.000000 2.000000 0.864389 0.720324 0.625558
d1 0.030000 0.047908 3310.000000 2.000000 0.864389 0.720324 0.625568
d1 0.030000 0.047908 3315.000000 2.000000 0.864389 0.720324 0.625577
d1 0.030000 0.047908 3320.000000 2.000000 0.864389 0.720324 0.625586
d1 0.030000 0.047908 3325.000000 2.000000 0.864389 0.720324 0.625595
d1 0.030000 0.047908 3330.000000 2.000000 0.864389 0.720324 0.625604
d1 0.030000 0.047908 3335.000000 2.000000 0.864389 0.720324 0.625612
d1 0.030000 0.047908 3340.000000 2.000000 0.864389 0.720324 0.625621
d1 0.030000 0.047908 3345.000000 2.000000 0.864389 0.720324 0.625630
d1 0.030000 0.047908 3350.000000 2.000000 0.864389 0.720324 0.625638
d1 0.030000 0.047908 3355.000000 2.000000 0.864389 0.720324 0.625646
d1 0.030000 0.047908 3360.000000 2.000000 0.864389 0.720324 0.625655
d1 0.030000 0.047908 3365.000000 2.000000 0.864389 0.720324 0.625663
d1 0.030000 0.047908 3370.000000 2.000000 0.864389 0.720324 0.625671
d1 0.030000 0.047908 3375.000000 2.000000 0.864389 0.720324 0.625679
d1 0.030000 0.047908 3380.000000 2.000000 0.864389 0.720324 0.625687
d1 0.030000 0.047908 3385.000000 2.000000 0.864389 0.720324 0.625695
d1 0.030000 0.047908 3390.000000 2.000000 0.864389 0.720324 0.625702
d1 0.030000 0.047908 3395.000000 2.000000 0.864389 0.720324 0.625710
d1 0.030000 0.047908 3400.000000 2.000000 0.864389 0.720324 0.625718
d1 0.030000 0.047908 3405.000000 2.000000 0.864389 0.720324 0.625725
d1 0.030000 0.047908 3410.000000 2.000000 0.864389 0.720324 0.625732
d1 0.030000 0.047908 3415.000000 2.000000 0.864389 0.720324 0.625740
d1 0.030000 0.047908 3420.000000 2.000000 0.864389 0.720324 0.625747
d1 0.030000 0.047908 3425.000000 2.000000 0.864389 0.720324 0.625754
d1 0.030000 0.047908 3430.000000 2.000000 0.864389 0.720324 0.625761
d1 0.030000 0.047908 3435.000000 2.000000 0.864389 0.720324 0.625768
d1 0.030000 0.047908 3440.000000 2.000000 0.864389 0.720324 0.625775
d1 0.030000 0.047908 3445.000000 2.000000 0.864389 0.720324 0.625782
d1 0.030000 0.047908 3450.000000 2.000000 0.864389 0.720324 0.625788
d1 0.030000 0.047908 3455.000000 2.000000 0.864389 0.720324 0.625795
d1 0.030000 0.047908 3460.000000 2.000000 0.864389 0.720324 0.625801
d1 0.030000 0.047908 3465.000000 2.000000 0.864389 0.720324 0.625808
d1 0.030000 0.047908 3470.000000 2.000000 0.864389 0.720324 0.625814
d1 0.030000 0.047908 3475.000000 2.000000 0.864389 0.720324 0.625821
d1 0.030000 0.047908 3480.000000 2.000000 0.864389 0.720324 0.625827
d1 0.030000 0.047908 3485.000000 2.000000 0.864389 0.720324 0.625833
d1 0.030000 0.047908 3490.000000 2.000000 0.864389 0.720324 0.625839
d1 0.030000 0.047908 3495.000000 2.000000 0.864389 0.720324 0.625845
d1 0.030000 0.047908 3500.000000 2.000000 0.864389 0.720324 0.625851
d1 0.030000 0.047908 3505.000000 2.000000 0.864389 0.720324 0.625857
d1 0.030000 0.047908 3510.000000 2.000000 0.864389 0.720324 0.625863
d1 0.030000 0.047908 3515.000000 2.000000 0.864389 0.720324 0.625869
d1 0.030000 0.047908 3520.000000 2.000000 0.864389 0.720324 0.625875
d1 0.030000 0.047908 3525.000000 2.000000 0.864389 0.720324 0.625880
d1 0.030000 0.047908 3530.000000 2.000000 0.864389 0.720324 0.625886
d1 0.030000 0.047908 3535.000000 2.000000 0.864389 0.720324 0.625891
d1 0.030000 0.047908 3540.000000 2.000000 0.864389 0.720324 0.625897
d1 0.030000 0.047908 3545.000000 2.000000 0.864389 0.720324 0.625902
d1 0.030000 0.047908 3550.000000 2.000000 0.864389 0.720324 0.625908
d1 0.030000 0.047908 3555.000000 2.000000 0.864389 0.720324 0.625913
d1 0.030000 0.047908 3560.000000 2.000000 0.864389 0.720324 0.625918
d1 0.030000 0.047908 3565.000000 2.000000 0.864389 0.720324 0.625923
d1 0.030000 0.047908 3570.000000 2.000000 0.864389 0.720324 0.625928
d1 0.030000 0.047908 3575.000000 2.000000 0.864389 0.720324 0.625933
d1 0.030000 0.047908 3580.000000 2.000000 0.864389 0.720324 0.625938
d1 0.030000 0.047908 3585.000000 2.000000 0.864389 0.720324 0.625943
d1 0.030000 0.047908 3590.000000 2.000000 0.864389 0.720324 0.625948
d1 0.030000 0.047908 3595.000000 2.000000 0.864389 0.720324 0.625953
d1 0.030000 0.047908 3600.000000 2.000000 0.864389 0.720324 0.625958
