HEADER DATE 31-Jul-2017 20:00:01
HEADER RANDSEED 1742150435
Param True_Value Sim_Value Sim_Time Input mRNA foldedP fluo
d1 0.030000 0.190090 0.000000 0.000000 0.000174 0.000145 0.000126
d1 0.030000 0.190090 5.000000 0.000000 0.000174 0.000145 0.000126
d1 0.030000 0.190090 10.000000 0.000000 0.000174 0.000145 0.000126
d1 0.030000 0.190090 15.000000 0.000000 0.000174 0.000145 0.000126
d1 0.030000 0.190090 20.000000 0.000000 0.000174 0.000145 0.000126
d1 0.030000 0.190090 25.000000 0.000000 0.000174 0.000145 0.000126
d1 0.030000 0.190090 30.000000 0.000000 0.000174 0.000145 0.000126
d1 0.030000 0.190090 35.000000 0.000000 0.000174 0.000145 0.000126
d1 0.030000 0.190090 40.000000 0.000000 0.000174 0.000145 0.000126
d1 0.030000 0.190090 45.000000 0.000000 0.000174 0.000145 0.000126
d1 0.030000 0.190090 50.000000 0.000000 0.000174 0.000145 0.000126
d1 0.030000 0.190090 55.000000 0.000000 0.000174 0.000145 0.000126
d1 0.030000 0.190090 60.000000 0.000000 0.000174 0.000145 0.000126
d1 0.030000 0.190090 65.000000 0.000000 0.000174 0.000145 0.000126
d1 0.030000 0.190090 70.000000 0.000000 0.000174 0.000145 0.000126
d1 0.030000 0.190090 75.000000 0.000000 0.000174 0.000145 0.000126
d1 0.030000 0.190090 80.000000 0.000000 0.000174 0.000145 0.000126
d1 0.030000 0.190090 85.000000 0.000000 0.000174 0.000145 0.000126
d1 0.030000 0.190090 90.000000 0.000000 0.000174 0.000145 0.000126
d1 0.030000 0.190090 95.000000 0.000000 0.000174 0.000145 0.000126
d1 0.030000 0.190090 100.000000 0.000000 0.000174 0.000145 0.000126
d1 0.030000 0.190090 105.000000 0.000000 0.000174 0.000145 0.000126
d1 0.030000 0.190090 110.000000 0.000000 0.000174 0.000145 0.000126
d1 0.030000 0.190090 115.000000 0.000000 0.000174 0.000145 0.000126
d1 0.030000 0.190090 120.000000 0.000000 0.000174 0.000145 0.000126
d1 0.030000 0.190090 125.000000 0.000000 0.000174 0.000145 0.000126
d1 0.030000 0.190090 130.000000 0.000000 0.000174 0.000145 0.000126
d1 0.030000 0.190090 135.000000 0.000000 0.000174 0.000145 0.000126
d1 0.030000 0.190090 140.000000 0.000000 0.000174 0.000145 0.000126
d1 0.030000 0.190090 145.000000 0.000000 0.000174 0.000145 0.000126
d1 0.030000 0.190090 150.000000 0.000000 0.000174 0.000145 0.000126
d1 0.030000 0.190090 155.000000 0.000000 0.000174 0.000145 0.000126
d1 0.030000 0.190090 160.000000 0.000000 0.000174 0.000145 0.000126
d1 0.030000 0.190090 165.000000 0.000000 0.000174 0.000145 0.000126
d1 0.030000 0.190090 170.000000 0.000000 0.000174 0.000145 0.000126
d1 0.030000 0.190090 175.000000 0.000000 0.000174 0.000145 0.000126
d1 0.030000 0.190090 180.000000 0.000000 0.000174 0.000145 0.000126
d1 0.030000 0.190090 185.000000 0.000000 0.000174 0.000145 0.000126
d1 0.030000 0.190090 190.000000 0.000000 0.000174 0.000145 0.000126
d1 0.030000 0.190090 195.000000 0.000000 0.000174 0.000145 0.000126
d1 0.030000 0.190090 200.000000 0.000000 0.000174 0.000145 0.000126
d1 0.030000 0.190090 205.000000 0.000000 0.000174 0.000145 0.000126
d1 0.030000 0.190090 210.000000 0.000000 0.000174 0.000145 0.000126
d1 0.030000 0.190090 215.000000 0.000000 0.000174 0.000145 0.000126
d1 0.030000 0.190090 220.000000 0.000000 0.000174 0.000145 0.000126
d1 0.030000 0.190090 225.000000 0.000000 0.000174 0.000145 0.000126
d1 0.030000 0.190090 230.000000 0.000000 0.000174 0.000145 0.000126
d1 0.030000 0.190090 235.000000 0.000000 0.000174 0.000145 0.000126
d1 0.030000 0.190090 240.000000 0.000000 0.000174 0.000145 0.000126
d1 0.030000 0.190090 245.000000 0.000000 0.000174 0.000145 0.000126
d1 0.030000 0.190090 250.000000 0.000000 0.000174 0.000145 0.000126
d1 0.030000 0.190090 255.000000 0.000000 0.000174 0.000145 0.000126
d1 0.030000 0.190090 260.000000 0.000000 0.000174 0.000145 0.000126
d1 0.030000 0.190090 265.000000 0.000000 0.000174 0.000145 0.000126
d1 0.030000 0.190090 270.000000 0.000000 0.000174 0.000145 0.000126
d1 0.030000 0.190090 275.000000 0.000000 0.000174 0.000145 0.000126
d1 0.030000 0.190090 280.000000 0.000000 0.000174 0.000145 0.000126
d1 0.030000 0.190090 285.000000 0.000000 0.000174 0.000145 0.000126
d1 0.030000 0.190090 290.000000 0.000000 0.000174 0.000145 0.000126
d1 0.030000 0.190090 295.000000 0.000000 0.000174 0.000145 0.000126
d1 0.030000 0.190090 300.000000 2.000000 0.000174 0.000145 0.000126
d1 0.030000 0.190090 305.000000 2.000000 0.133705 0.003923 0.000140
d1 0.030000 0.190090 310.000000 2.000000 0.185324 0.011643 0.000214
d1 0.030000 0.190090 315.000000 2.000000 0.205277 0.020524 0.000371
d1 0.030000 0.190090 320.000000 2.000000 0.212991 0.029509 0.000616
d1 0.030000 0.190090 325.000000 2.000000 0.215973 0.038211 0.000946
d1 0.030000 0.190090 330.000000 2.000000 0.217125 0.046499 0.001357
d1 0.030000 0.190090 335.000000 2.000000 0.217571 0.054341 0.001843
d1 0.030000 0.190090 340.000000 2.000000 0.217743 0.061740 0.002399
d1 0.030000 0.190090 345.000000 2.000000 0.217810 0.068713 0.003021
d1 0.030000 0.190090 350.000000 2.000000 0.217836 0.075283 0.003702
d1 0.030000 0.190090 355.000000 2.000000 0.217845 0.081470 0.004440
d1 0.030000 0.190090 360.000000 2.000000 0.217849 0.087298 0.005228
d1 0.030000 0.190090 365.000000 2.000000 0.217851 0.092786 0.006064
d1 0.030000 0.190090 370.000000 2.000000 0.217851 0.097955 0.006943
d1 0.030000 0.190090 375.000000 2.000000 0.217852 0.102823 0.007862
d1 0.030000 0.190090 380.000000 2.000000 0.217852 0.107407 0.008818
d1 0.030000 0.190090 385.000000 2.000000 0.217852 0.111725 0.009807
d1 0.030000 0.190090 390.000000 2.000000 0.217852 0.115790 0.010826
d1 0.030000 0.190090 395.000000 2.000000 0.217852 0.119620 0.011873
d1 0.030000 0.190090 400.000000 2.000000 0.217852 0.123226 0.012944
d1 0.030000 0.190090 405.000000 2.000000 0.217852 0.126622 0.014039
d1 0.030000 0.190090 410.000000 2.000000 0.217852 0.129820 0.015153
d1 0.030000 0.190090 415.000000 2.000000 0.217852 0.132832 0.016286
d1 0.030000 0.190090 420.000000 2.000000 0.217852 0.135669 0.017435
d1 0.030000 0.190090 425.000000 2.000000 0.217852 0.138341 0.018598
d1 0.030000 0.190090 430.000000 2.000000 0.217852 0.140857 0.019773
d1 0.030000 0.190090 435.000000 2.000000 0.217852 0.143226 0.020959
d1 0.030000 0.190090 440.000000 2.000000 0.217852 0.145457 0.022155
d1 0.030000 0.190090 445.000000 2.000000 0.217852 0.147559 0.023359
d1 0.030000 0.190090 450.000000 2.000000 0.217852 0.149538 0.024569
d1 0.030000 0.190090 455.000000 2.000000 0.217852 0.151402 0.025784
d1 0.030000 0.190090 460.000000 2.000000 0.217852 0.153157 0.027003
d1 0.030000 0.190090 465.000000 2.000000 0.217852 0.154810 0.028226
d1 0.030000 0.190090 470.000000 2.000000 0.217852 0.156367 0.029450
d1 0.030000 0.190090 475.000000 2.000000 0.217852 0.157833 0.030675
d1 0.030000 0.190090 480.000000 2.000000 0.217852 0.159214 0.031901
d1 0.030000 0.190090 485.000000 2.000000 0.217852 0.160514 0.033126
d1 0.030000 0.190090 490.000000 2.000000 0.217852 0.161739 0.034349
d1 0.030000 0.190090 495.000000 2.000000 0.217852 0.162892 0.035570
d1 0.030000 0.190090 500.000000 2.000000 0.217852 0.163978 0.036788
d1 0.030000 0.190090 505.000000 2.000000 0.217852 0.165001 0.038003
d1 0.030000 0.190090 510.000000 2.000000 0.217852 0.165965 0.039214
d1 0.030000 0.190090 515.000000 2.000000 0.217852 0.166872 0.040421
d1 0.030000 0.190090 520.000000 2.000000 0.217852 0.167726 0.041622
d1 0.030000 0.190090 525.000000 2.000000 0.217852 0.168531 0.042818
d1 0.030000 0.190090 530.000000 2.000000 0.217852 0.169289 0.044008
d1 0.030000 0.190090 535.000000 2.000000 0.217852 0.170002 0.045191
d1 0.030000 0.190090 540.000000 2.000000 0.217852 0.170674 0.046368
d1 0.030000 0.190090 545.000000 2.000000 0.217852 0.171307 0.047538
d1 0.030000 0.190090 550.000000 2.000000 0.217852 0.171903 0.048701
d1 0.030000 0.190090 555.000000 2.000000 0.217852 0.172465 0.049856
d1 0.030000 0.190090 560.000000 2.000000 0.217852 0.172993 0.051003
d1 0.030000 0.190090 565.000000 2.000000 0.217852 0.173491 0.052143
d1 0.030000 0.190090 570.000000 2.000000 0.217852 0.173960 0.053274
d1 0.030000 0.190090 575.000000 2.000000 0.217852 0.174402 0.054396
d1 0.030000 0.190090 580.000000 2.000000 0.217852 0.174818 0.055511
d1 0.030000 0.190090 585.000000 2.000000 0.217852 0.175209 0.056616
d1 0.030000 0.190090 590.000000 2.000000 0.217852 0.175578 0.057713
d1 0.030000 0.190090 595.000000 2.000000 0.217852 0.175926 0.058800
d1 0.030000 0.190090 600.000000 2.000000 0.217852 0.176253 0.059879
d1 0.030000 0.190090 605.000000 2.000000 0.217852 0.176561 0.060948
d1 0.030000 0.190090 610.000000 2.000000 0.217852 0.176851 0.062008
d1 0.030000 0.190090 615.000000 2.000000 0.217852 0.177124 0.063059
d1 0.030000 0.190090 620.000000 2.000000 0.217852 0.177381 0.064100
d1 0.030000 0.190090 625.000000 2.000000 0.217852 0.177624 0.065132
d1 0.030000 0.190090 630.000000 2.000000 0.217852 0.177852 0.066155
d1 0.030000 0.190090 635.000000 2.000000 0.217852 0.178067 0.067168
d1 0.030000 0.190090 640.000000 2.000000 0.217852 0.178269 0.068171
d1 0.030000 0.190090 645.000000 2.000000 0.217852 0.178460 0.069165
d1 0.030000 0.190090 650.000000 2.000000 0.217852 0.178640 0.070150
d1 0.030000 0.190090 655.000000 2.000000 0.217852 0.178809 0.071124
d1 0.030000 0.190090 660.000000 2.000000 0.217852 0.178968 0.072090
d1 0.030000 0.190090 665.000000 2.000000 0.217852 0.179118 0.073046
d1 0.030000 0.190090 670.000000 2.000000 0.217852 0.179259 0.073992
d1 0.030000 0.190090 675.000000 2.000000 0.217852 0.179392 0.074929
d1 0.030000 0.190090 680.000000 2.000000 0.217852 0.179517 0.075857
d1 0.030000 0.190090 685.000000 2.000000 0.217852 0.179635 0.076775
d1 0.030000 0.190090 690.000000 2.000000 0.217852 0.179746 0.077684
d1 0.030000 0.190090 695.000000 2.000000 0.217852 0.179851 0.078583
d1 0.030000 0.190090 700.000000 2.000000 0.217852 0.179950 0.079473
d1 0.030000 0.190090 705.000000 2.000000 0.217852 0.180042 0.080354
d1 0.030000 0.190090 710.000000 2.000000 0.217852 0.180130 0.081226
d1 0.030000 0.190090 715.000000 2.000000 0.217852 0.180212 0.082089
d1 0.030000 0.190090 720.000000 2.000000 0.217852 0.180290 0.082942
d1 0.030000 0.190090 725.000000 2.000000 0.217852 0.180363 0.083787
d1 0.030000 0.190090 730.000000 2.000000 0.217852 0.180431 0.084622
d1 0.030000 0.190090 735.000000 2.000000 0.217852 0.180496 0.085449
d1 0.030000 0.190090 740.000000 2.000000 0.217852 0.180557 0.086267
d1 0.030000 0.190090 745.000000 2.000000 0.217852 0.180615 0.087076
d1 0.030000 0.190090 750.000000 2.000000 0.217852 0.180669 0.087876
d1 0.030000 0.190090 755.000000 2.000000 0.217852 0.180720 0.088668
d1 0.030000 0.190090 760.000000 2.000000 0.217852 0.180768 0.089452
d1 0.030000 0.190090 765.000000 2.000000 0.217852 0.180813 0.090226
d1 0.030000 0.190090 770.000000 2.000000 0.217852 0.180855 0.090993
d1 0.030000 0.190090 775.000000 2.000000 0.217852 0.180895 0.091751
d1 0.030000 0.190090 780.000000 2.000000 0.217852 0.180933 0.092500
d1 0.030000 0.190090 785.000000 2.000000 0.217852 0.180969 0.093242
d1 0.030000 0.190090 790.000000 2.000000 0.217852 0.181002 0.093975
d1 0.030000 0.190090 795.000000 2.000000 0.217852 0.181034 0.094700
d1 0.030000 0.190090 800.000000 2.000000 0.217852 0.181063 0.095418
d1 0.030000 0.190090 805.000000 2.000000 0.217852 0.181091 0.096127
d1 0.030000 0.190090 810.000000 2.000000 0.217852 0.181118 0.096829
d1 0.030000 0.190090 815.000000 2.000000 0.217852 0.181142 0.097522
d1 0.030000 0.190090 820.000000 2.000000 0.217852 0.181166 0.098208
d1 0.030000 0.190090 825.000000 2.000000 0.217852 0.181188 0.098887
d1 0.030000 0.190090 830.000000 2.000000 0.217852 0.181208 0.099558
d1 0.030000 0.190090 835.000000 2.000000 0.217852 0.181228 0.100221
d1 0.030000 0.190090 840.000000 2.000000 0.217852 0.181246 0.100877
d1 0.030000 0.190090 845.000000 2.000000 0.217852 0.181264 0.101526
d1 0.030000 0.190090 850.000000 2.000000 0.217852 0.181280 0.102168
d1 0.030000 0.190090 855.000000 2.000000 0.217852 0.181295 0.102802
d1 0.030000 0.190090 860.000000 2.000000 0.217852 0.181310 0.103429
d1 0.030000 0.190090 865.000000 2.000000 0.217852 0.181323 0.104049
d1 0.030000 0.190090 870.000000 2.000000 0.217852 0.181336 0.104662
d1 0.030000 0.190090 875.000000 2.000000 0.217852 0.181348 0.105269
d1 0.030000 0.190090 880.000000 2.000000 0.217852 0.181359 0.105868
d1 0.030000 0.190090 885.000000 2.000000 0.217852 0.181370 0.106461
d1 0.030000 0.190090 890.000000 2.000000 0.217852 0.181380 0.107047
d1 0.030000 0.190090 895.000000 2.000000 0.217852 0.181390 0.107627
d1 0.030000 0.190090 900.000000 2.000000 0.217852 0.181399 0.108199
d1 0.030000 0.190090 905.000000 2.000000 0.217852 0.181407 0.108766
d1 0.030000 0.190090 910.000000 2.000000 0.217852 0.181415 0.109326
d1 0.030000 0.190090 915.000000 2.000000 0.217852 0.181422 0.109880
d1 0.030000 0.190090 920.000000 2.000000 0.217852 0.181429 0.110427
d1 0.030000 0.190090 925.000000 2.000000 0.217852 0.181436 0.110969
d1 0.030000 0.190090 930.000000 2.000000 0.217852 0.181442 0.111504
d1 0.030000 0.190090 935.000000 2.000000 0.217852 0.181448 0.112033
d1 0.030000 0.190090 940.000000 2.000000 0.217852 0.181454 0.112556
d1 0.030000 0.190090 945.000000 2.000000 0.217852 0.181459 0.113073
d1 0.030000 0.190090 950.000000 2.000000 0.217852 0.181464 0.113584
d1 0.030000 0.190090 955.000000 2.000000 0.217852 0.181468 0.114090
d1 0.030000 0.190090 960.000000 2.000000 0.217852 0.181473 0.114590
d1 0.030000 0.190090 965.000000 2.000000 0.217852 0.181477 0.115084
d1 0.030000 0.190090 970.000000 2.000000 0.217852 0.181481 0.115572
d1 0.030000 0.190090 975.000000 2.000000 0.217852 0.181484 0.116055
d1 0.030000 0.190090 980.000000 2.000000 0.217852 0.181488 0.116533
d1 0.030000 0.190090 985.000000 2.000000 0.217852 0.181491 0.117005
d1 0.030000 0.190090 990.000000 2.000000 0.217852 0.181494 0.117472
d1 0.030000 0.190090 995.000000 2.000000 0.217852 0.181497 0.117933
d1 0.030000 0.190090 1000.000000 2.000000 0.217852 0.181500 0.118389
d1 0.030000 0.190090 1005.000000 2.000000 0.217852 0.181502 0.118840
d1 0.030000 0.190090 1010.000000 2.000000 0.217852 0.181505 0.119286
d1 0.030000 0.190090 1015.000000 2.000000 0.217852 0.181507 0.119727
d1 0.030000 0.190090 1020.000000 2.000000 0.217852 0.181509 0.120162
d1 0.030000 0.190090 1025.000000 2.000000 0.217852 0.181511 0.120593
d1 0.030000 0.190090 1030.000000 2.000000 0.217852 0.181513 0.121019
d1 0.030000 0.190090 1035.000000 2.000000 0.217852 0.181515 0.121440
d1 0.030000 0.190090 1040.000000 2.000000 0.217852 0.181516 0.121856
d1 0.030000 0.190090 1045.000000 2.000000 0.217852 0.181518 0.122268
d1 0.030000 0.190090 1050.000000 2.000000 0.217852 0.181519 0.122674
d1 0.030000 0.190090 1055.000000 2.000000 0.217852 0.181521 0.123076
d1 0.030000 0.190090 1060.000000 2.000000 0.217852 0.181522 0.123474
d1 0.030000 0.190090 1065.000000 2.000000 0.217852 0.181523 0.123867
d1 0.030000 0.190090 1070.000000 2.000000 0.217852 0.181524 0.124256
d1 0.030000 0.190090 1075.000000 2.000000 0.217852 0.181526 0.124640
d1 0.030000 0.190090 1080.000000 2.000000 0.217852 0.181527 0.125019
d1 0.030000 0.190090 1085.000000 2.000000 0.217852 0.181528 0.125395
d1 0.030000 0.190090 1090.000000 2.000000 0.217852 0.181528 0.125766
d1 0.030000 0.190090 1095.000000 2.000000 0.217852 0.181529 0.126133
d1 0.030000 0.190090 1100.000000 2.000000 0.217852 0.181530 0.126495
d1 0.030000 0.190090 1105.000000 2.000000 0.217852 0.181531 0.126854
d1 0.030000 0.190090 1110.000000 2.000000 0.217852 0.181532 0.127208
d1 0.030000 0.190090 1115.000000 2.000000 0.217852 0.181532 0.127559
d1 0.030000 0.190090 1120.000000 2.000000 0.217852 0.181533 0.127905
d1 0.030000 0.190090 1125.000000 2.000000 0.217852 0.181533 0.128248
d1 0.030000 0.190090 1130.000000 2.000000 0.217852 0.181534 0.128586
d1 0.030000 0.190090 1135.000000 2.000000 0.217852 0.181535 0.128921
d1 0.030000 0.190090 1140.000000 2.000000 0.217852 0.181535 0.129252
d1 0.030000 0.190090 1145.000000 2.000000 0.217852 0.181536 0.129579
d1 0.030000 0.190090 1150.000000 2.000000 0.217852 0.181536 0.129902
d1 0.030000 0.190090 1155.000000 2.000000 0.217852 0.181536 0.130222
d1 0.030000 0.190090 1160.000000 2.000000 0.217852 0.181537 0.130538
d1 0.030000 0.190090 1165.000000 2.000000 0.217852 0.181537 0.130850
d1 0.030000 0.190090 1170.000000 2.000000 0.217852 0.181538 0.131159
d1 0.030000 0.190090 1175.000000 2.000000 0.217852 0.181538 0.131464
d1 0.030000 0.190090 1180.000000 2.000000 0.217852 0.181538 0.131766
d1 0.030000 0.190090 1185.000000 2.000000 0.217852 0.181538 0.132064
d1 0.030000 0.190090 1190.000000 2.000000 0.217852 0.181539 0.132359
d1 0.030000 0.190090 1195.000000 2.000000 0.217852 0.181539 0.132651
d1 0.030000 0.190090 1200.000000 2.000000 0.217852 0.181539 0.132939
d1 0.030000 0.190090 1205.000000 2.000000 0.217852 0.181539 0.133224
d1 0.030000 0.190090 1210.000000 2.000000 0.217852 0.181540 0.133506
d1 0.030000 0.190090 1215.000000 2.000000 0.217852 0.181540 0.133784
d1 0.030000 0.190090 1220.000000 2.000000 0.217852 0.181540 0.134060
d1 0.030000 0.190090 1225.000000 2.000000 0.217852 0.181540 0.134332
d1 0.030000 0.190090 1230.000000 2.000000 0.217852 0.181540 0.134601
d1 0.030000 0.190090 1235.000000 2.000000 0.217852 0.181541 0.134867
d1 0.030000 0.190090 1240.000000 2.000000 0.217852 0.181541 0.135130
d1 0.030000 0.190090 1245.000000 2.000000 0.217852 0.181541 0.135390
d1 0.030000 0.190090 1250.000000 2.000000 0.217852 0.181541 0.135647
d1 0.030000 0.190090 1255.000000 2.000000 0.217852 0.181541 0.135901
d1 0.030000 0.190090 1260.000000 2.000000 0.217852 0.181541 0.136152
d1 0.030000 0.190090 1265.000000 2.000000 0.217852 0.181541 0.136400
d1 0.030000 0.190090 1270.000000 2.000000 0.217852 0.181542 0.136645
d1 0.030000 0.190090 1275.000000 2.000000 0.217852 0.181542 0.136888
d1 0.030000 0.190090 1280.000000 2.000000 0.217852 0.181542 0.137128
d1 0.030000 0.190090 1285.000000 2.000000 0.217852 0.181542 0.137365
d1 0.030000 0.190090 1290.000000 2.000000 0.217852 0.181542 0.137599
d1 0.030000 0.190090 1295.000000 2.000000 0.217852 0.181542 0.137831
d1 0.030000 0.190090 1300.000000 2.000000 0.217852 0.181542 0.138060
d1 0.030000 0.190090 1305.000000 2.000000 0.217852 0.181542 0.138286
d1 0.030000 0.190090 1310.000000 2.000000 0.217852 0.181542 0.138510
d1 0.030000 0.190090 1315.000000 2.000000 0.217852 0.181542 0.138731
d1 0.030000 0.190090 1320.000000 2.000000 0.217852 0.181542 0.138950
d1 0.030000 0.190090 1325.000000 2.000000 0.217852 0.181542 0.139166
d1 0.030000 0.190090 1330.000000 2.000000 0.217852 0.181542 0.139380
d1 0.030000 0.190090 1335.000000 2.000000 0.217852 0.181542 0.139592
d1 0.030000 0.190090 1340.000000 2.000000 0.217852 0.181542 0.139800
d1 0.030000 0.190090 1345.000000 2.000000 0.217852 0.181543 0.140007
d1 0.030000 0.190090 1350.000000 2.000000 0.217852 0.181543 0.140211
d1 0.030000 0.190090 1355.000000 2.000000 0.217852 0.181543 0.140413
d1 0.030000 0.190090 1360.000000 2.000000 0.217852 0.181543 0.140613
d1 0.030000 0.190090 1365.000000 2.000000 0.217852 0.181543 0.140810
d1 0.030000 0.190090 1370.000000 2.000000 0.217852 0.181543 0.141005
d1 0.030000 0.190090 1375.000000 2.000000 0.217852 0.181543 0.141198
d1 0.030000 0.190090 1380.000000 2.000000 0.217852 0.181543 0.141388
d1 0.030000 0.190090 1385.000000 2.000000 0.217852 0.181543 0.141576
d1 0.030000 0.190090 1390.000000 2.000000 0.217852 0.181543 0.141763
d1 0.030000 0.190090 1395.000000 2.000000 0.217852 0.181543 0.141947
d1 0.030000 0.190090 1400.000000 2.000000 0.217852 0.181543 0.142129
d1 0.030000 0.190090 1405.000000 2.000000 0.217852 0.181543 0.142309
d1 0.030000 0.190090 1410.000000 2.000000 0.217852 0.181543 0.142487
d1 0.030000 0.190090 1415.000000 2.000000 0.217852 0.181543 0.142662
d1 0.030000 0.190090 1420.000000 2.000000 0.217852 0.181543 0.142836
d1 0.030000 0.190090 1425.000000 2.000000 0.217852 0.181543 0.143008
d1 0.030000 0.190090 1430.000000 2.000000 0.217852 0.181543 0.143178
d1 0.030000 0.190090 1435.000000 2.000000 0.217852 0.181543 0.143346
d1 0.030000 0.190090 1440.000000 2.000000 0.217852 0.181543 0.143512
d1 0.030000 0.190090 1445.000000 2.000000 0.217852 0.181543 0.143676
d1 0.030000 0.190090 1450.000000 2.000000 0.217852 0.181543 0.143838
d1 0.030000 0.190090 1455.000000 2.000000 0.217852 0.181543 0.143998
d1 0.030000 0.190090 1460.000000 2.000000 0.217852 0.181543 0.144157
d1 0.030000 0.190090 1465.000000 2.000000 0.217852 0.181543 0.144314
d1 0.030000 0.190090 1470.000000 2.000000 0.217852 0.181543 0.144469
d1 0.030000 0.190090 1475.000000 2.000000 0.217852 0.181543 0.144622
d1 0.030000 0.190090 1480.000000 2.000000 0.217852 0.181543 0.144773
d1 0.030000 0.190090 1485.000000 2.000000 0.217852 0.181543 0.144923
d1 0.030000 0.190090 1490.000000 2.000000 0.217852 0.181543 0.145071
d1 0.030000 0.190090 1495.000000 2.000000 0.217852 0.181543 0.145217
d1 0.030000 0.190090 1500.000000 2.000000 0.217852 0.181543 0.145362
d1 0.030000 0.190090 1505.000000 2.000000 0.217852 0.181543 0.145505
d1 0.030000 0.190090 1510.000000 2.000000 0.217852 0.181543 0.145646
d1 0.030000 0.190090 1515.000000 2.000000 0.217852 0.181543 0.145786
d1 0.030000 0.190090 1520.000000 2.000000 0.217852 0.181543 0.145924
d1 0.030000 0.190090 1525.000000 2.000000 0.217852 0.181543 0.146060
d1 0.030000 0.190090 1530.000000 2.000000 0.217852 0.181543 0.146195
d1 0.030000 0.190090 1535.000000 2.000000 0.217852 0.181543 0.146329
d1 0.030000 0.190090 1540.000000 2.000000 0.217852 0.181543 0.146460
d1 0.030000 0.190090 1545.000000 2.000000 0.217852 0.181543 0.146591
d1 0.030000 0.190090 1550.000000 2.000000 0.217852 0.181543 0.146720
d1 0.030000 0.190090 1555.000000 2.000000 0.217852 0.181543 0.146847
d1 0.030000 0.190090 1560.000000 2.000000 0.217852 0.181543 0.146973
d1 0.030000 0.190090 1565.000000 2.000000 0.217852 0.181543 0.147098
d1 0.030000 0.190090 1570.000000 2.000000 0.217852 0.181543 0.147221
d1 0.030000 0.190090 1575.000000 2.000000 0.217852 0.181543 0.147342
d1 0.030000 0.190090 1580.000000 2.000000 0.217852 0.181543 0.147463
d1 0.030000 0.190090 1585.000000 2.000000 0.217852 0.181543 0.147582
d1 0.030000 0.190090 1590.000000 2.000000 0.217852 0.181543 0.147699
d1 0.030000 0.190090 1595.000000 2.000000 0.217852 0.181543 0.147815
d1 0.030000 0.190090 1600.000000 2.000000 0.217852 0.181543 0.147930
d1 0.030000 0.190090 1605.000000 2.000000 0.217852 0.181543 0.148044
d1 0.030000 0.190090 1610.000000 2.000000 0.217852 0.181543 0.148156
d1 0.030000 0.190090 1615.000000 2.000000 0.217852 0.181543 0.148267
d1 0.030000 0.190090 1620.000000 2.000000 0.217852 0.181543 0.148377
d1 0.030000 0.190090 1625.000000 2.000000 0.217852 0.181543 0.148485
d1 0.030000 0.190090 1630.000000 2.000000 0.217852 0.181543 0.148593
d1 0.030000 0.190090 1635.000000 2.000000 0.217852 0.181543 0.148699
d1 0.030000 0.190090 1640.000000 2.000000 0.217852 0.181543 0.148803
d1 0.030000 0.190090 1645.000000 2.000000 0.217852 0.181543 0.148907
d1 0.030000 0.190090 1650.000000 2.000000 0.217852 0.181543 0.149009
d1 0.030000 0.190090 1655.000000 2.000000 0.217852 0.181543 0.149111
d1 0.030000 0.190090 1660.000000 2.000000 0.217852 0.181543 0.149211
d1 0.030000 0.190090 1665.000000 2.000000 0.217852 0.181543 0.149310
d1 0.030000 0.190090 1670.000000 2.000000 0.217852 0.181543 0.149407
d1 0.030000 0.190090 1675.000000 2.000000 0.217852 0.181543 0.149504
d1 0.030000 0.190090 1680.000000 2.000000 0.217852 0.181543 0.149600
d1 0.030000 0.190090 1685.000000 2.000000 0.217852 0.181543 0.149694
d1 0.030000 0.190090 1690.000000 2.000000 0.217852 0.181543 0.149788
d1 0.030000 0.190090 1695.000000 2.000000 0.217852 0.181543 0.149880
d1 0.030000 0.190090 1700.000000 2.000000 0.217852 0.181543 0.149971
d1 0.030000 0.190090 1705.000000 2.000000 0.217852 0.181543 0.150061
d1 0.030000 0.190090 1710.000000 2.000000 0.217852 0.181543 0.150151
d1 0.030000 0.190090 1715.000000 2.000000 0.217852 0.181543 0.150239
d1 0.030000 0.190090 1720.000000 2.000000 0.217852 0.181543 0.150326
d1 0.030000 0.190090 1725.000000 2.000000 0.217852 0.181543 0.150412
d1 0.030000 0.190090 1730.000000 2.000000 0.217852 0.181543 0.150497
d1 0.030000 0.190090 1735.000000 2.000000 0.217852 0.181543 0.150582
d1 0.030000 0.190090 1740.000000 2.000000 0.217852 0.181543 0.150665
d1 0.030000 0.190090 1745.000000 2.000000 0.217852 0.181543 0.150747
d1 0.030000 0.190090 1750.000000 2.000000 0.217852 0.181543 0.150829
d1 0.030000 0.190090 1755.000000 2.000000 0.217852 0.181543 0.150909
d1 0.030000 0.190090 1760.000000 2.000000 0.217852 0.181543 0.150989
d1 0.030000 0.190090 1765.000000 2.000000 0.217852 0.181543 0.151067
d1 0.030000 0.190090 1770.000000 2.000000 0.217852 0.181543 0.151145
d1 0.030000 0.190090 1775.000000 2.000000 0.217852 0.181543 0.151222
d1 0.030000 0.190090 1780.000000 2.000000 0.217852 0.181543 0.151298
d1 0.030000 0.190090 1785.000000 2.000000 0.217852 0.181543 0.151373
d1 0.030000 0.190090 1790.000000 2.000000 0.217852 0.181543 0.151447
d1 0.030000 0.190090 1795.000000 2.000000 0.217852 0.181543 0.151520
d1 0.030000 0.190090 1800.000000 2.000000 0.217852 0.181543 0.151593
d1 0.030000 0.190090 1805.000000 2.000000 0.217852 0.181543 0.151664
d1 0.030000 0.190090 1810.000000 2.000000 0.217852 0.181543 0.151735
d1 0.030000 0.190090 1815.000000 2.000000 0.217852 0.181543 0.151805
d1 0.030000 0.190090 1820.000000 2.000000 0.217852 0.181543 0.151875
d1 0.030000 0.190090 1825.000000 2.000000 0.217852 0.181543 0.151943
d1 0.030000 0.190090 1830.000000 2.000000 0.217852 0.181543 0.152011
d1 0.030000 0.190090 1835.000000 2.000000 0.217852 0.181543 0.152078
d1 0.030000 0.190090 1840.000000 2.000000 0.217852 0.181543 0.152144
d1 0.030000 0.190090 1845.000000 2.000000 0.217852 0.181543 0.152209
d1 0.030000 0.190090 1850.000000 2.000000 0.217852 0.181543 0.152274
d1 0.030000 0.190090 1855.000000 2.000000 0.217852 0.181543 0.152338
d1 0.030000 0.190090 1860.000000 2.000000 0.217852 0.181543 0.152401
d1 0.030000 0.190090 1865.000000 2.000000 0.217852 0.181543 0.152464
d1 0.030000 0.190090 1870.000000 2.000000 0.217852 0.181543 0.152525
d1 0.030000 0.190090 1875.000000 2.000000 0.217852 0.181543 0.152586
d1 0.030000 0.190090 1880.000000 2.000000 0.217852 0.181543 0.152647
d1 0.030000 0.190090 1885.000000 2.000000 0.217852 0.181543 0.152706
d1 0.030000 0.190090 1890.000000 2.000000 0.217852 0.181543 0.152765
d1 0.030000 0.190090 1895.000000 2.000000 0.217852 0.181543 0.152824
d1 0.030000 0.190090 1900.000000 2.000000 0.217852 0.181543 0.152881
d1 0.030000 0.190090 1905.000000 2.000000 0.217852 0.181543 0.152938
d1 0.030000 0.190090 1910.000000 2.000000 0.217852 0.181543 0.152994
d1 0.030000 0.190090 1915.000000 2.000000 0.217852 0.181543 0.153050
d1 0.030000 0.190090 1920.000000 2.000000 0.217852 0.181543 0.153105
d1 0.030000 0.190090 1925.000000 2.000000 0.217852 0.181543 0.153160
d1 0.030000 0.190090 1930.000000 2.000000 0.217852 0.181543 0.153213
d1 0.030000 0.190090 1935.000000 2.000000 0.217852 0.181543 0.153267
d1 0.030000 0.190090 1940.000000 2.000000 0.217852 0.181543 0.153319
d1 0.030000 0.190090 1945.000000 2.000000 0.217852 0.181543 0.153371
d1 0.030000 0.190090 1950.000000 2.000000 0.217852 0.181543 0.153422
d1 0.030000 0.190090 1955.000000 2.000000 0.217852 0.181543 0.153473
d1 0.030000 0.190090 1960.000000 2.000000 0.217852 0.181543 0.153523
d1 0.030000 0.190090 1965.000000 2.000000 0.217852 0.181543 0.153573
d1 0.030000 0.190090 1970.000000 2.000000 0.217852 0.181543 0.153622
d1 0.030000 0.190090 1975.000000 2.000000 0.217852 0.181543 0.153671
d1 0.030000 0.190090 1980.000000 2.000000 0.217852 0.181543 0.153719
d1 0.030000 0.190090 1985.000000 2.000000 0.217852 0.181543 0.153766
d1 0.030000 0.190090 1990.000000 2.000000 0.217852 0.181543 0.153813
d1 0.030000 0.190090 1995.000000 2.000000 0.217852 0.181543 0.153859
d1 0.030000 0.190090 2000.000000 2.000000 0.217852 0.181543 0.153905
d1 0.030000 0.190090 2005.000000 2.000000 0.217852 0.181543 0.153950
d1 0.030000 0.190090 2010.000000 2.000000 0.217852 0.181543 0.153995
d1 0.030000 0.190090 2015.000000 2.000000 0.217852 0.181543 0.154039
d1 0.030000 0.190090 2020.000000 2.000000 0.217852 0.181543 0.154083
d1 0.030000 0.190090 2025.000000 2.000000 0.217852 0.181543 0.154126
d1 0.030000 0.190090 2030.000000 2.000000 0.217852 0.181543 0.154169
d1 0.030000 0.190090 2035.000000 2.000000 0.217852 0.181543 0.154211
d1 0.030000 0.190090 2040.000000 2.000000 0.217852 0.181543 0.154253
d1 0.030000 0.190090 2045.000000 2.000000 0.217852 0.181543 0.154294
d1 0.030000 0.190090 2050.000000 2.000000 0.217852 0.181543 0.154335
d1 0.030000 0.190090 2055.000000 2.000000 0.217852 0.181543 0.154375
d1 0.030000 0.190090 2060.000000 2.000000 0.217852 0.181543 0.154415
d1 0.030000 0.190090 2065.000000 2.000000 0.217852 0.181543 0.154455
d1 0.030000 0.190090 2070.000000 2.000000 0.217852 0.181543 0.154494
d1 0.030000 0.190090 2075.000000 2.000000 0.217852 0.181543 0.154532
d1 0.030000 0.190090 2080.000000 2.000000 0.217852 0.181543 0.154570
d1 0.030000 0.190090 2085.000000 2.000000 0.217852 0.181543 0.154608
d1 0.030000 0.190090 2090.000000 2.000000 0.217852 0.181543 0.154645
d1 0.030000 0.190090 2095.000000 2.000000 0.217852 0.181543 0.154682
d1 0.030000 0.190090 2100.000000 2.000000 0.217852 0.181543 0.154718
d1 0.030000 0.190090 2105.000000 2.000000 0.217852 0.181543 0.154754
d1 0.030000 0.190090 2110.000000 2.000000 0.217852 0.181543 0.154790
d1 0.030000 0.190090 2115.000000 2.000000 0.217852 0.181543 0.154825
d1 0.030000 0.190090 2120.000000 2.000000 0.217852 0.181543 0.154860
d1 0.030000 0.190090 2125.000000 2.000000 0.217852 0.181543 0.154894
d1 0.030000 0.190090 2130.000000 2.000000 0.217852 0.181543 0.154928
d1 0.030000 0.190090 2135.000000 2.000000 0.217852 0.181543 0.154962
d1 0.030000 0.190090 2140.000000 2.000000 0.217852 0.181543 0.154995
d1 0.030000 0.190090 2145.000000 2.000000 0.217852 0.181543 0.155028
d1 0.030000 0.190090 2150.000000 2.000000 0.217852 0.181543 0.155060
d1 0.030000 0.190090 2155.000000 2.000000 0.217852 0.181543 0.155092
d1 0.030000 0.190090 2160.000000 2.000000 0.217852 0.181543 0.155124
d1 0.030000 0.190090 2165.000000 2.000000 0.217852 0.181543 0.155155
d1 0.030000 0.190090 2170.000000 2.000000 0.217852 0.181543 0.155186
d1 0.030000 0.190090 2175.000000 2.000000 0.217852 0.181543 0.155217
d1 0.030000 0.190090 2180.000000 2.000000 0.217852 0.181543 0.155247
d1 0.030000 0.190090 2185.000000 2.000000 0.217852 0.181543 0.155277
d1 0.030000 0.190090 2190.000000 2.000000 0.217852 0.181543 0.155306
d1 0.030000 0.190090 2195.000000 2.000000 0.217852 0.181543 0.155336
d1 0.030000 0.190090 2200.000000 2.000000 0.217852 0.181543 0.155365
d1 0.030000 0.190090 2205.000000 2.000000 0.217852 0.181543 0.155393
d1 0.030000 0.190090 2210.000000 2.000000 0.217852 0.181543 0.155421
d1 0.030000 0.190090 2215.000000 2.000000 0.217852 0.181543 0.155449
d1 0.030000 0.190090 2220.000000 2.000000 0.217852 0.181543 0.155477
d1 0.030000 0.190090 2225.000000 2.000000 0.217852 0.181543 0.155504
d1 0.030000 0.190090 2230.000000 2.000000 0.217852 0.181543 0.155531
d1 0.030000 0.190090 2235.000000 2.000000 0.217852 0.181543 0.155558
d1 0.030000 0.190090 2240.000000 2.000000 0.217852 0.181543 0.155584
d1 0.030000 0.190090 2245.000000 2.000000 0.217852 0.181543 0.155610
d1 0.030000 0.190090 2250.000000 2.000000 0.217852 0.181543 0.155636
d1 0.030000 0.190090 2255.000000 2.000000 0.217852 0.181543 0.155662
d1 0.030000 0.190090 2260.000000 2.000000 0.217852 0.181543 0.155687
d1 0.030000 0.190090 2265.000000 2.000000 0.217852 0.181543 0.155712
d1 0.030000 0.190090 2270.000000 2.000000 0.217852 0.181543 0.155736
d1 0.030000 0.190090 2275.000000 2.000000 0.217852 0.181543 0.155761
d1 0.030000 0.190090 2280.000000 2.000000 0.217852 0.181543 0.155785
d1 0.030000 0.190090 2285.000000 2.000000 0.217852 0.181543 0.155808
d1 0.030000 0.190090 2290.000000 2.000000 0.217852 0.181543 0.155832
d1 0.030000 0.190090 2295.000000 2.000000 0.217852 0.181543 0.155855
d1 0.030000 0.190090 2300.000000 2.000000 0.217852 0.181543 0.155878
d1 0.030000 0.190090 2305.000000 2.000000 0.217852 0.181543 0.155901
d1 0.030000 0.190090 2310.000000 2.000000 0.217852 0.181543 0.155923
d1 0.030000 0.190090 2315.000000 2.000000 0.217852 0.181543 0.155945
d1 0.030000 0.190090 2320.000000 2.000000 0.217852 0.181543 0.155967
d1 0.030000 0.190090 2325.000000 2.000000 0.217852 0.181543 0.155989
d1 0.030000 0.190090 2330.000000 2.000000 0.217852 0.181543 0.156010
d1 0.030000 0.190090 2335.000000 2.000000 0.217852 0.181543 0.156032
d1 0.030000 0.190090 2340.000000 2.000000 0.217852 0.181543 0.156053
d1 0.030000 0.190090 2345.000000 2.000000 0.217852 0.181543 0.156073
d1 0.030000 0.190090 2350.000000 2.000000 0.217852 0.181543 0.156094
d1 0.030000 0.190090 2355.000000 2.000000 0.217852 0.181543 0.156114
d1 0.030000 0.190090 2360.000000 2.000000 0.217852 0.181543 0.156134
d1 0.030000 0.190090 2365.000000 2.000000 0.217852 0.181543 0.156154
d1 0.030000 0.190090 2370.000000 2.000000 0.217852 0.181543 0.156173
d1 0.030000 0.190090 2375.000000 2.000000 0.217852 0.181543 0.156193
d1 0.030000 0.190090 2380.000000 2.000000 0.217852 0.181543 0.156212
d1 0.030000 0.190090 2385.000000 2.000000 0.217852 0.181543 0.156231
d1 0.030000 0.190090 2390.000000 2.000000 0.217852 0.181543 0.156249
d1 0.030000 0.190090 2395.000000 2.000000 0.217852 0.181543 0.156268
d1 0.030000 0.190090 2400.000000 2.000000 0.217852 0.181543 0.156286
d1 0.030000 0.190090 2405.000000 2.000000 0.217852 0.181543 0.156304
d1 0.030000 0.190090 2410.000000 2.000000 0.217852 0.181543 0.156322
d1 0.030000 0.190090 2415.000000 2.000000 0.217852 0.181543 0.156340
d1 0.030000 0.190090 2420.000000 2.000000 0.217852 0.181543 0.156357
d1 0.030000 0.190090 2425.000000 2.000000 0.217852 0.181543 0.156374
d1 0.030000 0.190090 2430.000000 2.000000 0.217852 0.181543 0.156391
d1 0.030000 0.190090 2435.000000 2.000000 0.217852 0.181543 0.156408
d1 0.030000 0.190090 2440.000000 2.000000 0.217852 0.181543 0.156425
d1 0.030000 0.190090 2445.000000 2.000000 0.217852 0.181543 0.156441
d1 0.030000 0.190090 2450.000000 2.000000 0.217852 0.181543 0.156457
d1 0.030000 0.190090 2455.000000 2.000000 0.217852 0.181543 0.156473
d1 0.030000 0.190090 2460.000000 2.000000 0.217852 0.181543 0.156489
d1 0.030000 0.190090 2465.000000 2.000000 0.217852 0.181543 0.156505
d1 0.030000 0.190090 2470.000000 2.000000 0.217852 0.181543 0.156521
d1 0.030000 0.190090 2475.000000 2.000000 0.217852 0.181543 0.156536
d1 0.030000 0.190090 2480.000000 2.000000 0.217852 0.181543 0.156551
d1 0.030000 0.190090 2485.000000 2.000000 0.217852 0.181543 0.156566
d1 0.030000 0.190090 2490.000000 2.000000 0.217852 0.181543 0.156581
d1 0.030000 0.190090 2495.000000 2.000000 0.217852 0.181543 0.156596
d1 0.030000 0.190090 2500.000000 2.000000 0.217852 0.181543 0.156610
d1 0.030000 0.190090 2505.000000 2.000000 0.217852 0.181543 0.156625
d1 0.030000 0.190090 2510.000000 2.000000 0.217852 0.181543 0.156639
d1 0.030000 0.190090 2515.000000 2.000000 0.217852 0.181543 0.156653
d1 0.030000 0.190090 2520.000000 2.000000 0.217852 0.181543 0.156667
d1 0.030000 0.190090 2525.000000 2.000000 0.217852 0.181543 0.156680
d1 0.030000 0.190090 2530.000000 2.000000 0.217852 0.181543 0.156694
d1 0.030000 0.190090 2535.000000 2.000000 0.217852 0.181543 0.156707
d1 0.030000 0.190090 2540.000000 2.000000 0.217852 0.181543 0.156720
d1 0.030000 0.190090 2545.000000 2.000000 0.217852 0.181543 0.156733
d1 0.030000 0.190090 2550.000000 2.000000 0.217852 0.181543 0.156746
d1 0.030000 0.190090 2555.000000 2.000000 0.217852 0.181543 0.156759
d1 0.030000 0.190090 2560.000000 2.000000 0.217852 0.181543 0.156772
d1 0.030000 0.190090 2565.000000 2.000000 0.217852 0.181543 0.156784
d1 0.030000 0.190090 2570.000000 2.000000 0.217852 0.181543 0.156797
d1 0.030000 0.190090 2575.000000 2.000000 0.217852 0.181543 0.156809
d1 0.030000 0.190090 2580.000000 2.000000 0.217852 0.181543 0.156821
d1 0.030000 0.190090 2585.000000 2.000000 0.217852 0.181543 0.156833
d1 0.030000 0.190090 2590.000000 2.000000 0.217852 0.181543 0.156845
d1 0.030000 0.190090 2595.000000 2.000000 0.217852 0.181543 0.156856
d1 0.030000 0.190090 2600.000000 2.000000 0.217852 0.181543 0.156868
d1 0.030000 0.190090 2605.000000 2.000000 0.217852 0.181543 0.156879
d1 0.030000 0.190090 2610.000000 2.000000 0.217852 0.181543 0.156890
d1 0.030000 0.190090 2615.000000 2.000000 0.217852 0.181543 0.156902
d1 0.030000 0.190090 2620.000000 2.000000 0.217852 0.181543 0.156913
d1 0.030000 0.190090 2625.000000 2.000000 0.217852 0.181543 0.156923
d1 0.030000 0.190090 2630.000000 2.000000 0.217852 0.181543 0.156934
d1 0.030000 0.190090 2635.000000 2.000000 0.217852 0.181543 0.156945
d1 0.030000 0.190090 2640.000000 2.000000 0.217852 0.181543 0.156955
d1 0.030000 0.190090 2645.000000 2.000000 0.217852 0.181543 0.156966
d1 0.030000 0.190090 2650.000000 2.000000 0.217852 0.181543 0.156976
d1 0.030000 0.190090 2655.000000 2.000000 0.217852 0.181543 0.156986
d1 0.030000 0.190090 2660.000000 2.000000 0.217852 0.181543 0.156996
d1 0.030000 0.190090 2665.000000 2.000000 0.217852 0.181543 0.157006
d1 0.030000 0.190090 2670.000000 2.000000 0.217852 0.181543 0.157016
d1 0.030000 0.190090 2675.000000 2.000000 0.217852 0.181543 0.157026
d1 0.030000 0.190090 2680.000000 2.000000 0.217852 0.181543 0.157035
d1 0.030000 0.190090 2685.000000 2.000000 0.217852 0.181543 0.157045
d1 0.030000 0.190090 2690.000000 2.000000 0.217852 0.181543 0.157054
d1 0.030000 0.190090 2695.000000 2.000000 0.217852 0.181543 0.157063
d1 0.030000 0.190090 2700.000000 2.000000 0.217852 0.181543 0.157072
d1 0.030000 0.190090 2705.000000 2.000000 0.217852 0.181543 0.157081
d1 0.030000 0.190090 2710.000000 2.000000 0.217852 0.181543 0.157090
d1 0.030000 0.190090 2715.000000 2.000000 0.217852 0.181543 0.157099
d1 0.030000 0.190090 2720.000000 2.000000 0.217852 0.181543 0.157108
d1 0.030000 0.190090 2725.000000 2.000000 0.217852 0.181543 0.157117
d1 0.030000 0.190090 2730.000000 2.000000 0.217852 0.181543 0.157125
d1 0.030000 0.190090 2735.000000 2.000000 0.217852 0.181543 0.157134
d1 0.030000 0.190090 2740.000000 2.000000 0.217852 0.181543 0.157142
d1 0.030000 0.190090 2745.000000 2.000000 0.217852 0.181543 0.157150
d1 0.030000 0.190090 2750.000000 2.000000 0.217852 0.181543 0.157158
d1 0.030000 0.190090 2755.000000 2.000000 0.217852 0.181543 0.157166
d1 0.030000 0.190090 2760.000000 2.000000 0.217852 0.181543 0.157174
d1 0.030000 0.190090 2765.000000 2.000000 0.217852 0.181543 0.157182
d1 0.030000 0.190090 2770.000000 2.000000 0.217852 0.181543 0.157190
d1 0.030000 0.190090 2775.000000 2.000000 0.217852 0.181543 0.157198
d1 0.030000 0.190090 2780.000000 2.000000 0.217852 0.181543 0.157205
d1 0.030000 0.190090 2785.000000 2.000000 0.217852 0.181543 0.157213
d1 0.030000 0.190090 2790.000000 2.000000 0.217852 0.181543 0.157220
d1 0.030000 0.190090 2795.000000 2.000000 0.217852 0.181543 0.157228
d1 0.030000 0.190090 2800.000000 2.000000 0.217852 0.181543 0.157235
d1 0.030000 0.190090 2805.000000 2.000000 0.217852 0.181543 0.157242
d1 0.030000 0.190090 2810.000000 2.000000 0.217852 0.181543 0.157249
d1 0.030000 0.190090 2815.000000 2.000000 0.217852 0.181543 0.157256
d1 0.030000 0.190090 2820.000000 2.000000 0.217852 0.181543 0.157263
d1 0.030000 0.190090 2825.000000 2.000000 0.217852 0.181543 0.157270
d1 0.030000 0.190090 2830.000000 2.000000 0.217852 0.181543 0.157277
d1 0.030000 0.190090 2835.000000 2.000000 0.217852 0.181543 0.157284
d1 0.030000 0.190090 2840.000000 2.000000 0.217852 0.181543 0.157290
d1 0.030000 0.190090 2845.000000 2.000000 0.217852 0.181543 0.157297
d1 0.030000 0.190090 2850.000000 2.000000 0.217852 0.181543 0.157303
d1 0.030000 0.190090 2855.000000 2.000000 0.217852 0.181543 0.157310
d1 0.030000 0.190090 2860.000000 2.000000 0.217852 0.181543 0.157316
d1 0.030000 0.190090 2865.000000 2.000000 0.217852 0.181543 0.157322
d1 0.030000 0.190090 2870.000000 2.000000 0.217852 0.181543 0.157328
d1 0.030000 0.190090 2875.000000 2.000000 0.217852 0.181543 0.157334
d1 0.030000 0.190090 2880.000000 2.000000 0.217852 0.181543 0.157341
d1 0.030000 0.190090 2885.000000 2.000000 0.217852 0.181543 0.157347
d1 0.030000 0.190090 2890.000000 2.000000 0.217852 0.181543 0.157352
d1 0.030000 0.190090 2895.000000 2.000000 0.217852 0.181543 0.157358
d1 0.030000 0.190090 2900.000000 2.000000 0.217852 0.181543 0.157364
d1 0.030000 0.190090 2905.000000 2.000000 0.217852 0.181543 0.157370
d1 0.030000 0.190090 2910.000000 2.000000 0.217852 0.181543 0.157375
d1 0.030000 0.190090 2915.000000 2.000000 0.217852 0.181543 0.157381
d1 0.030000 0.190090 2920.000000 2.000000 0.217852 0.181543 0.157386
d1 0.030000 0.190090 2925.000000 2.000000 0.217852 0.181543 0.157392
d1 0.030000 0.190090 2930.000000 2.000000 0.217852 0.181543 0.157397
d1 0.030000 0.190090 2935.000000 2.000000 0.217852 0.181543 0.157403
d1 0.030000 0.190090 2940.000000 2.000000 0.217852 0.181543 0.157408
d1 0.030000 0.190090 2945.000000 2.000000 0.217852 0.181543 0.157413
d1 0.030000 0.190090 2950.000000 2.000000 0.217852 0.181543 0.157418
d1 0.030000 0.190090 2955.000000 2.000000 0.217852 0.181543 0.157423
d1 0.030000 0.190090 2960.000000 2.000000 0.217852 0.181543 0.157428
d1 0.030000 0.190090 2965.000000 2.000000 0.217852 0.181543 0.157433
d1 0.030000 0.190090 2970.000000 2.000000 0.217852 0.181543 0.157438
d1 0.030000 0.190090 2975.000000 2.000000 0.217852 0.181543 0.157443
d1 0.030000 0.190090 2980.000000 2.000000 0.217852 0.181543 0.157448
d1 0.030000 0.190090 2985.000000 2.000000 0.217852 0.181543 0.157453
d1 0.030000 0.190090 2990.000000 2.000000 0.217852 0.181543 0.157457
d1 0.030000 0.190090 2995.000000 2.000000 0.217852 0.181543 0.157462
d1 0.030000 0.190090 3000.000000 2.000000 0.217852 0.181543 0.157467
d1 0.030000 0.190090 3005.000000 2.000000 0.217852 0.181543 0.157471
d1 0.030000 0.190090 3010.000000 2.000000 0.217852 0.181543 0.157476
d1 0.030000 0.190090 3015.000000 2.000000 0.217852 0.181543 0.157480
d1 0.030000 0.190090 3020.000000 2.000000 0.217852 0.181543 0.157484
d1 0.030000 0.190090 3025.000000 2.000000 0.217852 0.181543 0.157489
d1 0.030000 0.190090 3030.000000 2.000000 0.217852 0.181543 0.157493
d1 0.030000 0.190090 3035.000000 2.000000 0.217852 0.181543 0.157497
d1 0.030000 0.190090 3040.000000 2.000000 0.217852 0.181543 0.157502
d1 0.030000 0.190090 3045.000000 2.000000 0.217852 0.181543 0.157506
d1 0.030000 0.190090 3050.000000 2.000000 0.217852 0.181543 0.157510
d1 0.030000 0.190090 3055.000000 2.000000 0.217852 0.181543 0.157514
d1 0.030000 0.190090 3060.000000 2.000000 0.217852 0.181543 0.157518
d1 0.030000 0.190090 3065.000000 2.000000 0.217852 0.181543 0.157522
d1 0.030000 0.190090 3070.000000 2.000000 0.217852 0.181543 0.157526
d1 0.030000 0.190090 3075.000000 2.000000 0.217852 0.181543 0.157530
d1 0.030000 0.190090 3080.000000 2.000000 0.217852 0.181543 0.157533
d1 0.030000 0.190090 3085.000000 2.000000 0.217852 0.181543 0.157537
d1 0.030000 0.190090 3090.000000 2.000000 0.217852 0.181543 0.157541
d1 0.030000 0.190090 3095.000000 2.000000 0.217852 0.181543 0.157545
d1 0.030000 0.190090 3100.000000 2.000000 0.217852 0.181543 0.157548
d1 0.030000 0.190090 3105.000000 2.000000 0.217852 0.181543 0.157552
d1 0.030000 0.190090 3110.000000 2.000000 0.217852 0.181543 0.157555
d1 0.030000 0.190090 3115.000000 2.000000 0.217852 0.181543 0.157559
d1 0.030000 0.190090 3120.000000 2.000000 0.217852 0.181543 0.157562
d1 0.030000 0.190090 3125.000000 2.000000 0.217852 0.181543 0.157566
d1 0.030000 0.190090 3130.000000 2.000000 0.217852 0.181543 0.157569
d1 0.030000 0.190090 3135.000000 2.000000 0.217852 0.181543 0.157573
d1 0.030000 0.190090 3140.000000 2.000000 0.217852 0.181543 0.157576
d1 0.030000 0.190090 3145.000000 2.000000 0.217852 0.181543 0.157579
d1 0.030000 0.190090 3150.000000 2.000000 0.217852 0.181543 0.157582
d1 0.030000 0.190090 3155.000000 2.000000 0.217852 0.181543 0.157586
d1 0.030000 0.190090 3160.000000 2.000000 0.217852 0.181543 0.157589
d1 0.030000 0.190090 3165.000000 2.000000 0.217852 0.181543 0.157592
d1 0.030000 0.190090 3170.000000 2.000000 0.217852 0.181543 0.157595
d1 0.030000 0.190090 3175.000000 2.000000 0.217852 0.181543 0.157598
d1 0.030000 0.190090 3180.000000 2.000000 0.217852 0.181543 0.157601
d1 0.030000 0.190090 3185.000000 2.000000 0.217852 0.181543 0.157604
d1 0.030000 0.190090 3190.000000 2.000000 0.217852 0.181543 0.157607
d1 0.030000 0.190090 3195.000000 2.000000 0.217852 0.181543 0.157610
d1 0.030000 0.190090 3200.000000 2.000000 0.217852 0.181543 0.157613
d1 0.030000 0.190090 3205.000000 2.000000 0.217852 0.181543 0.157616
d1 0.030000 0.190090 3210.000000 2.000000 0.217852 0.181543 0.157619
d1 0.030000 0.190090 3215.000000 2.000000 0.217852 0.181543 0.157622
d1 0.030000 0.190090 3220.000000 2.000000 0.217852 0.181543 0.157624
d1 0.030000 0.190090 3225.000000 2.000000 0.217852 0.181543 0.157627
d1 0.030000 0.190090 3230.000000 2.000000 0.217852 0.181543 0.157630
d1 0.030000 0.190090 3235.000000 2.000000 0.217852 0.181543 0.157632
d1 0.030000 0.190090 3240.000000 2.000000 0.217852 0.181543 0.157635
d1 0.030000 0.190090 3245.000000 2.000000 0.217852 0.181543 0.157638
d1 0.030000 0.190090 3250.000000 2.000000 0.217852 0.181543 0.157640
d1 0.030000 0.190090 3255.000000 2.000000 0.217852 0.181543 0.157643
d1 0.030000 0.190090 3260.000000 2.000000 0.217852 0.181543 0.157645
d1 0.030000 0.190090 3265.000000 2.000000 0.217852 0.181543 0.157648
d1 0.030000 0.190090 3270.000000 2.000000 0.217852 0.181543 0.157650
d1 0.030000 0.190090 3275.000000 2.000000 0.217852 0.181543 0.157653
d1 0.030000 0.190090 3280.000000 2.000000 0.217852 0.181543 0.157655
d1 0.030000 0.190090 3285.000000 2.000000 0.217852 0.181543 0.157658
d1 0.030000 0.190090 3290.000000 2.000000 0.217852 0.181543 0.157660
d1 0.030000 0.190090 3295.000000 2.000000 0.217852 0.181543 0.157662
d1 0.030000 0.190090 3300.000000 2.000000 0.217852 0.181543 0.157665
d1 0.030000 0.190090 3305.000000 2.000000 0.217852 0.181543 0.157667
d1 0.030000 0.190090 3310.000000 2.000000 0.217852 0.181543 0.157669
d1 0.030000 0.190090 3315.000000 2.000000 0.217852 0.181543 0.157671
d1 0.030000 0.190090 3320.000000 2.000000 0.217852 0.181543 0.157673
d1 0.030000 0.190090 3325.000000 2.000000 0.217852 0.181543 0.157676
d1 0.030000 0.190090 3330.000000 2.000000 0.217852 0.181543 0.157678
d1 0.030000 0.190090 3335.000000 2.000000 0.217852 0.181543 0.157680
d1 0.030000 0.190090 3340.000000 2.000000 0.217852 0.181543 0.157682
d1 0.030000 0.190090 3345.000000 2.000000 0.217852 0.181543 0.157684
d1 0.030000 0.190090 3350.000000 2.000000 0.217852 0.181543 0.157686
d1 0.030000 0.190090 3355.000000 2.000000 0.217852 0.181543 0.157688
d1 0.030000 0.190090 3360.000000 2.000000 0.217852 0.181543 0.157690
d1 0.030000 0.190090 3365.000000 2.000000 0.217852 0.181543 0.157692
d1 0.030000 0.190090 3370.000000 2.000000 0.217852 0.181543 0.157694
d1 0.030000 0.190090 3375.000000 2.000000 0.217852 0.181543 0.157696
d1 0.030000 0.190090 3380.000000 2.000000 0.217852 0.181543 0.157698
d1 0.030000 0.190090 3385.000000 2.000000 0.217852 0.181543 0.157700
d1 0.030000 0.190090 3390.000000 2.000000 0.217852 0.181543 0.157702
d1 0.030000 0.190090 3395.000000 2.000000 0.217852 0.181543 0.157704
d1 0.030000 0.190090 3400.000000 2.000000 0.217852 0.181543 0.157705
d1 0.030000 0.190090 3405.000000 2.000000 0.217852 0.181543 0.157707
d1 0.030000 0.190090 3410.000000 2.000000 0.217852 0.181543 0.157709
d1 0.030000 0.190090 3415.000000 2.000000 0.217852 0.181543 0.157711
d1 0.030000 0.190090 3420.000000 2.000000 0.217852 0.181543 0.157713
d1 0.030000 0.190090 3425.000000 2.000000 0.217852 0.181543 0.157714
d1 0.030000 0.190090 3430.000000 2.000000 0.217852 0.181543 0.157716
d1 0.030000 0.190090 3435.000000 2.000000 0.217852 0.181543 0.157718
d1 0.030000 0.190090 3440.000000 2.000000 0.217852 0.181543 0.157719
d1 0.030000 0.190090 3445.000000 2.000000 0.217852 0.181543 0.157721
d1 0.030000 0.190090 3450.000000 2.000000 0.217852 0.181543 0.157723
d1 0.030000 0.190090 3455.000000 2.000000 0.217852 0.181543 0.157724
d1 0.030000 0.190090 3460.000000 2.000000 0.217852 0.181543 0.157726
d1 0.030000 0.190090 3465.000000 2.000000 0.217852 0.181543 0.157727
d1 0.030000 0.190090 3470.000000 2.000000 0.217852 0.181543 0.157729
d1 0.030000 0.190090 3475.000000 2.000000 0.217852 0.181543 0.157731
d1 0.030000 0.190090 3480.000000 2.000000 0.217852 0.181543 0.157732
d1 0.030000 0.190090 3485.000000 2.000000 0.217852 0.181543 0.157734
d1 0.030000 0.190090 3490.000000 2.000000 0.217852 0.181543 0.157735
d1 0.030000 0.190090 3495.000000 2.000000 0.217852 0.181543 0.157736
d1 0.030000 0.190090 3500.000000 2.000000 0.217852 0.181543 0.157738
d1 0.030000 0.190090 3505.000000 2.000000 0.217852 0.181543 0.157739
d1 0.030000 0.190090 3510.000000 2.000000 0.217852 0.181543 0.157741
d1 0.030000 0.190090 3515.000000 2.000000 0.217852 0.181543 0.157742
d1 0.030000 0.190090 3520.000000 2.000000 0.217852 0.181543 0.157744
d1 0.030000 0.190090 3525.000000 2.000000 0.217852 0.181543 0.157745
d1 0.030000 0.190090 3530.000000 2.000000 0.217852 0.181543 0.157746
d1 0.030000 0.190090 3535.000000 2.000000 0.217852 0.181543 0.157748
d1 0.030000 0.190090 3540.000000 2.000000 0.217852 0.181543 0.157749
d1 0.030000 0.190090 3545.000000 2.000000 0.217852 0.181543 0.157750
d1 0.030000 0.190090 3550.000000 2.000000 0.217852 0.181543 0.157752
d1 0.030000 0.190090 3555.000000 2.000000 0.217852 0.181543 0.157753
d1 0.030000 0.190090 3560.000000 2.000000 0.217852 0.181543 0.157754
d1 0.030000 0.190090 3565.000000 2.000000 0.217852 0.181543 0.157755
d1 0.030000 0.190090 3570.000000 2.000000 0.217852 0.181543 0.157757
d1 0.030000 0.190090 3575.000000 2.000000 0.217852 0.181543 0.157758
d1 0.030000 0.190090 3580.000000 2.000000 0.217852 0.181543 0.157759
d1 0.030000 0.190090 3585.000000 2.000000 0.217852 0.181543 0.157760
d1 0.030000 0.190090 3590.000000 2.000000 0.217852 0.181543 0.157761
d1 0.030000 0.190090 3595.000000 2.000000 0.217852 0.181543 0.157763
d1 0.030000 0.190090 3600.000000 2.000000 0.217852 0.181543 0.157764
