HEADER DATE 31-Jul-2017 19:46:28
HEADER RANDSEED 1742069154
Param True_Value Sim_Value Sim_Time Input mRNA foldedP fluo
Km1 0.036800 0.287094 0.000000 0.000000 0.001104 0.000920 0.000800
Km1 0.036800 0.287094 5.000000 0.000000 0.001104 0.000920 0.000800
Km1 0.036800 0.287094 10.000000 0.000000 0.001104 0.000920 0.000800
Km1 0.036800 0.287094 15.000000 0.000000 0.001104 0.000920 0.000800
Km1 0.036800 0.287094 20.000000 0.000000 0.001104 0.000920 0.000800
Km1 0.036800 0.287094 25.000000 0.000000 0.001104 0.000920 0.000800
Km1 0.036800 0.287094 30.000000 0.000000 0.001104 0.000920 0.000800
Km1 0.036800 0.287094 35.000000 0.000000 0.001104 0.000920 0.000800
Km1 0.036800 0.287094 40.000000 0.000000 0.001104 0.000920 0.000800
Km1 0.036800 0.287094 45.000000 0.000000 0.001104 0.000920 0.000800
Km1 0.036800 0.287094 50.000000 0.000000 0.001104 0.000920 0.000800
Km1 0.036800 0.287094 55.000000 0.000000 0.001104 0.000920 0.000800
Km1 0.036800 0.287094 60.000000 0.000000 0.001104 0.000920 0.000800
Km1 0.036800 0.287094 65.000000 0.000000 0.001104 0.000920 0.000800
Km1 0.036800 0.287094 70.000000 0.000000 0.001104 0.000920 0.000800
Km1 0.036800 0.287094 75.000000 0.000000 0.001104 0.000920 0.000800
Km1 0.036800 0.287094 80.000000 0.000000 0.001104 0.000920 0.000800
Km1 0.036800 0.287094 85.000000 0.000000 0.001104 0.000920 0.000800
Km1 0.036800 0.287094 90.000000 0.000000 0.001104 0.000920 0.000800
Km1 0.036800 0.287094 95.000000 0.000000 0.001104 0.000920 0.000800
Km1 0.036800 0.287094 100.000000 0.000000 0.001104 0.000920 0.000800
Km1 0.036800 0.287094 105.000000 0.000000 0.001104 0.000920 0.000800
Km1 0.036800 0.287094 110.000000 0.000000 0.001104 0.000920 0.000800
Km1 0.036800 0.287094 115.000000 0.000000 0.001104 0.000920 0.000800
Km1 0.036800 0.287094 120.000000 0.000000 0.001104 0.000920 0.000800
Km1 0.036800 0.287094 125.000000 0.000000 0.001104 0.000920 0.000800
Km1 0.036800 0.287094 130.000000 0.000000 0.001104 0.000920 0.000800
Km1 0.036800 0.287094 135.000000 0.000000 0.001104 0.000920 0.000800
Km1 0.036800 0.287094 140.000000 0.000000 0.001104 0.000920 0.000800
Km1 0.036800 0.287094 145.000000 0.000000 0.001104 0.000920 0.000800
Km1 0.036800 0.287094 150.000000 0.000000 0.001104 0.000920 0.000800
Km1 0.036800 0.287094 155.000000 0.000000 0.001104 0.000920 0.000800
Km1 0.036800 0.287094 160.000000 0.000000 0.001104 0.000920 0.000800
Km1 0.036800 0.287094 165.000000 0.000000 0.001104 0.000920 0.000800
Km1 0.036800 0.287094 170.000000 0.000000 0.001104 0.000920 0.000800
Km1 0.036800 0.287094 175.000000 0.000000 0.001104 0.000920 0.000800
Km1 0.036800 0.287094 180.000000 0.000000 0.001104 0.000920 0.000800
Km1 0.036800 0.287094 185.000000 0.000000 0.001104 0.000920 0.000800
Km1 0.036800 0.287094 190.000000 0.000000 0.001104 0.000920 0.000800
Km1 0.036800 0.287094 195.000000 0.000000 0.001104 0.000920 0.000800
Km1 0.036800 0.287094 200.000000 0.000000 0.001104 0.000920 0.000800
Km1 0.036800 0.287094 205.000000 0.000000 0.001104 0.000920 0.000800
Km1 0.036800 0.287094 210.000000 0.000000 0.001104 0.000920 0.000800
Km1 0.036800 0.287094 215.000000 0.000000 0.001104 0.000920 0.000800
Km1 0.036800 0.287094 220.000000 0.000000 0.001104 0.000920 0.000800
Km1 0.036800 0.287094 225.000000 0.000000 0.001104 0.000920 0.000800
Km1 0.036800 0.287094 230.000000 0.000000 0.001104 0.000920 0.000800
Km1 0.036800 0.287094 235.000000 0.000000 0.001104 0.000920 0.000800
Km1 0.036800 0.287094 240.000000 0.000000 0.001104 0.000920 0.000800
Km1 0.036800 0.287094 245.000000 0.000000 0.001104 0.000920 0.000800
Km1 0.036800 0.287094 250.000000 0.000000 0.001104 0.000920 0.000800
Km1 0.036800 0.287094 255.000000 0.000000 0.001104 0.000920 0.000800
Km1 0.036800 0.287094 260.000000 0.000000 0.001104 0.000920 0.000800
Km1 0.036800 0.287094 265.000000 0.000000 0.001104 0.000920 0.000800
Km1 0.036800 0.287094 270.000000 0.000000 0.001104 0.000920 0.000800
Km1 0.036800 0.287094 275.000000 0.000000 0.001104 0.000920 0.000800
Km1 0.036800 0.287094 280.000000 0.000000 0.001104 0.000920 0.000800
Km1 0.036800 0.287094 285.000000 0.000000 0.001104 0.000920 0.000800
Km1 0.036800 0.287094 290.000000 0.000000 0.001104 0.000920 0.000800
Km1 0.036800 0.287094 295.000000 0.000000 0.001104 0.000920 0.000800
Km1 0.036800 0.287094 300.000000 2.000000 0.001104 0.000920 0.000800
Km1 0.036800 0.287094 305.000000 2.000000 0.188545 0.005627 0.000816
Km1 0.036800 0.287094 310.000000 2.000000 0.349876 0.018502 0.000921
Km1 0.036800 0.287094 315.000000 2.000000 0.488736 0.037891 0.001186
Km1 0.036800 0.287094 320.000000 2.000000 0.608255 0.062404 0.001667
Km1 0.036800 0.287094 325.000000 2.000000 0.711125 0.090872 0.002408
Km1 0.036800 0.287094 330.000000 2.000000 0.799667 0.122313 0.003438
Km1 0.036800 0.287094 335.000000 2.000000 0.875875 0.155912 0.004781
Km1 0.036800 0.287094 340.000000 2.000000 0.941467 0.190985 0.006450
Km1 0.036800 0.287094 345.000000 2.000000 0.997923 0.226970 0.008454
Km1 0.036800 0.287094 350.000000 2.000000 1.046516 0.263401 0.010795
Km1 0.036800 0.287094 355.000000 2.000000 1.088339 0.299900 0.013473
Km1 0.036800 0.287094 360.000000 2.000000 1.124336 0.336156 0.016481
Km1 0.036800 0.287094 365.000000 2.000000 1.155321 0.371921 0.019814
Km1 0.036800 0.287094 370.000000 2.000000 1.181989 0.406999 0.023461
Km1 0.036800 0.287094 375.000000 2.000000 1.204943 0.441235 0.027410
Km1 0.036800 0.287094 380.000000 2.000000 1.224699 0.474511 0.031650
Km1 0.036800 0.287094 385.000000 2.000000 1.241702 0.506739 0.036168
Km1 0.036800 0.287094 390.000000 2.000000 1.256338 0.537856 0.040949
Km1 0.036800 0.287094 395.000000 2.000000 1.268935 0.567820 0.045978
Km1 0.036800 0.287094 400.000000 2.000000 1.279777 0.596606 0.051243
Km1 0.036800 0.287094 405.000000 2.000000 1.289109 0.624204 0.056727
Km1 0.036800 0.287094 410.000000 2.000000 1.297141 0.650614 0.062417
Km1 0.036800 0.287094 415.000000 2.000000 1.304055 0.675849 0.068299
Km1 0.036800 0.287094 420.000000 2.000000 1.310005 0.699925 0.074359
Km1 0.036800 0.287094 425.000000 2.000000 1.315127 0.722868 0.080583
Km1 0.036800 0.287094 430.000000 2.000000 1.319535 0.744704 0.086958
Km1 0.036800 0.287094 435.000000 2.000000 1.323329 0.765468 0.093473
Km1 0.036800 0.287094 440.000000 2.000000 1.326595 0.785193 0.100114
Km1 0.036800 0.287094 445.000000 2.000000 1.329406 0.803917 0.106870
Km1 0.036800 0.287094 450.000000 2.000000 1.331825 0.821677 0.113731
Km1 0.036800 0.287094 455.000000 2.000000 1.333908 0.838511 0.120685
Km1 0.036800 0.287094 460.000000 2.000000 1.335700 0.854459 0.127722
Km1 0.036800 0.287094 465.000000 2.000000 1.337243 0.869559 0.134833
Km1 0.036800 0.287094 470.000000 2.000000 1.338571 0.883849 0.142009
Km1 0.036800 0.287094 475.000000 2.000000 1.339713 0.897366 0.149241
Km1 0.036800 0.287094 480.000000 2.000000 1.340697 0.910148 0.156521
Km1 0.036800 0.287094 485.000000 2.000000 1.341544 0.922230 0.163842
Km1 0.036800 0.287094 490.000000 2.000000 1.342272 0.933646 0.171195
Km1 0.036800 0.287094 495.000000 2.000000 1.342900 0.944431 0.178575
Km1 0.036800 0.287094 500.000000 2.000000 1.343439 0.954615 0.185974
Km1 0.036800 0.287094 505.000000 2.000000 1.343904 0.964231 0.193388
Km1 0.036800 0.287094 510.000000 2.000000 1.344304 0.973308 0.200809
Km1 0.036800 0.287094 515.000000 2.000000 1.344648 0.981874 0.208234
Km1 0.036800 0.287094 520.000000 2.000000 1.344944 0.989957 0.215656
Km1 0.036800 0.287094 525.000000 2.000000 1.345199 0.997582 0.223071
Km1 0.036800 0.287094 530.000000 2.000000 1.345419 1.004775 0.230475
Km1 0.036800 0.287094 535.000000 2.000000 1.345608 1.011559 0.237864
Km1 0.036800 0.287094 540.000000 2.000000 1.345770 1.017956 0.245234
Km1 0.036800 0.287094 545.000000 2.000000 1.345910 1.023988 0.252582
Km1 0.036800 0.287094 550.000000 2.000000 1.346031 1.029675 0.259904
Km1 0.036800 0.287094 555.000000 2.000000 1.346134 1.035036 0.267197
Km1 0.036800 0.287094 560.000000 2.000000 1.346224 1.040090 0.274458
Km1 0.036800 0.287094 565.000000 2.000000 1.346301 1.044853 0.281685
Km1 0.036800 0.287094 570.000000 2.000000 1.346367 1.049343 0.288876
Km1 0.036800 0.287094 575.000000 2.000000 1.346424 1.053574 0.296027
Km1 0.036800 0.287094 580.000000 2.000000 1.346473 1.057561 0.303138
Km1 0.036800 0.287094 585.000000 2.000000 1.346515 1.061318 0.310206
Km1 0.036800 0.287094 590.000000 2.000000 1.346551 1.064859 0.317229
Km1 0.036800 0.287094 595.000000 2.000000 1.346582 1.068194 0.324206
Km1 0.036800 0.287094 600.000000 2.000000 1.346609 1.071337 0.331136
Km1 0.036800 0.287094 605.000000 2.000000 1.346632 1.074298 0.338016
Km1 0.036800 0.287094 610.000000 2.000000 1.346652 1.077088 0.344847
Km1 0.036800 0.287094 615.000000 2.000000 1.346669 1.079716 0.351626
Km1 0.036800 0.287094 620.000000 2.000000 1.346684 1.082192 0.358353
Km1 0.036800 0.287094 625.000000 2.000000 1.346697 1.084524 0.365028
Km1 0.036800 0.287094 630.000000 2.000000 1.346708 1.086721 0.371648
Km1 0.036800 0.287094 635.000000 2.000000 1.346717 1.088791 0.378214
Km1 0.036800 0.287094 640.000000 2.000000 1.346725 1.090740 0.384725
Km1 0.036800 0.287094 645.000000 2.000000 1.346732 1.092577 0.391180
Km1 0.036800 0.287094 650.000000 2.000000 1.346738 1.094307 0.397579
Km1 0.036800 0.287094 655.000000 2.000000 1.346743 1.095936 0.403922
Km1 0.036800 0.287094 660.000000 2.000000 1.346748 1.097470 0.410207
Km1 0.036800 0.287094 665.000000 2.000000 1.346752 1.098916 0.416436
Km1 0.036800 0.287094 670.000000 2.000000 1.346755 1.100277 0.422608
Km1 0.036800 0.287094 675.000000 2.000000 1.346758 1.101560 0.428722
Km1 0.036800 0.287094 680.000000 2.000000 1.346760 1.102767 0.434778
Km1 0.036800 0.287094 685.000000 2.000000 1.346762 1.103905 0.440777
Km1 0.036800 0.287094 690.000000 2.000000 1.346764 1.104976 0.446718
Km1 0.036800 0.287094 695.000000 2.000000 1.346766 1.105985 0.452602
Km1 0.036800 0.287094 700.000000 2.000000 1.346767 1.106936 0.458428
Km1 0.036800 0.287094 705.000000 2.000000 1.346768 1.107831 0.464197
Km1 0.036800 0.287094 710.000000 2.000000 1.346769 1.108674 0.469909
Km1 0.036800 0.287094 715.000000 2.000000 1.346770 1.109468 0.475563
Km1 0.036800 0.287094 720.000000 2.000000 1.346771 1.110216 0.481160
Km1 0.036800 0.287094 725.000000 2.000000 1.346771 1.110920 0.486700
Km1 0.036800 0.287094 730.000000 2.000000 1.346772 1.111583 0.492184
Km1 0.036800 0.287094 735.000000 2.000000 1.346772 1.112208 0.497612
Km1 0.036800 0.287094 740.000000 2.000000 1.346773 1.112796 0.502984
Km1 0.036800 0.287094 745.000000 2.000000 1.346773 1.113350 0.508299
Km1 0.036800 0.287094 750.000000 2.000000 1.346773 1.113872 0.513560
Km1 0.036800 0.287094 755.000000 2.000000 1.346774 1.114364 0.518765
Km1 0.036800 0.287094 760.000000 2.000000 1.346774 1.114826 0.523916
Km1 0.036800 0.287094 765.000000 2.000000 1.346774 1.115262 0.529012
Km1 0.036800 0.287094 770.000000 2.000000 1.346774 1.115673 0.534054
Km1 0.036800 0.287094 775.000000 2.000000 1.346774 1.116059 0.539042
Km1 0.036800 0.287094 780.000000 2.000000 1.346775 1.116424 0.543977
Km1 0.036800 0.287094 785.000000 2.000000 1.346775 1.116766 0.548859
Km1 0.036800 0.287094 790.000000 2.000000 1.346775 1.117089 0.553689
Km1 0.036800 0.287094 795.000000 2.000000 1.346775 1.117394 0.558466
Km1 0.036800 0.287094 800.000000 2.000000 1.346775 1.117680 0.563192
Km1 0.036800 0.287094 805.000000 2.000000 1.346775 1.117950 0.567867
Km1 0.036800 0.287094 810.000000 2.000000 1.346775 1.118204 0.572490
Km1 0.036800 0.287094 815.000000 2.000000 1.346775 1.118443 0.577064
Km1 0.036800 0.287094 820.000000 2.000000 1.346775 1.118668 0.581587
Km1 0.036800 0.287094 825.000000 2.000000 1.346775 1.118881 0.586061
Km1 0.036800 0.287094 830.000000 2.000000 1.346775 1.119081 0.590485
Km1 0.036800 0.287094 835.000000 2.000000 1.346775 1.119269 0.594861
Km1 0.036800 0.287094 840.000000 2.000000 1.346775 1.119446 0.599189
Km1 0.036800 0.287094 845.000000 2.000000 1.346775 1.119613 0.603469
Km1 0.036800 0.287094 850.000000 2.000000 1.346775 1.119770 0.607702
Km1 0.036800 0.287094 855.000000 2.000000 1.346775 1.119918 0.611887
Km1 0.036800 0.287094 860.000000 2.000000 1.346775 1.120058 0.616027
Km1 0.036800 0.287094 865.000000 2.000000 1.346775 1.120189 0.620120
Km1 0.036800 0.287094 870.000000 2.000000 1.346775 1.120313 0.624168
Km1 0.036800 0.287094 875.000000 2.000000 1.346775 1.120429 0.628171
Km1 0.036800 0.287094 880.000000 2.000000 1.346775 1.120539 0.632129
Km1 0.036800 0.287094 885.000000 2.000000 1.346775 1.120642 0.636043
Km1 0.036800 0.287094 890.000000 2.000000 1.346775 1.120739 0.639913
Km1 0.036800 0.287094 895.000000 2.000000 1.346775 1.120831 0.643739
Km1 0.036800 0.287094 900.000000 2.000000 1.346775 1.120917 0.647523
Km1 0.036800 0.287094 905.000000 2.000000 1.346775 1.120998 0.651265
Km1 0.036800 0.287094 910.000000 2.000000 1.346775 1.121075 0.654964
Km1 0.036800 0.287094 915.000000 2.000000 1.346775 1.121147 0.658622
Km1 0.036800 0.287094 920.000000 2.000000 1.346775 1.121215 0.662239
Km1 0.036800 0.287094 925.000000 2.000000 1.346775 1.121279 0.665815
Km1 0.036800 0.287094 930.000000 2.000000 1.346775 1.121339 0.669351
Km1 0.036800 0.287094 935.000000 2.000000 1.346775 1.121396 0.672847
Km1 0.036800 0.287094 940.000000 2.000000 1.346775 1.121449 0.676304
Km1 0.036800 0.287094 945.000000 2.000000 1.346775 1.121499 0.679721
Km1 0.036800 0.287094 950.000000 2.000000 1.346775 1.121547 0.683100
Km1 0.036800 0.287094 955.000000 2.000000 1.346775 1.121591 0.686441
Km1 0.036800 0.287094 960.000000 2.000000 1.346775 1.121633 0.689744
Km1 0.036800 0.287094 965.000000 2.000000 1.346775 1.121673 0.693010
Km1 0.036800 0.287094 970.000000 2.000000 1.346775 1.121710 0.696238
Km1 0.036800 0.287094 975.000000 2.000000 1.346775 1.121745 0.699431
Km1 0.036800 0.287094 980.000000 2.000000 1.346775 1.121778 0.702587
Km1 0.036800 0.287094 985.000000 2.000000 1.346775 1.121809 0.705707
Km1 0.036800 0.287094 990.000000 2.000000 1.346775 1.121839 0.708792
Km1 0.036800 0.287094 995.000000 2.000000 1.346775 1.121866 0.711842
Km1 0.036800 0.287094 1000.000000 2.000000 1.346775 1.121892 0.714857
Km1 0.036800 0.287094 1005.000000 2.000000 1.346775 1.121917 0.717838
Km1 0.036800 0.287094 1010.000000 2.000000 1.346775 1.121940 0.720785
Km1 0.036800 0.287094 1015.000000 2.000000 1.346775 1.121962 0.723699
Km1 0.036800 0.287094 1020.000000 2.000000 1.346775 1.121982 0.726579
Km1 0.036800 0.287094 1025.000000 2.000000 1.346775 1.122001 0.729427
Km1 0.036800 0.287094 1030.000000 2.000000 1.346775 1.122019 0.732243
Km1 0.036800 0.287094 1035.000000 2.000000 1.346775 1.122036 0.735026
Km1 0.036800 0.287094 1040.000000 2.000000 1.346775 1.122053 0.737778
Km1 0.036800 0.287094 1045.000000 2.000000 1.346775 1.122068 0.740498
Km1 0.036800 0.287094 1050.000000 2.000000 1.346775 1.122082 0.743188
Km1 0.036800 0.287094 1055.000000 2.000000 1.346775 1.122095 0.745847
Km1 0.036800 0.287094 1060.000000 2.000000 1.346775 1.122108 0.748475
Km1 0.036800 0.287094 1065.000000 2.000000 1.346775 1.122120 0.751074
Km1 0.036800 0.287094 1070.000000 2.000000 1.346775 1.122131 0.753643
Km1 0.036800 0.287094 1075.000000 2.000000 1.346775 1.122142 0.756183
Km1 0.036800 0.287094 1080.000000 2.000000 1.346775 1.122152 0.758694
Km1 0.036800 0.287094 1085.000000 2.000000 1.346775 1.122161 0.761176
Km1 0.036800 0.287094 1090.000000 2.000000 1.346775 1.122170 0.763630
Km1 0.036800 0.287094 1095.000000 2.000000 1.346775 1.122178 0.766056
Km1 0.036800 0.287094 1100.000000 2.000000 1.346775 1.122186 0.768455
Km1 0.036800 0.287094 1105.000000 2.000000 1.346775 1.122193 0.770826
Km1 0.036800 0.287094 1110.000000 2.000000 1.346775 1.122200 0.773170
Km1 0.036800 0.287094 1115.000000 2.000000 1.346775 1.122207 0.775487
Km1 0.036800 0.287094 1120.000000 2.000000 1.346775 1.122213 0.777778
Km1 0.036800 0.287094 1125.000000 2.000000 1.346775 1.122219 0.780042
Km1 0.036800 0.287094 1130.000000 2.000000 1.346775 1.122224 0.782281
Km1 0.036800 0.287094 1135.000000 2.000000 1.346775 1.122229 0.784494
Km1 0.036800 0.287094 1140.000000 2.000000 1.346775 1.122234 0.786682
Km1 0.036800 0.287094 1145.000000 2.000000 1.346775 1.122239 0.788846
Km1 0.036800 0.287094 1150.000000 2.000000 1.346775 1.122243 0.790984
Km1 0.036800 0.287094 1155.000000 2.000000 1.346775 1.122247 0.793098
Km1 0.036800 0.287094 1160.000000 2.000000 1.346775 1.122251 0.795188
Km1 0.036800 0.287094 1165.000000 2.000000 1.346775 1.122254 0.797254
Km1 0.036800 0.287094 1170.000000 2.000000 1.346775 1.122258 0.799296
Km1 0.036800 0.287094 1175.000000 2.000000 1.346775 1.122261 0.801315
Km1 0.036800 0.287094 1180.000000 2.000000 1.346775 1.122264 0.803311
Km1 0.036800 0.287094 1185.000000 2.000000 1.346775 1.122267 0.805284
Km1 0.036800 0.287094 1190.000000 2.000000 1.346775 1.122270 0.807235
Km1 0.036800 0.287094 1195.000000 2.000000 1.346775 1.122272 0.809163
Km1 0.036800 0.287094 1200.000000 2.000000 1.346775 1.122274 0.811070
Km1 0.036800 0.287094 1205.000000 2.000000 1.346775 1.122277 0.812954
Km1 0.036800 0.287094 1210.000000 2.000000 1.346775 1.122279 0.814817
Km1 0.036800 0.287094 1215.000000 2.000000 1.346775 1.122281 0.816659
Km1 0.036800 0.287094 1220.000000 2.000000 1.346775 1.122283 0.818480
Km1 0.036800 0.287094 1225.000000 2.000000 1.346775 1.122284 0.820280
Km1 0.036800 0.287094 1230.000000 2.000000 1.346775 1.122286 0.822059
Km1 0.036800 0.287094 1235.000000 2.000000 1.346775 1.122288 0.823818
Km1 0.036800 0.287094 1240.000000 2.000000 1.346775 1.122289 0.825557
Km1 0.036800 0.287094 1245.000000 2.000000 1.346775 1.122290 0.827276
Km1 0.036800 0.287094 1250.000000 2.000000 1.346775 1.122292 0.828976
Km1 0.036800 0.287094 1255.000000 2.000000 1.346775 1.122293 0.830656
Km1 0.036800 0.287094 1260.000000 2.000000 1.346775 1.122294 0.832317
Km1 0.036800 0.287094 1265.000000 2.000000 1.346775 1.122295 0.833959
Km1 0.036800 0.287094 1270.000000 2.000000 1.346775 1.122296 0.835582
Km1 0.036800 0.287094 1275.000000 2.000000 1.346775 1.122297 0.837186
Km1 0.036800 0.287094 1280.000000 2.000000 1.346775 1.122298 0.838772
Km1 0.036800 0.287094 1285.000000 2.000000 1.346775 1.122299 0.840340
Km1 0.036800 0.287094 1290.000000 2.000000 1.346775 1.122299 0.841891
Km1 0.036800 0.287094 1295.000000 2.000000 1.346775 1.122300 0.843423
Km1 0.036800 0.287094 1300.000000 2.000000 1.346775 1.122301 0.844938
Km1 0.036800 0.287094 1305.000000 2.000000 1.346775 1.122302 0.846436
Km1 0.036800 0.287094 1310.000000 2.000000 1.346775 1.122302 0.847916
Km1 0.036800 0.287094 1315.000000 2.000000 1.346775 1.122303 0.849380
Km1 0.036800 0.287094 1320.000000 2.000000 1.346775 1.122303 0.850826
Km1 0.036800 0.287094 1325.000000 2.000000 1.346775 1.122304 0.852257
Km1 0.036800 0.287094 1330.000000 2.000000 1.346775 1.122304 0.853671
Km1 0.036800 0.287094 1335.000000 2.000000 1.346775 1.122305 0.855068
Km1 0.036800 0.287094 1340.000000 2.000000 1.346775 1.122305 0.856450
Km1 0.036800 0.287094 1345.000000 2.000000 1.346775 1.122306 0.857816
Km1 0.036800 0.287094 1350.000000 2.000000 1.346775 1.122306 0.859167
Km1 0.036800 0.287094 1355.000000 2.000000 1.346775 1.122306 0.860502
Km1 0.036800 0.287094 1360.000000 2.000000 1.346775 1.122307 0.861821
Km1 0.036800 0.287094 1365.000000 2.000000 1.346775 1.122307 0.863126
Km1 0.036800 0.287094 1370.000000 2.000000 1.346775 1.122307 0.864416
Km1 0.036800 0.287094 1375.000000 2.000000 1.346775 1.122308 0.865691
Km1 0.036800 0.287094 1380.000000 2.000000 1.346775 1.122308 0.866951
Km1 0.036800 0.287094 1385.000000 2.000000 1.346775 1.122308 0.868197
Km1 0.036800 0.287094 1390.000000 2.000000 1.346775 1.122308 0.869429
Km1 0.036800 0.287094 1395.000000 2.000000 1.346775 1.122309 0.870646
Km1 0.036800 0.287094 1400.000000 2.000000 1.346775 1.122309 0.871850
Km1 0.036800 0.287094 1405.000000 2.000000 1.346775 1.122309 0.873040
Km1 0.036800 0.287094 1410.000000 2.000000 1.346775 1.122309 0.874216
Km1 0.036800 0.287094 1415.000000 2.000000 1.346775 1.122309 0.875379
Km1 0.036800 0.287094 1420.000000 2.000000 1.346775 1.122310 0.876529
Km1 0.036800 0.287094 1425.000000 2.000000 1.346775 1.122310 0.877665
Km1 0.036800 0.287094 1430.000000 2.000000 1.346775 1.122310 0.878789
Km1 0.036800 0.287094 1435.000000 2.000000 1.346775 1.122310 0.879899
Km1 0.036800 0.287094 1440.000000 2.000000 1.346775 1.122310 0.880997
Km1 0.036800 0.287094 1445.000000 2.000000 1.346775 1.122310 0.882083
Km1 0.036800 0.287094 1450.000000 2.000000 1.346775 1.122311 0.883156
Km1 0.036800 0.287094 1455.000000 2.000000 1.346775 1.122311 0.884216
Km1 0.036800 0.287094 1460.000000 2.000000 1.346775 1.122311 0.885265
Km1 0.036800 0.287094 1465.000000 2.000000 1.346775 1.122311 0.886301
Km1 0.036800 0.287094 1470.000000 2.000000 1.346775 1.122311 0.887326
Km1 0.036800 0.287094 1475.000000 2.000000 1.346775 1.122311 0.888339
Km1 0.036800 0.287094 1480.000000 2.000000 1.346775 1.122311 0.889341
Km1 0.036800 0.287094 1485.000000 2.000000 1.346775 1.122311 0.890331
Km1 0.036800 0.287094 1490.000000 2.000000 1.346775 1.122311 0.891309
Km1 0.036800 0.287094 1495.000000 2.000000 1.346775 1.122312 0.892277
Km1 0.036800 0.287094 1500.000000 2.000000 1.346775 1.122312 0.893233
Km1 0.036800 0.287094 1505.000000 2.000000 1.346775 1.122312 0.894179
Km1 0.036800 0.287094 1510.000000 2.000000 1.346775 1.122312 0.895113
Km1 0.036800 0.287094 1515.000000 2.000000 1.346775 1.122312 0.896037
Km1 0.036800 0.287094 1520.000000 2.000000 1.346775 1.122312 0.896951
Km1 0.036800 0.287094 1525.000000 2.000000 1.346775 1.122312 0.897854
Km1 0.036800 0.287094 1530.000000 2.000000 1.346775 1.122312 0.898746
Km1 0.036800 0.287094 1535.000000 2.000000 1.346775 1.122312 0.899629
Km1 0.036800 0.287094 1540.000000 2.000000 1.346775 1.122312 0.900501
Km1 0.036800 0.287094 1545.000000 2.000000 1.346775 1.122312 0.901364
Km1 0.036800 0.287094 1550.000000 2.000000 1.346775 1.122312 0.902216
Km1 0.036800 0.287094 1555.000000 2.000000 1.346775 1.122312 0.903059
Km1 0.036800 0.287094 1560.000000 2.000000 1.346775 1.122312 0.903892
Km1 0.036800 0.287094 1565.000000 2.000000 1.346775 1.122312 0.904716
Km1 0.036800 0.287094 1570.000000 2.000000 1.346775 1.122312 0.905530
Km1 0.036800 0.287094 1575.000000 2.000000 1.346775 1.122312 0.906335
Km1 0.036800 0.287094 1580.000000 2.000000 1.346775 1.122312 0.907130
Km1 0.036800 0.287094 1585.000000 2.000000 1.346775 1.122312 0.907917
Km1 0.036800 0.287094 1590.000000 2.000000 1.346775 1.122312 0.908695
Km1 0.036800 0.287094 1595.000000 2.000000 1.346775 1.122312 0.909463
Km1 0.036800 0.287094 1600.000000 2.000000 1.346775 1.122312 0.910223
Km1 0.036800 0.287094 1605.000000 2.000000 1.346775 1.122312 0.910974
Km1 0.036800 0.287094 1610.000000 2.000000 1.346775 1.122312 0.911717
Km1 0.036800 0.287094 1615.000000 2.000000 1.346775 1.122312 0.912451
Km1 0.036800 0.287094 1620.000000 2.000000 1.346775 1.122312 0.913177
Km1 0.036800 0.287094 1625.000000 2.000000 1.346775 1.122312 0.913894
Km1 0.036800 0.287094 1630.000000 2.000000 1.346775 1.122312 0.914604
Km1 0.036800 0.287094 1635.000000 2.000000 1.346775 1.122313 0.915305
Km1 0.036800 0.287094 1640.000000 2.000000 1.346775 1.122313 0.915998
Km1 0.036800 0.287094 1645.000000 2.000000 1.346775 1.122313 0.916683
Km1 0.036800 0.287094 1650.000000 2.000000 1.346775 1.122313 0.917361
Km1 0.036800 0.287094 1655.000000 2.000000 1.346775 1.122313 0.918030
Km1 0.036800 0.287094 1660.000000 2.000000 1.346775 1.122313 0.918692
Km1 0.036800 0.287094 1665.000000 2.000000 1.346775 1.122313 0.919347
Km1 0.036800 0.287094 1670.000000 2.000000 1.346775 1.122313 0.919993
Km1 0.036800 0.287094 1675.000000 2.000000 1.346775 1.122313 0.920633
Km1 0.036800 0.287094 1680.000000 2.000000 1.346775 1.122313 0.921265
Km1 0.036800 0.287094 1685.000000 2.000000 1.346775 1.122313 0.921890
Km1 0.036800 0.287094 1690.000000 2.000000 1.346775 1.122313 0.922508
Km1 0.036800 0.287094 1695.000000 2.000000 1.346775 1.122313 0.923119
Km1 0.036800 0.287094 1700.000000 2.000000 1.346775 1.122313 0.923723
Km1 0.036800 0.287094 1705.000000 2.000000 1.346775 1.122313 0.924319
Km1 0.036800 0.287094 1710.000000 2.000000 1.346775 1.122313 0.924909
Km1 0.036800 0.287094 1715.000000 2.000000 1.346775 1.122313 0.925493
Km1 0.036800 0.287094 1720.000000 2.000000 1.346775 1.122313 0.926069
Km1 0.036800 0.287094 1725.000000 2.000000 1.346775 1.122313 0.926639
Km1 0.036800 0.287094 1730.000000 2.000000 1.346775 1.122313 0.927203
Km1 0.036800 0.287094 1735.000000 2.000000 1.346775 1.122313 0.927760
Km1 0.036800 0.287094 1740.000000 2.000000 1.346775 1.122313 0.928311
Km1 0.036800 0.287094 1745.000000 2.000000 1.346775 1.122313 0.928855
Km1 0.036800 0.287094 1750.000000 2.000000 1.346775 1.122313 0.929393
Km1 0.036800 0.287094 1755.000000 2.000000 1.346775 1.122313 0.929925
Km1 0.036800 0.287094 1760.000000 2.000000 1.346775 1.122313 0.930451
Km1 0.036800 0.287094 1765.000000 2.000000 1.346775 1.122313 0.930971
Km1 0.036800 0.287094 1770.000000 2.000000 1.346775 1.122313 0.931485
Km1 0.036800 0.287094 1775.000000 2.000000 1.346775 1.122313 0.931993
Km1 0.036800 0.287094 1780.000000 2.000000 1.346775 1.122313 0.932496
Km1 0.036800 0.287094 1785.000000 2.000000 1.346775 1.122313 0.932992
Km1 0.036800 0.287094 1790.000000 2.000000 1.346775 1.122313 0.933483
Km1 0.036800 0.287094 1795.000000 2.000000 1.346775 1.122313 0.933968
Km1 0.036800 0.287094 1800.000000 2.000000 1.346775 1.122313 0.934448
Km1 0.036800 0.287094 1805.000000 2.000000 1.346775 1.122313 0.934922
Km1 0.036800 0.287094 1810.000000 2.000000 1.346775 1.122313 0.935391
Km1 0.036800 0.287094 1815.000000 2.000000 1.346775 1.122313 0.935855
Km1 0.036800 0.287094 1820.000000 2.000000 1.346775 1.122313 0.936313
Km1 0.036800 0.287094 1825.000000 2.000000 1.346775 1.122313 0.936766
Km1 0.036800 0.287094 1830.000000 2.000000 1.346775 1.122313 0.937213
Km1 0.036800 0.287094 1835.000000 2.000000 1.346775 1.122313 0.937656
Km1 0.036800 0.287094 1840.000000 2.000000 1.346775 1.122313 0.938094
Km1 0.036800 0.287094 1845.000000 2.000000 1.346775 1.122313 0.938526
Km1 0.036800 0.287094 1850.000000 2.000000 1.346775 1.122313 0.938954
Km1 0.036800 0.287094 1855.000000 2.000000 1.346775 1.122313 0.939377
Km1 0.036800 0.287094 1860.000000 2.000000 1.346775 1.122313 0.939794
Km1 0.036800 0.287094 1865.000000 2.000000 1.346775 1.122313 0.940208
Km1 0.036800 0.287094 1870.000000 2.000000 1.346775 1.122313 0.940616
Km1 0.036800 0.287094 1875.000000 2.000000 1.346775 1.122313 0.941020
Km1 0.036800 0.287094 1880.000000 2.000000 1.346775 1.122313 0.941419
Km1 0.036800 0.287094 1885.000000 2.000000 1.346775 1.122313 0.941813
Km1 0.036800 0.287094 1890.000000 2.000000 1.346775 1.122313 0.942203
Km1 0.036800 0.287094 1895.000000 2.000000 1.346775 1.122313 0.942589
Km1 0.036800 0.287094 1900.000000 2.000000 1.346775 1.122313 0.942970
Km1 0.036800 0.287094 1905.000000 2.000000 1.346775 1.122313 0.943347
Km1 0.036800 0.287094 1910.000000 2.000000 1.346775 1.122313 0.943719
Km1 0.036800 0.287094 1915.000000 2.000000 1.346775 1.122313 0.944088
Km1 0.036800 0.287094 1920.000000 2.000000 1.346775 1.122313 0.944452
Km1 0.036800 0.287094 1925.000000 2.000000 1.346775 1.122313 0.944811
Km1 0.036800 0.287094 1930.000000 2.000000 1.346775 1.122313 0.945167
Km1 0.036800 0.287094 1935.000000 2.000000 1.346775 1.122313 0.945519
Km1 0.036800 0.287094 1940.000000 2.000000 1.346775 1.122313 0.945867
Km1 0.036800 0.287094 1945.000000 2.000000 1.346775 1.122313 0.946210
Km1 0.036800 0.287094 1950.000000 2.000000 1.346775 1.122313 0.946550
Km1 0.036800 0.287094 1955.000000 2.000000 1.346775 1.122313 0.946886
Km1 0.036800 0.287094 1960.000000 2.000000 1.346775 1.122313 0.947218
Km1 0.036800 0.287094 1965.000000 2.000000 1.346775 1.122313 0.947546
Km1 0.036800 0.287094 1970.000000 2.000000 1.346775 1.122313 0.947871
Km1 0.036800 0.287094 1975.000000 2.000000 1.346775 1.122313 0.948191
Km1 0.036800 0.287094 1980.000000 2.000000 1.346775 1.122313 0.948508
Km1 0.036800 0.287094 1985.000000 2.000000 1.346775 1.122313 0.948822
Km1 0.036800 0.287094 1990.000000 2.000000 1.346775 1.122313 0.949132
Km1 0.036800 0.287094 1995.000000 2.000000 1.346775 1.122313 0.949438
Km1 0.036800 0.287094 2000.000000 2.000000 1.346775 1.122313 0.949741
Km1 0.036800 0.287094 2005.000000 2.000000 1.346775 1.122313 0.950040
Km1 0.036800 0.287094 2010.000000 2.000000 1.346775 1.122313 0.950336
Km1 0.036800 0.287094 2015.000000 2.000000 1.346775 1.122313 0.950629
Km1 0.036800 0.287094 2020.000000 2.000000 1.346775 1.122313 0.950918
Km1 0.036800 0.287094 2025.000000 2.000000 1.346775 1.122313 0.951204
Km1 0.036800 0.287094 2030.000000 2.000000 1.346775 1.122313 0.951487
Km1 0.036800 0.287094 2035.000000 2.000000 1.346775 1.122313 0.951766
Km1 0.036800 0.287094 2040.000000 2.000000 1.346775 1.122313 0.952042
Km1 0.036800 0.287094 2045.000000 2.000000 1.346775 1.122313 0.952315
Km1 0.036800 0.287094 2050.000000 2.000000 1.346775 1.122313 0.952585
Km1 0.036800 0.287094 2055.000000 2.000000 1.346775 1.122313 0.952852
Km1 0.036800 0.287094 2060.000000 2.000000 1.346775 1.122313 0.953116
Km1 0.036800 0.287094 2065.000000 2.000000 1.346775 1.122313 0.953377
Km1 0.036800 0.287094 2070.000000 2.000000 1.346775 1.122313 0.953635
Km1 0.036800 0.287094 2075.000000 2.000000 1.346775 1.122313 0.953889
Km1 0.036800 0.287094 2080.000000 2.000000 1.346775 1.122313 0.954141
Km1 0.036800 0.287094 2085.000000 2.000000 1.346775 1.122313 0.954390
Km1 0.036800 0.287094 2090.000000 2.000000 1.346775 1.122313 0.954637
Km1 0.036800 0.287094 2095.000000 2.000000 1.346775 1.122313 0.954880
Km1 0.036800 0.287094 2100.000000 2.000000 1.346775 1.122313 0.955121
Km1 0.036800 0.287094 2105.000000 2.000000 1.346775 1.122313 0.955358
Km1 0.036800 0.287094 2110.000000 2.000000 1.346775 1.122313 0.955594
Km1 0.036800 0.287094 2115.000000 2.000000 1.346775 1.122313 0.955826
Km1 0.036800 0.287094 2120.000000 2.000000 1.346775 1.122313 0.956056
Km1 0.036800 0.287094 2125.000000 2.000000 1.346775 1.122313 0.956283
Km1 0.036800 0.287094 2130.000000 2.000000 1.346775 1.122313 0.956508
Km1 0.036800 0.287094 2135.000000 2.000000 1.346775 1.122313 0.956730
Km1 0.036800 0.287094 2140.000000 2.000000 1.346775 1.122313 0.956949
Km1 0.036800 0.287094 2145.000000 2.000000 1.346775 1.122313 0.957166
Km1 0.036800 0.287094 2150.000000 2.000000 1.346775 1.122313 0.957381
Km1 0.036800 0.287094 2155.000000 2.000000 1.346775 1.122313 0.957593
Km1 0.036800 0.287094 2160.000000 2.000000 1.346775 1.122313 0.957802
Km1 0.036800 0.287094 2165.000000 2.000000 1.346775 1.122313 0.958009
Km1 0.036800 0.287094 2170.000000 2.000000 1.346775 1.122313 0.958214
Km1 0.036800 0.287094 2175.000000 2.000000 1.346775 1.122313 0.958417
Km1 0.036800 0.287094 2180.000000 2.000000 1.346775 1.122313 0.958617
Km1 0.036800 0.287094 2185.000000 2.000000 1.346775 1.122313 0.958815
Km1 0.036800 0.287094 2190.000000 2.000000 1.346775 1.122313 0.959010
Km1 0.036800 0.287094 2195.000000 2.000000 1.346775 1.122313 0.959204
Km1 0.036800 0.287094 2200.000000 2.000000 1.346775 1.122313 0.959395
Km1 0.036800 0.287094 2205.000000 2.000000 1.346775 1.122313 0.959584
Km1 0.036800 0.287094 2210.000000 2.000000 1.346775 1.122313 0.959771
Km1 0.036800 0.287094 2215.000000 2.000000 1.346775 1.122313 0.959955
Km1 0.036800 0.287094 2220.000000 2.000000 1.346775 1.122313 0.960138
Km1 0.036800 0.287094 2225.000000 2.000000 1.346775 1.122313 0.960318
Km1 0.036800 0.287094 2230.000000 2.000000 1.346775 1.122313 0.960497
Km1 0.036800 0.287094 2235.000000 2.000000 1.346775 1.122313 0.960673
Km1 0.036800 0.287094 2240.000000 2.000000 1.346775 1.122313 0.960848
Km1 0.036800 0.287094 2245.000000 2.000000 1.346775 1.122313 0.961020
Km1 0.036800 0.287094 2250.000000 2.000000 1.346775 1.122313 0.961190
Km1 0.036800 0.287094 2255.000000 2.000000 1.346775 1.122313 0.961359
Km1 0.036800 0.287094 2260.000000 2.000000 1.346775 1.122313 0.961525
Km1 0.036800 0.287094 2265.000000 2.000000 1.346775 1.122313 0.961690
Km1 0.036800 0.287094 2270.000000 2.000000 1.346775 1.122313 0.961853
Km1 0.036800 0.287094 2275.000000 2.000000 1.346775 1.122313 0.962014
Km1 0.036800 0.287094 2280.000000 2.000000 1.346775 1.122313 0.962173
Km1 0.036800 0.287094 2285.000000 2.000000 1.346775 1.122313 0.962330
Km1 0.036800 0.287094 2290.000000 2.000000 1.346775 1.122313 0.962485
Km1 0.036800 0.287094 2295.000000 2.000000 1.346775 1.122313 0.962639
Km1 0.036800 0.287094 2300.000000 2.000000 1.346775 1.122313 0.962791
Km1 0.036800 0.287094 2305.000000 2.000000 1.346775 1.122313 0.962941
Km1 0.036800 0.287094 2310.000000 2.000000 1.346775 1.122313 0.963090
Km1 0.036800 0.287094 2315.000000 2.000000 1.346775 1.122313 0.963236
Km1 0.036800 0.287094 2320.000000 2.000000 1.346775 1.122313 0.963381
Km1 0.036800 0.287094 2325.000000 2.000000 1.346775 1.122313 0.963525
Km1 0.036800 0.287094 2330.000000 2.000000 1.346775 1.122313 0.963667
Km1 0.036800 0.287094 2335.000000 2.000000 1.346775 1.122313 0.963807
Km1 0.036800 0.287094 2340.000000 2.000000 1.346775 1.122313 0.963945
Km1 0.036800 0.287094 2345.000000 2.000000 1.346775 1.122313 0.964082
Km1 0.036800 0.287094 2350.000000 2.000000 1.346775 1.122313 0.964218
Km1 0.036800 0.287094 2355.000000 2.000000 1.346775 1.122313 0.964352
Km1 0.036800 0.287094 2360.000000 2.000000 1.346775 1.122313 0.964484
Km1 0.036800 0.287094 2365.000000 2.000000 1.346775 1.122313 0.964615
Km1 0.036800 0.287094 2370.000000 2.000000 1.346775 1.122313 0.964744
Km1 0.036800 0.287094 2375.000000 2.000000 1.346775 1.122313 0.964872
Km1 0.036800 0.287094 2380.000000 2.000000 1.346775 1.122313 0.964998
Km1 0.036800 0.287094 2385.000000 2.000000 1.346775 1.122313 0.965123
Km1 0.036800 0.287094 2390.000000 2.000000 1.346775 1.122313 0.965247
Km1 0.036800 0.287094 2395.000000 2.000000 1.346775 1.122313 0.965369
Km1 0.036800 0.287094 2400.000000 2.000000 1.346775 1.122313 0.965489
Km1 0.036800 0.287094 2405.000000 2.000000 1.346775 1.122313 0.965609
Km1 0.036800 0.287094 2410.000000 2.000000 1.346775 1.122313 0.965727
Km1 0.036800 0.287094 2415.000000 2.000000 1.346775 1.122313 0.965843
Km1 0.036800 0.287094 2420.000000 2.000000 1.346775 1.122313 0.965958
Km1 0.036800 0.287094 2425.000000 2.000000 1.346775 1.122313 0.966072
Km1 0.036800 0.287094 2430.000000 2.000000 1.346775 1.122313 0.966185
Km1 0.036800 0.287094 2435.000000 2.000000 1.346775 1.122313 0.966296
Km1 0.036800 0.287094 2440.000000 2.000000 1.346775 1.122313 0.966407
Km1 0.036800 0.287094 2445.000000 2.000000 1.346775 1.122313 0.966515
Km1 0.036800 0.287094 2450.000000 2.000000 1.346775 1.122313 0.966623
Km1 0.036800 0.287094 2455.000000 2.000000 1.346775 1.122313 0.966729
Km1 0.036800 0.287094 2460.000000 2.000000 1.346775 1.122313 0.966834
Km1 0.036800 0.287094 2465.000000 2.000000 1.346775 1.122313 0.966938
Km1 0.036800 0.287094 2470.000000 2.000000 1.346775 1.122313 0.967041
Km1 0.036800 0.287094 2475.000000 2.000000 1.346775 1.122313 0.967143
Km1 0.036800 0.287094 2480.000000 2.000000 1.346775 1.122313 0.967243
Km1 0.036800 0.287094 2485.000000 2.000000 1.346775 1.122313 0.967342
Km1 0.036800 0.287094 2490.000000 2.000000 1.346775 1.122313 0.967440
Km1 0.036800 0.287094 2495.000000 2.000000 1.346775 1.122313 0.967537
Km1 0.036800 0.287094 2500.000000 2.000000 1.346775 1.122313 0.967633
Km1 0.036800 0.287094 2505.000000 2.000000 1.346775 1.122313 0.967728
Km1 0.036800 0.287094 2510.000000 2.000000 1.346775 1.122313 0.967822
Km1 0.036800 0.287094 2515.000000 2.000000 1.346775 1.122313 0.967914
Km1 0.036800 0.287094 2520.000000 2.000000 1.346775 1.122313 0.968006
Km1 0.036800 0.287094 2525.000000 2.000000 1.346775 1.122313 0.968097
Km1 0.036800 0.287094 2530.000000 2.000000 1.346775 1.122313 0.968186
Km1 0.036800 0.287094 2535.000000 2.000000 1.346775 1.122313 0.968275
Km1 0.036800 0.287094 2540.000000 2.000000 1.346775 1.122313 0.968362
Km1 0.036800 0.287094 2545.000000 2.000000 1.346775 1.122313 0.968448
Km1 0.036800 0.287094 2550.000000 2.000000 1.346775 1.122313 0.968534
Km1 0.036800 0.287094 2555.000000 2.000000 1.346775 1.122313 0.968618
Km1 0.036800 0.287094 2560.000000 2.000000 1.346775 1.122313 0.968702
Km1 0.036800 0.287094 2565.000000 2.000000 1.346775 1.122313 0.968785
Km1 0.036800 0.287094 2570.000000 2.000000 1.346775 1.122313 0.968866
Km1 0.036800 0.287094 2575.000000 2.000000 1.346775 1.122313 0.968947
Km1 0.036800 0.287094 2580.000000 2.000000 1.346775 1.122313 0.969027
Km1 0.036800 0.287094 2585.000000 2.000000 1.346775 1.122313 0.969106
Km1 0.036800 0.287094 2590.000000 2.000000 1.346775 1.122313 0.969183
Km1 0.036800 0.287094 2595.000000 2.000000 1.346775 1.122313 0.969261
Km1 0.036800 0.287094 2600.000000 2.000000 1.346775 1.122313 0.969337
Km1 0.036800 0.287094 2605.000000 2.000000 1.346775 1.122313 0.969412
Km1 0.036800 0.287094 2610.000000 2.000000 1.346775 1.122313 0.969487
Km1 0.036800 0.287094 2615.000000 2.000000 1.346775 1.122313 0.969560
Km1 0.036800 0.287094 2620.000000 2.000000 1.346775 1.122313 0.969633
Km1 0.036800 0.287094 2625.000000 2.000000 1.346775 1.122313 0.969705
Km1 0.036800 0.287094 2630.000000 2.000000 1.346775 1.122313 0.969776
Km1 0.036800 0.287094 2635.000000 2.000000 1.346775 1.122313 0.969846
Km1 0.036800 0.287094 2640.000000 2.000000 1.346775 1.122313 0.969916
Km1 0.036800 0.287094 2645.000000 2.000000 1.346775 1.122313 0.969984
Km1 0.036800 0.287094 2650.000000 2.000000 1.346775 1.122313 0.970052
Km1 0.036800 0.287094 2655.000000 2.000000 1.346775 1.122313 0.970119
Km1 0.036800 0.287094 2660.000000 2.000000 1.346775 1.122313 0.970186
Km1 0.036800 0.287094 2665.000000 2.000000 1.346775 1.122313 0.970251
Km1 0.036800 0.287094 2670.000000 2.000000 1.346775 1.122313 0.970316
Km1 0.036800 0.287094 2675.000000 2.000000 1.346775 1.122313 0.970380
Km1 0.036800 0.287094 2680.000000 2.000000 1.346775 1.122313 0.970444
Km1 0.036800 0.287094 2685.000000 2.000000 1.346775 1.122313 0.970506
Km1 0.036800 0.287094 2690.000000 2.000000 1.346775 1.122313 0.970568
Km1 0.036800 0.287094 2695.000000 2.000000 1.346775 1.122313 0.970630
Km1 0.036800 0.287094 2700.000000 2.000000 1.346775 1.122313 0.970690
Km1 0.036800 0.287094 2705.000000 2.000000 1.346775 1.122313 0.970750
Km1 0.036800 0.287094 2710.000000 2.000000 1.346775 1.122313 0.970809
Km1 0.036800 0.287094 2715.000000 2.000000 1.346775 1.122313 0.970868
Km1 0.036800 0.287094 2720.000000 2.000000 1.346775 1.122313 0.970926
Km1 0.036800 0.287094 2725.000000 2.000000 1.346775 1.122313 0.970983
Km1 0.036800 0.287094 2730.000000 2.000000 1.346775 1.122313 0.971039
Km1 0.036800 0.287094 2735.000000 2.000000 1.346775 1.122313 0.971095
Km1 0.036800 0.287094 2740.000000 2.000000 1.346775 1.122313 0.971150
Km1 0.036800 0.287094 2745.000000 2.000000 1.346775 1.122313 0.971205
Km1 0.036800 0.287094 2750.000000 2.000000 1.346775 1.122313 0.971259
Km1 0.036800 0.287094 2755.000000 2.000000 1.346775 1.122313 0.971312
Km1 0.036800 0.287094 2760.000000 2.000000 1.346775 1.122313 0.971365
Km1 0.036800 0.287094 2765.000000 2.000000 1.346775 1.122313 0.971417
Km1 0.036800 0.287094 2770.000000 2.000000 1.346775 1.122313 0.971469
Km1 0.036800 0.287094 2775.000000 2.000000 1.346775 1.122313 0.971519
Km1 0.036800 0.287094 2780.000000 2.000000 1.346775 1.122313 0.971570
Km1 0.036800 0.287094 2785.000000 2.000000 1.346775 1.122313 0.971620
Km1 0.036800 0.287094 2790.000000 2.000000 1.346775 1.122313 0.971669
Km1 0.036800 0.287094 2795.000000 2.000000 1.346775 1.122313 0.971717
Km1 0.036800 0.287094 2800.000000 2.000000 1.346775 1.122313 0.971766
Km1 0.036800 0.287094 2805.000000 2.000000 1.346775 1.122313 0.971813
Km1 0.036800 0.287094 2810.000000 2.000000 1.346775 1.122313 0.971860
Km1 0.036800 0.287094 2815.000000 2.000000 1.346775 1.122313 0.971907
Km1 0.036800 0.287094 2820.000000 2.000000 1.346775 1.122313 0.971953
Km1 0.036800 0.287094 2825.000000 2.000000 1.346775 1.122313 0.971998
Km1 0.036800 0.287094 2830.000000 2.000000 1.346775 1.122313 0.972043
Km1 0.036800 0.287094 2835.000000 2.000000 1.346775 1.122313 0.972087
Km1 0.036800 0.287094 2840.000000 2.000000 1.346775 1.122313 0.972131
Km1 0.036800 0.287094 2845.000000 2.000000 1.346775 1.122313 0.972174
Km1 0.036800 0.287094 2850.000000 2.000000 1.346775 1.122313 0.972217
Km1 0.036800 0.287094 2855.000000 2.000000 1.346775 1.122313 0.972260
Km1 0.036800 0.287094 2860.000000 2.000000 1.346775 1.122313 0.972302
Km1 0.036800 0.287094 2865.000000 2.000000 1.346775 1.122313 0.972343
Km1 0.036800 0.287094 2870.000000 2.000000 1.346775 1.122313 0.972384
Km1 0.036800 0.287094 2875.000000 2.000000 1.346775 1.122313 0.972424
Km1 0.036800 0.287094 2880.000000 2.000000 1.346775 1.122313 0.972464
Km1 0.036800 0.287094 2885.000000 2.000000 1.346775 1.122313 0.972504
Km1 0.036800 0.287094 2890.000000 2.000000 1.346775 1.122313 0.972543
Km1 0.036800 0.287094 2895.000000 2.000000 1.346775 1.122313 0.972582
Km1 0.036800 0.287094 2900.000000 2.000000 1.346775 1.122313 0.972620
Km1 0.036800 0.287094 2905.000000 2.000000 1.346775 1.122313 0.972658
Km1 0.036800 0.287094 2910.000000 2.000000 1.346775 1.122313 0.972695
Km1 0.036800 0.287094 2915.000000 2.000000 1.346775 1.122313 0.972732
Km1 0.036800 0.287094 2920.000000 2.000000 1.346775 1.122313 0.972769
Km1 0.036800 0.287094 2925.000000 2.000000 1.346775 1.122313 0.972805
Km1 0.036800 0.287094 2930.000000 2.000000 1.346775 1.122313 0.972840
Km1 0.036800 0.287094 2935.000000 2.000000 1.346775 1.122313 0.972876
Km1 0.036800 0.287094 2940.000000 2.000000 1.346775 1.122313 0.972910
Km1 0.036800 0.287094 2945.000000 2.000000 1.346775 1.122313 0.972945
Km1 0.036800 0.287094 2950.000000 2.000000 1.346775 1.122313 0.972979
Km1 0.036800 0.287094 2955.000000 2.000000 1.346775 1.122313 0.973013
Km1 0.036800 0.287094 2960.000000 2.000000 1.346775 1.122313 0.973046
Km1 0.036800 0.287094 2965.000000 2.000000 1.346775 1.122313 0.973079
Km1 0.036800 0.287094 2970.000000 2.000000 1.346775 1.122313 0.973111
Km1 0.036800 0.287094 2975.000000 2.000000 1.346775 1.122313 0.973144
Km1 0.036800 0.287094 2980.000000 2.000000 1.346775 1.122313 0.973175
Km1 0.036800 0.287094 2985.000000 2.000000 1.346775 1.122313 0.973207
Km1 0.036800 0.287094 2990.000000 2.000000 1.346775 1.122313 0.973238
Km1 0.036800 0.287094 2995.000000 2.000000 1.346775 1.122313 0.973269
Km1 0.036800 0.287094 3000.000000 2.000000 1.346775 1.122313 0.973299
Km1 0.036800 0.287094 3005.000000 2.000000 1.346775 1.122313 0.973329
Km1 0.036800 0.287094 3010.000000 2.000000 1.346775 1.122313 0.973359
Km1 0.036800 0.287094 3015.000000 2.000000 1.346775 1.122313 0.973388
Km1 0.036800 0.287094 3020.000000 2.000000 1.346775 1.122313 0.973417
Km1 0.036800 0.287094 3025.000000 2.000000 1.346775 1.122313 0.973446
Km1 0.036800 0.287094 3030.000000 2.000000 1.346775 1.122313 0.973474
Km1 0.036800 0.287094 3035.000000 2.000000 1.346775 1.122313 0.973502
Km1 0.036800 0.287094 3040.000000 2.000000 1.346775 1.122313 0.973530
Km1 0.036800 0.287094 3045.000000 2.000000 1.346775 1.122313 0.973557
Km1 0.036800 0.287094 3050.000000 2.000000 1.346775 1.122313 0.973584
Km1 0.036800 0.287094 3055.000000 2.000000 1.346775 1.122313 0.973611
Km1 0.036800 0.287094 3060.000000 2.000000 1.346775 1.122313 0.973637
Km1 0.036800 0.287094 3065.000000 2.000000 1.346775 1.122313 0.973663
Km1 0.036800 0.287094 3070.000000 2.000000 1.346775 1.122313 0.973689
Km1 0.036800 0.287094 3075.000000 2.000000 1.346775 1.122313 0.973715
Km1 0.036800 0.287094 3080.000000 2.000000 1.346775 1.122313 0.973740
Km1 0.036800 0.287094 3085.000000 2.000000 1.346775 1.122313 0.973765
Km1 0.036800 0.287094 3090.000000 2.000000 1.346775 1.122313 0.973790
Km1 0.036800 0.287094 3095.000000 2.000000 1.346775 1.122313 0.973814
Km1 0.036800 0.287094 3100.000000 2.000000 1.346775 1.122313 0.973838
Km1 0.036800 0.287094 3105.000000 2.000000 1.346775 1.122313 0.973862
Km1 0.036800 0.287094 3110.000000 2.000000 1.346775 1.122313 0.973886
Km1 0.036800 0.287094 3115.000000 2.000000 1.346775 1.122313 0.973909
Km1 0.036800 0.287094 3120.000000 2.000000 1.346775 1.122313 0.973932
Km1 0.036800 0.287094 3125.000000 2.000000 1.346775 1.122313 0.973955
Km1 0.036800 0.287094 3130.000000 2.000000 1.346775 1.122313 0.973977
Km1 0.036800 0.287094 3135.000000 2.000000 1.346775 1.122313 0.974000
Km1 0.036800 0.287094 3140.000000 2.000000 1.346775 1.122313 0.974022
Km1 0.036800 0.287094 3145.000000 2.000000 1.346775 1.122313 0.974043
Km1 0.036800 0.287094 3150.000000 2.000000 1.346775 1.122313 0.974065
Km1 0.036800 0.287094 3155.000000 2.000000 1.346775 1.122313 0.974086
Km1 0.036800 0.287094 3160.000000 2.000000 1.346775 1.122313 0.974107
Km1 0.036800 0.287094 3165.000000 2.000000 1.346775 1.122313 0.974128
Km1 0.036800 0.287094 3170.000000 2.000000 1.346775 1.122313 0.974148
Km1 0.036800 0.287094 3175.000000 2.000000 1.346775 1.122313 0.974169
Km1 0.036800 0.287094 3180.000000 2.000000 1.346775 1.122313 0.974189
Km1 0.036800 0.287094 3185.000000 2.000000 1.346775 1.122313 0.974209
Km1 0.036800 0.287094 3190.000000 2.000000 1.346775 1.122313 0.974228
Km1 0.036800 0.287094 3195.000000 2.000000 1.346775 1.122313 0.974248
Km1 0.036800 0.287094 3200.000000 2.000000 1.346775 1.122313 0.974267
Km1 0.036800 0.287094 3205.000000 2.000000 1.346775 1.122313 0.974286
Km1 0.036800 0.287094 3210.000000 2.000000 1.346775 1.122313 0.974304
Km1 0.036800 0.287094 3215.000000 2.000000 1.346775 1.122313 0.974323
Km1 0.036800 0.287094 3220.000000 2.000000 1.346775 1.122313 0.974341
Km1 0.036800 0.287094 3225.000000 2.000000 1.346775 1.122313 0.974359
Km1 0.036800 0.287094 3230.000000 2.000000 1.346775 1.122313 0.974377
Km1 0.036800 0.287094 3235.000000 2.000000 1.346775 1.122313 0.974395
Km1 0.036800 0.287094 3240.000000 2.000000 1.346775 1.122313 0.974412
Km1 0.036800 0.287094 3245.000000 2.000000 1.346775 1.122313 0.974430
Km1 0.036800 0.287094 3250.000000 2.000000 1.346775 1.122313 0.974447
Km1 0.036800 0.287094 3255.000000 2.000000 1.346775 1.122313 0.974464
Km1 0.036800 0.287094 3260.000000 2.000000 1.346775 1.122313 0.974480
Km1 0.036800 0.287094 3265.000000 2.000000 1.346775 1.122313 0.974497
Km1 0.036800 0.287094 3270.000000 2.000000 1.346775 1.122313 0.974513
Km1 0.036800 0.287094 3275.000000 2.000000 1.346775 1.122313 0.974529
Km1 0.036800 0.287094 3280.000000 2.000000 1.346775 1.122313 0.974545
Km1 0.036800 0.287094 3285.000000 2.000000 1.346775 1.122313 0.974561
Km1 0.036800 0.287094 3290.000000 2.000000 1.346775 1.122313 0.974577
Km1 0.036800 0.287094 3295.000000 2.000000 1.346775 1.122313 0.974592
Km1 0.036800 0.287094 3300.000000 2.000000 1.346775 1.122313 0.974607
Km1 0.036800 0.287094 3305.000000 2.000000 1.346775 1.122313 0.974622
Km1 0.036800 0.287094 3310.000000 2.000000 1.346775 1.122313 0.974637
Km1 0.036800 0.287094 3315.000000 2.000000 1.346775 1.122313 0.974652
Km1 0.036800 0.287094 3320.000000 2.000000 1.346775 1.122313 0.974666
Km1 0.036800 0.287094 3325.000000 2.000000 1.346775 1.122313 0.974681
Km1 0.036800 0.287094 3330.000000 2.000000 1.346775 1.122313 0.974695
Km1 0.036800 0.287094 3335.000000 2.000000 1.346775 1.122313 0.974709
Km1 0.036800 0.287094 3340.000000 2.000000 1.346775 1.122313 0.974723
Km1 0.036800 0.287094 3345.000000 2.000000 1.346775 1.122313 0.974737
Km1 0.036800 0.287094 3350.000000 2.000000 1.346775 1.122313 0.974750
Km1 0.036800 0.287094 3355.000000 2.000000 1.346775 1.122313 0.974764
Km1 0.036800 0.287094 3360.000000 2.000000 1.346775 1.122313 0.974777
Km1 0.036800 0.287094 3365.000000 2.000000 1.346775 1.122313 0.974790
Km1 0.036800 0.287094 3370.000000 2.000000 1.346775 1.122313 0.974803
Km1 0.036800 0.287094 3375.000000 2.000000 1.346775 1.122313 0.974816
Km1 0.036800 0.287094 3380.000000 2.000000 1.346775 1.122313 0.974829
Km1 0.036800 0.287094 3385.000000 2.000000 1.346775 1.122313 0.974841
Km1 0.036800 0.287094 3390.000000 2.000000 1.346775 1.122313 0.974853
Km1 0.036800 0.287094 3395.000000 2.000000 1.346775 1.122313 0.974866
Km1 0.036800 0.287094 3400.000000 2.000000 1.346775 1.122313 0.974878
Km1 0.036800 0.287094 3405.000000 2.000000 1.346775 1.122313 0.974890
Km1 0.036800 0.287094 3410.000000 2.000000 1.346775 1.122313 0.974902
Km1 0.036800 0.287094 3415.000000 2.000000 1.346775 1.122313 0.974913
Km1 0.036800 0.287094 3420.000000 2.000000 1.346775 1.122313 0.974925
Km1 0.036800 0.287094 3425.000000 2.000000 1.346775 1.122313 0.974936
Km1 0.036800 0.287094 3430.000000 2.000000 1.346775 1.122313 0.974947
Km1 0.036800 0.287094 3435.000000 2.000000 1.346775 1.122313 0.974959
Km1 0.036800 0.287094 3440.000000 2.000000 1.346775 1.122313 0.974970
Km1 0.036800 0.287094 3445.000000 2.000000 1.346775 1.122313 0.974981
Km1 0.036800 0.287094 3450.000000 2.000000 1.346775 1.122313 0.974991
Km1 0.036800 0.287094 3455.000000 2.000000 1.346775 1.122313 0.975002
Km1 0.036800 0.287094 3460.000000 2.000000 1.346775 1.122313 0.975013
Km1 0.036800 0.287094 3465.000000 2.000000 1.346775 1.122313 0.975023
Km1 0.036800 0.287094 3470.000000 2.000000 1.346775 1.122313 0.975033
Km1 0.036800 0.287094 3475.000000 2.000000 1.346775 1.122313 0.975043
Km1 0.036800 0.287094 3480.000000 2.000000 1.346775 1.122313 0.975054
Km1 0.036800 0.287094 3485.000000 2.000000 1.346775 1.122313 0.975063
Km1 0.036800 0.287094 3490.000000 2.000000 1.346775 1.122313 0.975073
Km1 0.036800 0.287094 3495.000000 2.000000 1.346775 1.122313 0.975083
Km1 0.036800 0.287094 3500.000000 2.000000 1.346775 1.122313 0.975093
Km1 0.036800 0.287094 3505.000000 2.000000 1.346775 1.122313 0.975102
Km1 0.036800 0.287094 3510.000000 2.000000 1.346775 1.122313 0.975112
Km1 0.036800 0.287094 3515.000000 2.000000 1.346775 1.122313 0.975121
Km1 0.036800 0.287094 3520.000000 2.000000 1.346775 1.122313 0.975130
Km1 0.036800 0.287094 3525.000000 2.000000 1.346775 1.122313 0.975139
Km1 0.036800 0.287094 3530.000000 2.000000 1.346775 1.122313 0.975148
Km1 0.036800 0.287094 3535.000000 2.000000 1.346775 1.122313 0.975157
Km1 0.036800 0.287094 3540.000000 2.000000 1.346775 1.122313 0.975166
Km1 0.036800 0.287094 3545.000000 2.000000 1.346775 1.122313 0.975174
Km1 0.036800 0.287094 3550.000000 2.000000 1.346775 1.122313 0.975183
Km1 0.036800 0.287094 3555.000000 2.000000 1.346775 1.122313 0.975191
Km1 0.036800 0.287094 3560.000000 2.000000 1.346775 1.122313 0.975200
Km1 0.036800 0.287094 3565.000000 2.000000 1.346775 1.122313 0.975208
Km1 0.036800 0.287094 3570.000000 2.000000 1.346775 1.122313 0.975216
Km1 0.036800 0.287094 3575.000000 2.000000 1.346775 1.122313 0.975224
Km1 0.036800 0.287094 3580.000000 2.000000 1.346775 1.122313 0.975232
Km1 0.036800 0.287094 3585.000000 2.000000 1.346775 1.122313 0.975240
Km1 0.036800 0.287094 3590.000000 2.000000 1.346775 1.122313 0.975248
Km1 0.036800 0.287094 3595.000000 2.000000 1.346775 1.122313 0.975256
Km1 0.036800 0.287094 3600.000000 2.000000 1.346775 1.122313 0.975263
