HEADER DATE 31-Jul-2017 20:35:01
HEADER RANDSEED 1742360468
Param True_Value Sim_Value Sim_Time Input mRNA foldedP fluo
Kb 0.002300 0.002740 0.000000 0.000000 0.001104 0.000920 0.000672
Kb 0.002300 0.002740 5.000000 0.000000 0.001104 0.000920 0.000672
Kb 0.002300 0.002740 10.000000 0.000000 0.001104 0.000920 0.000672
Kb 0.002300 0.002740 15.000000 0.000000 0.001104 0.000920 0.000672
Kb 0.002300 0.002740 20.000000 0.000000 0.001104 0.000920 0.000672
Kb 0.002300 0.002740 25.000000 0.000000 0.001104 0.000920 0.000672
Kb 0.002300 0.002740 30.000000 0.000000 0.001104 0.000920 0.000672
Kb 0.002300 0.002740 35.000000 0.000000 0.001104 0.000920 0.000672
Kb 0.002300 0.002740 40.000000 0.000000 0.001104 0.000920 0.000672
Kb 0.002300 0.002740 45.000000 0.000000 0.001104 0.000920 0.000672
Kb 0.002300 0.002740 50.000000 0.000000 0.001104 0.000920 0.000672
Kb 0.002300 0.002740 55.000000 0.000000 0.001104 0.000920 0.000672
Kb 0.002300 0.002740 60.000000 0.000000 0.001104 0.000920 0.000672
Kb 0.002300 0.002740 65.000000 0.000000 0.001104 0.000920 0.000672
Kb 0.002300 0.002740 70.000000 0.000000 0.001104 0.000920 0.000672
Kb 0.002300 0.002740 75.000000 0.000000 0.001104 0.000920 0.000672
Kb 0.002300 0.002740 80.000000 0.000000 0.001104 0.000920 0.000672
Kb 0.002300 0.002740 85.000000 0.000000 0.001104 0.000920 0.000672
Kb 0.002300 0.002740 90.000000 0.000000 0.001104 0.000920 0.000672
Kb 0.002300 0.002740 95.000000 0.000000 0.001104 0.000920 0.000672
Kb 0.002300 0.002740 100.000000 0.000000 0.001104 0.000920 0.000672
Kb 0.002300 0.002740 105.000000 0.000000 0.001104 0.000920 0.000672
Kb 0.002300 0.002740 110.000000 0.000000 0.001104 0.000920 0.000672
Kb 0.002300 0.002740 115.000000 0.000000 0.001104 0.000920 0.000672
Kb 0.002300 0.002740 120.000000 0.000000 0.001104 0.000920 0.000672
Kb 0.002300 0.002740 125.000000 0.000000 0.001104 0.000920 0.000672
Kb 0.002300 0.002740 130.000000 0.000000 0.001104 0.000920 0.000672
Kb 0.002300 0.002740 135.000000 0.000000 0.001104 0.000920 0.000672
Kb 0.002300 0.002740 140.000000 0.000000 0.001104 0.000920 0.000672
Kb 0.002300 0.002740 145.000000 0.000000 0.001104 0.000920 0.000672
Kb 0.002300 0.002740 150.000000 0.000000 0.001104 0.000920 0.000672
Kb 0.002300 0.002740 155.000000 0.000000 0.001104 0.000920 0.000672
Kb 0.002300 0.002740 160.000000 0.000000 0.001104 0.000920 0.000672
Kb 0.002300 0.002740 165.000000 0.000000 0.001104 0.000920 0.000672
Kb 0.002300 0.002740 170.000000 0.000000 0.001104 0.000920 0.000672
Kb 0.002300 0.002740 175.000000 0.000000 0.001104 0.000920 0.000672
Kb 0.002300 0.002740 180.000000 0.000000 0.001104 0.000920 0.000672
Kb 0.002300 0.002740 185.000000 0.000000 0.001104 0.000920 0.000672
Kb 0.002300 0.002740 190.000000 0.000000 0.001104 0.000920 0.000672
Kb 0.002300 0.002740 195.000000 0.000000 0.001104 0.000920 0.000672
Kb 0.002300 0.002740 200.000000 0.000000 0.001104 0.000920 0.000672
Kb 0.002300 0.002740 205.000000 0.000000 0.001104 0.000920 0.000672
Kb 0.002300 0.002740 210.000000 0.000000 0.001104 0.000920 0.000672
Kb 0.002300 0.002740 215.000000 0.000000 0.001104 0.000920 0.000672
Kb 0.002300 0.002740 220.000000 0.000000 0.001104 0.000920 0.000672
Kb 0.002300 0.002740 225.000000 0.000000 0.001104 0.000920 0.000672
Kb 0.002300 0.002740 230.000000 0.000000 0.001104 0.000920 0.000672
Kb 0.002300 0.002740 235.000000 0.000000 0.001104 0.000920 0.000672
Kb 0.002300 0.002740 240.000000 0.000000 0.001104 0.000920 0.000672
Kb 0.002300 0.002740 245.000000 0.000000 0.001104 0.000920 0.000672
Kb 0.002300 0.002740 250.000000 0.000000 0.001104 0.000920 0.000672
Kb 0.002300 0.002740 255.000000 0.000000 0.001104 0.000920 0.000672
Kb 0.002300 0.002740 260.000000 0.000000 0.001104 0.000920 0.000672
Kb 0.002300 0.002740 265.000000 0.000000 0.001104 0.000920 0.000672
Kb 0.002300 0.002740 270.000000 0.000000 0.001104 0.000920 0.000672
Kb 0.002300 0.002740 275.000000 0.000000 0.001104 0.000920 0.000672
Kb 0.002300 0.002740 280.000000 0.000000 0.001104 0.000920 0.000672
Kb 0.002300 0.002740 285.000000 0.000000 0.001104 0.000920 0.000672
Kb 0.002300 0.002740 290.000000 0.000000 0.001104 0.000920 0.000672
Kb 0.002300 0.002740 295.000000 0.000000 0.001104 0.000920 0.000672
Kb 0.002300 0.002740 300.000000 2.000000 0.001104 0.000920 0.000672
Kb 0.002300 0.002740 305.000000 2.000000 0.193226 0.005745 0.000688
Kb 0.002300 0.002740 310.000000 2.000000 0.358586 0.018941 0.000795
Kb 0.002300 0.002740 315.000000 2.000000 0.500914 0.038814 0.001066
Kb 0.002300 0.002740 320.000000 2.000000 0.623417 0.063939 0.001559
Kb 0.002300 0.002740 325.000000 2.000000 0.728856 0.093118 0.002315
Kb 0.002300 0.002740 330.000000 2.000000 0.819608 0.125345 0.003366
Kb 0.002300 0.002740 335.000000 2.000000 0.897718 0.159783 0.004735
Kb 0.002300 0.002740 340.000000 2.000000 0.964949 0.195732 0.006436
Kb 0.002300 0.002740 345.000000 2.000000 1.022815 0.232615 0.008475
Kb 0.002300 0.002740 350.000000 2.000000 1.072621 0.269956 0.010856
Kb 0.002300 0.002740 355.000000 2.000000 1.115489 0.307366 0.013576
Kb 0.002300 0.002740 360.000000 2.000000 1.152386 0.344527 0.016629
Kb 0.002300 0.002740 365.000000 2.000000 1.184143 0.381186 0.020007
Kb 0.002300 0.002740 370.000000 2.000000 1.211477 0.417140 0.023701
Kb 0.002300 0.002740 375.000000 2.000000 1.235004 0.452231 0.027697
Kb 0.002300 0.002740 380.000000 2.000000 1.255253 0.486338 0.031982
Kb 0.002300 0.002740 385.000000 2.000000 1.272682 0.519370 0.036542
Kb 0.002300 0.002740 390.000000 2.000000 1.287684 0.551264 0.041363
Kb 0.002300 0.002740 395.000000 2.000000 1.300595 0.581976 0.046429
Kb 0.002300 0.002740 400.000000 2.000000 1.311708 0.611481 0.051726
Kb 0.002300 0.002740 405.000000 2.000000 1.321274 0.639768 0.057237
Kb 0.002300 0.002740 410.000000 2.000000 1.329506 0.666838 0.062948
Kb 0.002300 0.002740 415.000000 2.000000 1.336592 0.692703 0.068844
Kb 0.002300 0.002740 420.000000 2.000000 1.342691 0.717381 0.074911
Kb 0.002300 0.002740 425.000000 2.000000 1.347940 0.740896 0.081135
Kb 0.002300 0.002740 430.000000 2.000000 1.352459 0.763278 0.087502
Kb 0.002300 0.002740 435.000000 2.000000 1.356348 0.784560 0.093999
Kb 0.002300 0.002740 440.000000 2.000000 1.359695 0.804778 0.100614
Kb 0.002300 0.002740 445.000000 2.000000 1.362576 0.823969 0.107334
Kb 0.002300 0.002740 450.000000 2.000000 1.365056 0.842173 0.114149
Kb 0.002300 0.002740 455.000000 2.000000 1.367190 0.859427 0.121047
Kb 0.002300 0.002740 460.000000 2.000000 1.369027 0.875774 0.128018
Kb 0.002300 0.002740 465.000000 2.000000 1.370608 0.891251 0.135052
Kb 0.002300 0.002740 470.000000 2.000000 1.371969 0.905897 0.142140
Kb 0.002300 0.002740 475.000000 2.000000 1.373141 0.919753 0.149273
Kb 0.002300 0.002740 480.000000 2.000000 1.374149 0.932854 0.156443
Kb 0.002300 0.002740 485.000000 2.000000 1.375017 0.945237 0.163642
Kb 0.002300 0.002740 490.000000 2.000000 1.375764 0.956938 0.170862
Kb 0.002300 0.002740 495.000000 2.000000 1.376407 0.967992 0.178098
Kb 0.002300 0.002740 500.000000 2.000000 1.376960 0.978431 0.185341
Kb 0.002300 0.002740 505.000000 2.000000 1.377436 0.988287 0.192587
Kb 0.002300 0.002740 510.000000 2.000000 1.377846 0.997590 0.199829
Kb 0.002300 0.002740 515.000000 2.000000 1.378199 1.006370 0.207062
Kb 0.002300 0.002740 520.000000 2.000000 1.378503 1.014655 0.214282
Kb 0.002300 0.002740 525.000000 2.000000 1.378764 1.022470 0.221484
Kb 0.002300 0.002740 530.000000 2.000000 1.378989 1.029843 0.228662
Kb 0.002300 0.002740 535.000000 2.000000 1.379183 1.036796 0.235815
Kb 0.002300 0.002740 540.000000 2.000000 1.379349 1.043353 0.242937
Kb 0.002300 0.002740 545.000000 2.000000 1.379493 1.049536 0.250025
Kb 0.002300 0.002740 550.000000 2.000000 1.379616 1.055365 0.257077
Kb 0.002300 0.002740 555.000000 2.000000 1.379722 1.060860 0.264089
Kb 0.002300 0.002740 560.000000 2.000000 1.379814 1.066040 0.271058
Kb 0.002300 0.002740 565.000000 2.000000 1.379893 1.070922 0.277983
Kb 0.002300 0.002740 570.000000 2.000000 1.379960 1.075524 0.284861
Kb 0.002300 0.002740 575.000000 2.000000 1.380019 1.079861 0.291689
Kb 0.002300 0.002740 580.000000 2.000000 1.380069 1.083947 0.298466
Kb 0.002300 0.002740 585.000000 2.000000 1.380112 1.087798 0.305191
Kb 0.002300 0.002740 590.000000 2.000000 1.380149 1.091427 0.311861
Kb 0.002300 0.002740 595.000000 2.000000 1.380181 1.094846 0.318475
Kb 0.002300 0.002740 600.000000 2.000000 1.380209 1.098068 0.325032
Kb 0.002300 0.002740 605.000000 2.000000 1.380233 1.101103 0.331532
Kb 0.002300 0.002740 610.000000 2.000000 1.380253 1.103962 0.337972
Kb 0.002300 0.002740 615.000000 2.000000 1.380271 1.106656 0.344352
Kb 0.002300 0.002740 620.000000 2.000000 1.380286 1.109193 0.350671
Kb 0.002300 0.002740 625.000000 2.000000 1.380299 1.111584 0.356928
Kb 0.002300 0.002740 630.000000 2.000000 1.380310 1.113836 0.363124
Kb 0.002300 0.002740 635.000000 2.000000 1.380320 1.115957 0.369257
Kb 0.002300 0.002740 640.000000 2.000000 1.380328 1.117955 0.375327
Kb 0.002300 0.002740 645.000000 2.000000 1.380335 1.119838 0.381334
Kb 0.002300 0.002740 650.000000 2.000000 1.380341 1.121611 0.387277
Kb 0.002300 0.002740 655.000000 2.000000 1.380346 1.123280 0.393156
Kb 0.002300 0.002740 660.000000 2.000000 1.380351 1.124853 0.398971
Kb 0.002300 0.002740 665.000000 2.000000 1.380355 1.126335 0.404723
Kb 0.002300 0.002740 670.000000 2.000000 1.380358 1.127730 0.410410
Kb 0.002300 0.002740 675.000000 2.000000 1.380361 1.129045 0.416034
Kb 0.002300 0.002740 680.000000 2.000000 1.380364 1.130283 0.421594
Kb 0.002300 0.002740 685.000000 2.000000 1.380366 1.131448 0.427090
Kb 0.002300 0.002740 690.000000 2.000000 1.380368 1.132547 0.432522
Kb 0.002300 0.002740 695.000000 2.000000 1.380369 1.133581 0.437892
Kb 0.002300 0.002740 700.000000 2.000000 1.380371 1.134555 0.443198
Kb 0.002300 0.002740 705.000000 2.000000 1.380372 1.135472 0.448441
Kb 0.002300 0.002740 710.000000 2.000000 1.380373 1.136336 0.453622
Kb 0.002300 0.002740 715.000000 2.000000 1.380374 1.137150 0.458741
Kb 0.002300 0.002740 720.000000 2.000000 1.380375 1.137917 0.463798
Kb 0.002300 0.002740 725.000000 2.000000 1.380375 1.138639 0.468793
Kb 0.002300 0.002740 730.000000 2.000000 1.380376 1.139318 0.473728
Kb 0.002300 0.002740 735.000000 2.000000 1.380376 1.139959 0.478602
Kb 0.002300 0.002740 740.000000 2.000000 1.380377 1.140562 0.483415
Kb 0.002300 0.002740 745.000000 2.000000 1.380377 1.141130 0.488169
Kb 0.002300 0.002740 750.000000 2.000000 1.380377 1.141665 0.492864
Kb 0.002300 0.002740 755.000000 2.000000 1.380378 1.142168 0.497500
Kb 0.002300 0.002740 760.000000 2.000000 1.380378 1.142643 0.502078
Kb 0.002300 0.002740 765.000000 2.000000 1.380378 1.143089 0.506599
Kb 0.002300 0.002740 770.000000 2.000000 1.380378 1.143510 0.511062
Kb 0.002300 0.002740 775.000000 2.000000 1.380378 1.143907 0.515468
Kb 0.002300 0.002740 780.000000 2.000000 1.380379 1.144280 0.519818
Kb 0.002300 0.002740 785.000000 2.000000 1.380379 1.144631 0.524113
Kb 0.002300 0.002740 790.000000 2.000000 1.380379 1.144962 0.528353
Kb 0.002300 0.002740 795.000000 2.000000 1.380379 1.145274 0.532538
Kb 0.002300 0.002740 800.000000 2.000000 1.380379 1.145568 0.536669
Kb 0.002300 0.002740 805.000000 2.000000 1.380379 1.145844 0.540747
Kb 0.002300 0.002740 810.000000 2.000000 1.380379 1.146104 0.544772
Kb 0.002300 0.002740 815.000000 2.000000 1.380379 1.146350 0.548745
Kb 0.002300 0.002740 820.000000 2.000000 1.380379 1.146581 0.552666
Kb 0.002300 0.002740 825.000000 2.000000 1.380379 1.146798 0.556536
Kb 0.002300 0.002740 830.000000 2.000000 1.380379 1.147003 0.560355
Kb 0.002300 0.002740 835.000000 2.000000 1.380379 1.147196 0.564125
Kb 0.002300 0.002740 840.000000 2.000000 1.380379 1.147378 0.567845
Kb 0.002300 0.002740 845.000000 2.000000 1.380379 1.147549 0.571516
Kb 0.002300 0.002740 850.000000 2.000000 1.380379 1.147710 0.575139
Kb 0.002300 0.002740 855.000000 2.000000 1.380379 1.147862 0.578714
Kb 0.002300 0.002740 860.000000 2.000000 1.380379 1.148005 0.582242
Kb 0.002300 0.002740 865.000000 2.000000 1.380379 1.148139 0.585723
Kb 0.002300 0.002740 870.000000 2.000000 1.380379 1.148266 0.589159
Kb 0.002300 0.002740 875.000000 2.000000 1.380379 1.148385 0.592549
Kb 0.002300 0.002740 880.000000 2.000000 1.380379 1.148498 0.595893
Kb 0.002300 0.002740 885.000000 2.000000 1.380379 1.148604 0.599194
Kb 0.002300 0.002740 890.000000 2.000000 1.380379 1.148703 0.602450
Kb 0.002300 0.002740 895.000000 2.000000 1.380379 1.148797 0.605663
Kb 0.002300 0.002740 900.000000 2.000000 1.380379 1.148886 0.608834
Kb 0.002300 0.002740 905.000000 2.000000 1.380379 1.148969 0.611962
Kb 0.002300 0.002740 910.000000 2.000000 1.380379 1.149047 0.615048
Kb 0.002300 0.002740 915.000000 2.000000 1.380379 1.149121 0.618093
Kb 0.002300 0.002740 920.000000 2.000000 1.380379 1.149191 0.621098
Kb 0.002300 0.002740 925.000000 2.000000 1.380379 1.149256 0.624062
Kb 0.002300 0.002740 930.000000 2.000000 1.380379 1.149318 0.626986
Kb 0.002300 0.002740 935.000000 2.000000 1.380379 1.149376 0.629872
Kb 0.002300 0.002740 940.000000 2.000000 1.380379 1.149431 0.632718
Kb 0.002300 0.002740 945.000000 2.000000 1.380379 1.149482 0.635527
Kb 0.002300 0.002740 950.000000 2.000000 1.380379 1.149531 0.638297
Kb 0.002300 0.002740 955.000000 2.000000 1.380379 1.149577 0.641031
Kb 0.002300 0.002740 960.000000 2.000000 1.380379 1.149620 0.643728
Kb 0.002300 0.002740 965.000000 2.000000 1.380379 1.149660 0.646388
Kb 0.002300 0.002740 970.000000 2.000000 1.380379 1.149698 0.649013
Kb 0.002300 0.002740 975.000000 2.000000 1.380379 1.149734 0.651602
Kb 0.002300 0.002740 980.000000 2.000000 1.380379 1.149768 0.654156
Kb 0.002300 0.002740 985.000000 2.000000 1.380379 1.149800 0.656676
Kb 0.002300 0.002740 990.000000 2.000000 1.380379 1.149830 0.659162
Kb 0.002300 0.002740 995.000000 2.000000 1.380379 1.149858 0.661615
Kb 0.002300 0.002740 1000.000000 2.000000 1.380379 1.149885 0.664034
Kb 0.002300 0.002740 1005.000000 2.000000 1.380379 1.149910 0.666421
Kb 0.002300 0.002740 1010.000000 2.000000 1.380379 1.149934 0.668776
Kb 0.002300 0.002740 1015.000000 2.000000 1.380379 1.149956 0.671098
Kb 0.002300 0.002740 1020.000000 2.000000 1.380379 1.149977 0.673390
Kb 0.002300 0.002740 1025.000000 2.000000 1.380379 1.149997 0.675650
Kb 0.002300 0.002740 1030.000000 2.000000 1.380379 1.150015 0.677880
Kb 0.002300 0.002740 1035.000000 2.000000 1.380379 1.150033 0.680079
Kb 0.002300 0.002740 1040.000000 2.000000 1.380379 1.150049 0.682249
Kb 0.002300 0.002740 1045.000000 2.000000 1.380379 1.150065 0.684390
Kb 0.002300 0.002740 1050.000000 2.000000 1.380379 1.150080 0.686501
Kb 0.002300 0.002740 1055.000000 2.000000 1.380379 1.150093 0.688584
Kb 0.002300 0.002740 1060.000000 2.000000 1.380379 1.150106 0.690639
Kb 0.002300 0.002740 1065.000000 2.000000 1.380379 1.150118 0.692666
Kb 0.002300 0.002740 1070.000000 2.000000 1.380379 1.150130 0.694665
Kb 0.002300 0.002740 1075.000000 2.000000 1.380379 1.150141 0.696638
Kb 0.002300 0.002740 1080.000000 2.000000 1.380379 1.150151 0.698583
Kb 0.002300 0.002740 1085.000000 2.000000 1.380379 1.150161 0.700503
Kb 0.002300 0.002740 1090.000000 2.000000 1.380379 1.150170 0.702396
Kb 0.002300 0.002740 1095.000000 2.000000 1.380379 1.150178 0.704264
Kb 0.002300 0.002740 1100.000000 2.000000 1.380379 1.150186 0.706106
Kb 0.002300 0.002740 1105.000000 2.000000 1.380379 1.150194 0.707923
Kb 0.002300 0.002740 1110.000000 2.000000 1.380379 1.150201 0.709716
Kb 0.002300 0.002740 1115.000000 2.000000 1.380379 1.150208 0.711484
Kb 0.002300 0.002740 1120.000000 2.000000 1.380379 1.150214 0.713228
Kb 0.002300 0.002740 1125.000000 2.000000 1.380379 1.150220 0.714949
Kb 0.002300 0.002740 1130.000000 2.000000 1.380379 1.150225 0.716646
Kb 0.002300 0.002740 1135.000000 2.000000 1.380379 1.150231 0.718321
Kb 0.002300 0.002740 1140.000000 2.000000 1.380379 1.150236 0.719972
Kb 0.002300 0.002740 1145.000000 2.000000 1.380379 1.150240 0.721601
Kb 0.002300 0.002740 1150.000000 2.000000 1.380379 1.150245 0.723208
Kb 0.002300 0.002740 1155.000000 2.000000 1.380379 1.150249 0.724793
Kb 0.002300 0.002740 1160.000000 2.000000 1.380379 1.150253 0.726357
Kb 0.002300 0.002740 1165.000000 2.000000 1.380379 1.150256 0.727900
Kb 0.002300 0.002740 1170.000000 2.000000 1.380379 1.150260 0.729421
Kb 0.002300 0.002740 1175.000000 2.000000 1.380379 1.150263 0.730922
Kb 0.002300 0.002740 1180.000000 2.000000 1.380379 1.150266 0.732402
Kb 0.002300 0.002740 1185.000000 2.000000 1.380379 1.150269 0.733863
Kb 0.002300 0.002740 1190.000000 2.000000 1.380379 1.150272 0.735303
Kb 0.002300 0.002740 1195.000000 2.000000 1.380379 1.150274 0.736724
Kb 0.002300 0.002740 1200.000000 2.000000 1.380379 1.150277 0.738125
Kb 0.002300 0.002740 1205.000000 2.000000 1.380379 1.150279 0.739508
Kb 0.002300 0.002740 1210.000000 2.000000 1.380379 1.150281 0.740872
Kb 0.002300 0.002740 1215.000000 2.000000 1.380379 1.150283 0.742217
Kb 0.002300 0.002740 1220.000000 2.000000 1.380379 1.150285 0.743544
Kb 0.002300 0.002740 1225.000000 2.000000 1.380379 1.150287 0.744853
Kb 0.002300 0.002740 1230.000000 2.000000 1.380379 1.150289 0.746144
Kb 0.002300 0.002740 1235.000000 2.000000 1.380379 1.150290 0.747418
Kb 0.002300 0.002740 1240.000000 2.000000 1.380379 1.150292 0.748674
Kb 0.002300 0.002740 1245.000000 2.000000 1.380379 1.150293 0.749913
Kb 0.002300 0.002740 1250.000000 2.000000 1.380379 1.150294 0.751135
Kb 0.002300 0.002740 1255.000000 2.000000 1.380379 1.150296 0.752341
Kb 0.002300 0.002740 1260.000000 2.000000 1.380379 1.150297 0.753530
Kb 0.002300 0.002740 1265.000000 2.000000 1.380379 1.150298 0.754703
Kb 0.002300 0.002740 1270.000000 2.000000 1.380379 1.150299 0.755861
Kb 0.002300 0.002740 1275.000000 2.000000 1.380379 1.150300 0.757002
Kb 0.002300 0.002740 1280.000000 2.000000 1.380379 1.150301 0.758128
Kb 0.002300 0.002740 1285.000000 2.000000 1.380379 1.150302 0.759239
Kb 0.002300 0.002740 1290.000000 2.000000 1.380379 1.150303 0.760334
Kb 0.002300 0.002740 1295.000000 2.000000 1.380379 1.150303 0.761415
Kb 0.002300 0.002740 1300.000000 2.000000 1.380379 1.150304 0.762481
Kb 0.002300 0.002740 1305.000000 2.000000 1.380379 1.150305 0.763532
Kb 0.002300 0.002740 1310.000000 2.000000 1.380379 1.150305 0.764570
Kb 0.002300 0.002740 1315.000000 2.000000 1.380379 1.150306 0.765593
Kb 0.002300 0.002740 1320.000000 2.000000 1.380379 1.150307 0.766602
Kb 0.002300 0.002740 1325.000000 2.000000 1.380379 1.150307 0.767597
Kb 0.002300 0.002740 1330.000000 2.000000 1.380379 1.150308 0.768579
Kb 0.002300 0.002740 1335.000000 2.000000 1.380379 1.150308 0.769548
Kb 0.002300 0.002740 1340.000000 2.000000 1.380379 1.150309 0.770503
Kb 0.002300 0.002740 1345.000000 2.000000 1.380379 1.150309 0.771445
Kb 0.002300 0.002740 1350.000000 2.000000 1.380379 1.150309 0.772375
Kb 0.002300 0.002740 1355.000000 2.000000 1.380379 1.150310 0.773292
Kb 0.002300 0.002740 1360.000000 2.000000 1.380379 1.150310 0.774196
Kb 0.002300 0.002740 1365.000000 2.000000 1.380379 1.150310 0.775088
Kb 0.002300 0.002740 1370.000000 2.000000 1.380379 1.150311 0.775968
Kb 0.002300 0.002740 1375.000000 2.000000 1.380379 1.150311 0.776836
Kb 0.002300 0.002740 1380.000000 2.000000 1.380379 1.150311 0.777693
Kb 0.002300 0.002740 1385.000000 2.000000 1.380379 1.150311 0.778537
Kb 0.002300 0.002740 1390.000000 2.000000 1.380379 1.150312 0.779370
Kb 0.002300 0.002740 1395.000000 2.000000 1.380379 1.150312 0.780192
Kb 0.002300 0.002740 1400.000000 2.000000 1.380379 1.150312 0.781003
Kb 0.002300 0.002740 1405.000000 2.000000 1.380379 1.150312 0.781802
Kb 0.002300 0.002740 1410.000000 2.000000 1.380379 1.150313 0.782591
Kb 0.002300 0.002740 1415.000000 2.000000 1.380379 1.150313 0.783369
Kb 0.002300 0.002740 1420.000000 2.000000 1.380379 1.150313 0.784136
Kb 0.002300 0.002740 1425.000000 2.000000 1.380379 1.150313 0.784893
Kb 0.002300 0.002740 1430.000000 2.000000 1.380379 1.150313 0.785640
Kb 0.002300 0.002740 1435.000000 2.000000 1.380379 1.150313 0.786376
Kb 0.002300 0.002740 1440.000000 2.000000 1.380379 1.150313 0.787103
Kb 0.002300 0.002740 1445.000000 2.000000 1.380379 1.150314 0.787819
Kb 0.002300 0.002740 1450.000000 2.000000 1.380379 1.150314 0.788526
Kb 0.002300 0.002740 1455.000000 2.000000 1.380379 1.150314 0.789223
Kb 0.002300 0.002740 1460.000000 2.000000 1.380379 1.150314 0.789911
Kb 0.002300 0.002740 1465.000000 2.000000 1.380379 1.150314 0.790589
Kb 0.002300 0.002740 1470.000000 2.000000 1.380379 1.150314 0.791259
Kb 0.002300 0.002740 1475.000000 2.000000 1.380379 1.150314 0.791919
Kb 0.002300 0.002740 1480.000000 2.000000 1.380379 1.150314 0.792570
Kb 0.002300 0.002740 1485.000000 2.000000 1.380379 1.150314 0.793212
Kb 0.002300 0.002740 1490.000000 2.000000 1.380379 1.150315 0.793845
Kb 0.002300 0.002740 1495.000000 2.000000 1.380379 1.150315 0.794470
Kb 0.002300 0.002740 1500.000000 2.000000 1.380379 1.150315 0.795087
Kb 0.002300 0.002740 1505.000000 2.000000 1.380379 1.150315 0.795695
Kb 0.002300 0.002740 1510.000000 2.000000 1.380379 1.150315 0.796294
Kb 0.002300 0.002740 1515.000000 2.000000 1.380379 1.150315 0.796886
Kb 0.002300 0.002740 1520.000000 2.000000 1.380379 1.150315 0.797469
Kb 0.002300 0.002740 1525.000000 2.000000 1.380379 1.150315 0.798045
Kb 0.002300 0.002740 1530.000000 2.000000 1.380379 1.150315 0.798613
Kb 0.002300 0.002740 1535.000000 2.000000 1.380379 1.150315 0.799173
Kb 0.002300 0.002740 1540.000000 2.000000 1.380379 1.150315 0.799725
Kb 0.002300 0.002740 1545.000000 2.000000 1.380379 1.150315 0.800270
Kb 0.002300 0.002740 1550.000000 2.000000 1.380379 1.150315 0.800807
Kb 0.002300 0.002740 1555.000000 2.000000 1.380379 1.150315 0.801337
Kb 0.002300 0.002740 1560.000000 2.000000 1.380379 1.150315 0.801860
Kb 0.002300 0.002740 1565.000000 2.000000 1.380379 1.150315 0.802376
Kb 0.002300 0.002740 1570.000000 2.000000 1.380379 1.150316 0.802885
Kb 0.002300 0.002740 1575.000000 2.000000 1.380379 1.150316 0.803387
Kb 0.002300 0.002740 1580.000000 2.000000 1.380379 1.150316 0.803882
Kb 0.002300 0.002740 1585.000000 2.000000 1.380379 1.150316 0.804370
Kb 0.002300 0.002740 1590.000000 2.000000 1.380379 1.150316 0.804852
Kb 0.002300 0.002740 1595.000000 2.000000 1.380379 1.150316 0.805327
Kb 0.002300 0.002740 1600.000000 2.000000 1.380379 1.150316 0.805796
Kb 0.002300 0.002740 1605.000000 2.000000 1.380379 1.150316 0.806258
Kb 0.002300 0.002740 1610.000000 2.000000 1.380379 1.150316 0.806714
Kb 0.002300 0.002740 1615.000000 2.000000 1.380379 1.150316 0.807164
Kb 0.002300 0.002740 1620.000000 2.000000 1.380379 1.150316 0.807608
Kb 0.002300 0.002740 1625.000000 2.000000 1.380379 1.150316 0.808045
Kb 0.002300 0.002740 1630.000000 2.000000 1.380379 1.150316 0.808477
Kb 0.002300 0.002740 1635.000000 2.000000 1.380379 1.150316 0.808903
Kb 0.002300 0.002740 1640.000000 2.000000 1.380379 1.150316 0.809323
Kb 0.002300 0.002740 1645.000000 2.000000 1.380379 1.150316 0.809737
Kb 0.002300 0.002740 1650.000000 2.000000 1.380379 1.150316 0.810146
Kb 0.002300 0.002740 1655.000000 2.000000 1.380379 1.150316 0.810549
Kb 0.002300 0.002740 1660.000000 2.000000 1.380379 1.150316 0.810947
Kb 0.002300 0.002740 1665.000000 2.000000 1.380379 1.150316 0.811339
Kb 0.002300 0.002740 1670.000000 2.000000 1.380379 1.150316 0.811726
Kb 0.002300 0.002740 1675.000000 2.000000 1.380379 1.150316 0.812107
Kb 0.002300 0.002740 1680.000000 2.000000 1.380379 1.150316 0.812484
Kb 0.002300 0.002740 1685.000000 2.000000 1.380379 1.150316 0.812855
Kb 0.002300 0.002740 1690.000000 2.000000 1.380379 1.150316 0.813221
Kb 0.002300 0.002740 1695.000000 2.000000 1.380379 1.150316 0.813583
Kb 0.002300 0.002740 1700.000000 2.000000 1.380379 1.150316 0.813939
Kb 0.002300 0.002740 1705.000000 2.000000 1.380379 1.150316 0.814290
Kb 0.002300 0.002740 1710.000000 2.000000 1.380379 1.150316 0.814637
Kb 0.002300 0.002740 1715.000000 2.000000 1.380379 1.150316 0.814979
Kb 0.002300 0.002740 1720.000000 2.000000 1.380379 1.150316 0.815317
Kb 0.002300 0.002740 1725.000000 2.000000 1.380379 1.150316 0.815649
Kb 0.002300 0.002740 1730.000000 2.000000 1.380379 1.150316 0.815978
Kb 0.002300 0.002740 1735.000000 2.000000 1.380379 1.150316 0.816301
Kb 0.002300 0.002740 1740.000000 2.000000 1.380379 1.150316 0.816621
Kb 0.002300 0.002740 1745.000000 2.000000 1.380379 1.150316 0.816936
Kb 0.002300 0.002740 1750.000000 2.000000 1.380379 1.150316 0.817246
Kb 0.002300 0.002740 1755.000000 2.000000 1.380379 1.150316 0.817553
Kb 0.002300 0.002740 1760.000000 2.000000 1.380379 1.150316 0.817855
Kb 0.002300 0.002740 1765.000000 2.000000 1.380379 1.150316 0.818154
Kb 0.002300 0.002740 1770.000000 2.000000 1.380379 1.150316 0.818448
Kb 0.002300 0.002740 1775.000000 2.000000 1.380379 1.150316 0.818738
Kb 0.002300 0.002740 1780.000000 2.000000 1.380379 1.150316 0.819024
Kb 0.002300 0.002740 1785.000000 2.000000 1.380379 1.150316 0.819306
Kb 0.002300 0.002740 1790.000000 2.000000 1.380379 1.150316 0.819585
Kb 0.002300 0.002740 1795.000000 2.000000 1.380379 1.150316 0.819860
Kb 0.002300 0.002740 1800.000000 2.000000 1.380379 1.150316 0.820131
Kb 0.002300 0.002740 1805.000000 2.000000 1.380379 1.150316 0.820398
Kb 0.002300 0.002740 1810.000000 2.000000 1.380379 1.150316 0.820662
Kb 0.002300 0.002740 1815.000000 2.000000 1.380379 1.150316 0.820922
Kb 0.002300 0.002740 1820.000000 2.000000 1.380379 1.150316 0.821178
Kb 0.002300 0.002740 1825.000000 2.000000 1.380379 1.150316 0.821431
Kb 0.002300 0.002740 1830.000000 2.000000 1.380379 1.150316 0.821681
Kb 0.002300 0.002740 1835.000000 2.000000 1.380379 1.150316 0.821927
Kb 0.002300 0.002740 1840.000000 2.000000 1.380379 1.150316 0.822170
Kb 0.002300 0.002740 1845.000000 2.000000 1.380379 1.150316 0.822409
Kb 0.002300 0.002740 1850.000000 2.000000 1.380379 1.150316 0.822646
Kb 0.002300 0.002740 1855.000000 2.000000 1.380379 1.150316 0.822879
Kb 0.002300 0.002740 1860.000000 2.000000 1.380379 1.150316 0.823109
Kb 0.002300 0.002740 1865.000000 2.000000 1.380379 1.150316 0.823335
Kb 0.002300 0.002740 1870.000000 2.000000 1.380379 1.150316 0.823559
Kb 0.002300 0.002740 1875.000000 2.000000 1.380379 1.150316 0.823780
Kb 0.002300 0.002740 1880.000000 2.000000 1.380379 1.150316 0.823997
Kb 0.002300 0.002740 1885.000000 2.000000 1.380379 1.150316 0.824212
Kb 0.002300 0.002740 1890.000000 2.000000 1.380379 1.150316 0.824424
Kb 0.002300 0.002740 1895.000000 2.000000 1.380379 1.150316 0.824633
Kb 0.002300 0.002740 1900.000000 2.000000 1.380379 1.150316 0.824839
Kb 0.002300 0.002740 1905.000000 2.000000 1.380379 1.150316 0.825042
Kb 0.002300 0.002740 1910.000000 2.000000 1.380379 1.150316 0.825242
Kb 0.002300 0.002740 1915.000000 2.000000 1.380379 1.150316 0.825440
Kb 0.002300 0.002740 1920.000000 2.000000 1.380379 1.150316 0.825635
Kb 0.002300 0.002740 1925.000000 2.000000 1.380379 1.150316 0.825828
Kb 0.002300 0.002740 1930.000000 2.000000 1.380379 1.150316 0.826017
Kb 0.002300 0.002740 1935.000000 2.000000 1.380379 1.150316 0.826205
Kb 0.002300 0.002740 1940.000000 2.000000 1.380379 1.150316 0.826389
Kb 0.002300 0.002740 1945.000000 2.000000 1.380379 1.150316 0.826571
Kb 0.002300 0.002740 1950.000000 2.000000 1.380379 1.150316 0.826751
Kb 0.002300 0.002740 1955.000000 2.000000 1.380379 1.150316 0.826928
Kb 0.002300 0.002740 1960.000000 2.000000 1.380379 1.150316 0.827103
Kb 0.002300 0.002740 1965.000000 2.000000 1.380379 1.150316 0.827275
Kb 0.002300 0.002740 1970.000000 2.000000 1.380379 1.150316 0.827446
Kb 0.002300 0.002740 1975.000000 2.000000 1.380379 1.150316 0.827613
Kb 0.002300 0.002740 1980.000000 2.000000 1.380379 1.150316 0.827779
Kb 0.002300 0.002740 1985.000000 2.000000 1.380379 1.150316 0.827942
Kb 0.002300 0.002740 1990.000000 2.000000 1.380379 1.150316 0.828103
Kb 0.002300 0.002740 1995.000000 2.000000 1.380379 1.150316 0.828262
Kb 0.002300 0.002740 2000.000000 2.000000 1.380379 1.150316 0.828418
Kb 0.002300 0.002740 2005.000000 2.000000 1.380379 1.150316 0.828573
Kb 0.002300 0.002740 2010.000000 2.000000 1.380379 1.150316 0.828725
Kb 0.002300 0.002740 2015.000000 2.000000 1.380379 1.150316 0.828876
Kb 0.002300 0.002740 2020.000000 2.000000 1.380379 1.150316 0.829024
Kb 0.002300 0.002740 2025.000000 2.000000 1.380379 1.150316 0.829170
Kb 0.002300 0.002740 2030.000000 2.000000 1.380379 1.150316 0.829315
Kb 0.002300 0.002740 2035.000000 2.000000 1.380379 1.150316 0.829457
Kb 0.002300 0.002740 2040.000000 2.000000 1.380379 1.150316 0.829597
Kb 0.002300 0.002740 2045.000000 2.000000 1.380379 1.150316 0.829736
Kb 0.002300 0.002740 2050.000000 2.000000 1.380379 1.150316 0.829873
Kb 0.002300 0.002740 2055.000000 2.000000 1.380379 1.150316 0.830007
Kb 0.002300 0.002740 2060.000000 2.000000 1.380379 1.150316 0.830140
Kb 0.002300 0.002740 2065.000000 2.000000 1.380379 1.150316 0.830271
Kb 0.002300 0.002740 2070.000000 2.000000 1.380379 1.150316 0.830401
Kb 0.002300 0.002740 2075.000000 2.000000 1.380379 1.150316 0.830528
Kb 0.002300 0.002740 2080.000000 2.000000 1.380379 1.150316 0.830654
Kb 0.002300 0.002740 2085.000000 2.000000 1.380379 1.150316 0.830778
Kb 0.002300 0.002740 2090.000000 2.000000 1.380379 1.150316 0.830901
Kb 0.002300 0.002740 2095.000000 2.000000 1.380379 1.150316 0.831021
Kb 0.002300 0.002740 2100.000000 2.000000 1.380379 1.150316 0.831140
Kb 0.002300 0.002740 2105.000000 2.000000 1.380379 1.150316 0.831258
Kb 0.002300 0.002740 2110.000000 2.000000 1.380379 1.150316 0.831374
Kb 0.002300 0.002740 2115.000000 2.000000 1.380379 1.150316 0.831488
Kb 0.002300 0.002740 2120.000000 2.000000 1.380379 1.150316 0.831601
Kb 0.002300 0.002740 2125.000000 2.000000 1.380379 1.150316 0.831712
Kb 0.002300 0.002740 2130.000000 2.000000 1.380379 1.150316 0.831822
Kb 0.002300 0.002740 2135.000000 2.000000 1.380379 1.150316 0.831930
Kb 0.002300 0.002740 2140.000000 2.000000 1.380379 1.150316 0.832037
Kb 0.002300 0.002740 2145.000000 2.000000 1.380379 1.150316 0.832142
Kb 0.002300 0.002740 2150.000000 2.000000 1.380379 1.150316 0.832246
Kb 0.002300 0.002740 2155.000000 2.000000 1.380379 1.150316 0.832349
Kb 0.002300 0.002740 2160.000000 2.000000 1.380379 1.150316 0.832450
Kb 0.002300 0.002740 2165.000000 2.000000 1.380379 1.150316 0.832549
Kb 0.002300 0.002740 2170.000000 2.000000 1.380379 1.150316 0.832648
Kb 0.002300 0.002740 2175.000000 2.000000 1.380379 1.150316 0.832745
Kb 0.002300 0.002740 2180.000000 2.000000 1.380379 1.150316 0.832840
Kb 0.002300 0.002740 2185.000000 2.000000 1.380379 1.150316 0.832935
Kb 0.002300 0.002740 2190.000000 2.000000 1.380379 1.150316 0.833028
Kb 0.002300 0.002740 2195.000000 2.000000 1.380379 1.150316 0.833120
Kb 0.002300 0.002740 2200.000000 2.000000 1.380379 1.150316 0.833210
Kb 0.002300 0.002740 2205.000000 2.000000 1.380379 1.150316 0.833300
Kb 0.002300 0.002740 2210.000000 2.000000 1.380379 1.150316 0.833388
Kb 0.002300 0.002740 2215.000000 2.000000 1.380379 1.150316 0.833475
Kb 0.002300 0.002740 2220.000000 2.000000 1.380379 1.150316 0.833560
Kb 0.002300 0.002740 2225.000000 2.000000 1.380379 1.150316 0.833645
Kb 0.002300 0.002740 2230.000000 2.000000 1.380379 1.150316 0.833728
Kb 0.002300 0.002740 2235.000000 2.000000 1.380379 1.150316 0.833811
Kb 0.002300 0.002740 2240.000000 2.000000 1.380379 1.150316 0.833892
Kb 0.002300 0.002740 2245.000000 2.000000 1.380379 1.150316 0.833972
Kb 0.002300 0.002740 2250.000000 2.000000 1.380379 1.150316 0.834051
Kb 0.002300 0.002740 2255.000000 2.000000 1.380379 1.150316 0.834129
Kb 0.002300 0.002740 2260.000000 2.000000 1.380379 1.150316 0.834206
Kb 0.002300 0.002740 2265.000000 2.000000 1.380379 1.150316 0.834281
Kb 0.002300 0.002740 2270.000000 2.000000 1.380379 1.150316 0.834356
Kb 0.002300 0.002740 2275.000000 2.000000 1.380379 1.150316 0.834430
Kb 0.002300 0.002740 2280.000000 2.000000 1.380379 1.150316 0.834503
Kb 0.002300 0.002740 2285.000000 2.000000 1.380379 1.150316 0.834574
Kb 0.002300 0.002740 2290.000000 2.000000 1.380379 1.150316 0.834645
Kb 0.002300 0.002740 2295.000000 2.000000 1.380379 1.150316 0.834715
Kb 0.002300 0.002740 2300.000000 2.000000 1.380379 1.150316 0.834784
Kb 0.002300 0.002740 2305.000000 2.000000 1.380379 1.150316 0.834852
Kb 0.002300 0.002740 2310.000000 2.000000 1.380379 1.150316 0.834919
Kb 0.002300 0.002740 2315.000000 2.000000 1.380379 1.150316 0.834985
Kb 0.002300 0.002740 2320.000000 2.000000 1.380379 1.150316 0.835050
Kb 0.002300 0.002740 2325.000000 2.000000 1.380379 1.150316 0.835114
Kb 0.002300 0.002740 2330.000000 2.000000 1.380379 1.150316 0.835178
Kb 0.002300 0.002740 2335.000000 2.000000 1.380379 1.150316 0.835240
Kb 0.002300 0.002740 2340.000000 2.000000 1.380379 1.150316 0.835302
Kb 0.002300 0.002740 2345.000000 2.000000 1.380379 1.150316 0.835363
Kb 0.002300 0.002740 2350.000000 2.000000 1.380379 1.150316 0.835423
Kb 0.002300 0.002740 2355.000000 2.000000 1.380379 1.150316 0.835482
Kb 0.002300 0.002740 2360.000000 2.000000 1.380379 1.150316 0.835541
Kb 0.002300 0.002740 2365.000000 2.000000 1.380379 1.150316 0.835598
Kb 0.002300 0.002740 2370.000000 2.000000 1.380379 1.150316 0.835655
Kb 0.002300 0.002740 2375.000000 2.000000 1.380379 1.150316 0.835711
Kb 0.002300 0.002740 2380.000000 2.000000 1.380379 1.150316 0.835767
Kb 0.002300 0.002740 2385.000000 2.000000 1.380379 1.150316 0.835821
Kb 0.002300 0.002740 2390.000000 2.000000 1.380379 1.150316 0.835875
Kb 0.002300 0.002740 2395.000000 2.000000 1.380379 1.150316 0.835928
Kb 0.002300 0.002740 2400.000000 2.000000 1.380379 1.150316 0.835980
Kb 0.002300 0.002740 2405.000000 2.000000 1.380379 1.150316 0.836032
Kb 0.002300 0.002740 2410.000000 2.000000 1.380379 1.150316 0.836083
Kb 0.002300 0.002740 2415.000000 2.000000 1.380379 1.150316 0.836133
Kb 0.002300 0.002740 2420.000000 2.000000 1.380379 1.150316 0.836183
Kb 0.002300 0.002740 2425.000000 2.000000 1.380379 1.150316 0.836232
Kb 0.002300 0.002740 2430.000000 2.000000 1.380379 1.150316 0.836280
Kb 0.002300 0.002740 2435.000000 2.000000 1.380379 1.150316 0.836328
Kb 0.002300 0.002740 2440.000000 2.000000 1.380379 1.150316 0.836375
Kb 0.002300 0.002740 2445.000000 2.000000 1.380379 1.150316 0.836421
Kb 0.002300 0.002740 2450.000000 2.000000 1.380379 1.150316 0.836466
Kb 0.002300 0.002740 2455.000000 2.000000 1.380379 1.150316 0.836512
Kb 0.002300 0.002740 2460.000000 2.000000 1.380379 1.150316 0.836556
Kb 0.002300 0.002740 2465.000000 2.000000 1.380379 1.150316 0.836600
Kb 0.002300 0.002740 2470.000000 2.000000 1.380379 1.150316 0.836643
Kb 0.002300 0.002740 2475.000000 2.000000 1.380379 1.150316 0.836686
Kb 0.002300 0.002740 2480.000000 2.000000 1.380379 1.150316 0.836728
Kb 0.002300 0.002740 2485.000000 2.000000 1.380379 1.150316 0.836769
Kb 0.002300 0.002740 2490.000000 2.000000 1.380379 1.150316 0.836810
Kb 0.002300 0.002740 2495.000000 2.000000 1.380379 1.150316 0.836850
Kb 0.002300 0.002740 2500.000000 2.000000 1.380379 1.150316 0.836890
Kb 0.002300 0.002740 2505.000000 2.000000 1.380379 1.150316 0.836930
Kb 0.002300 0.002740 2510.000000 2.000000 1.380379 1.150316 0.836968
Kb 0.002300 0.002740 2515.000000 2.000000 1.380379 1.150316 0.837006
Kb 0.002300 0.002740 2520.000000 2.000000 1.380379 1.150316 0.837044
Kb 0.002300 0.002740 2525.000000 2.000000 1.380379 1.150316 0.837081
Kb 0.002300 0.002740 2530.000000 2.000000 1.380379 1.150316 0.837118
Kb 0.002300 0.002740 2535.000000 2.000000 1.380379 1.150316 0.837154
Kb 0.002300 0.002740 2540.000000 2.000000 1.380379 1.150316 0.837190
Kb 0.002300 0.002740 2545.000000 2.000000 1.380379 1.150316 0.837225
Kb 0.002300 0.002740 2550.000000 2.000000 1.380379 1.150316 0.837260
Kb 0.002300 0.002740 2555.000000 2.000000 1.380379 1.150316 0.837294
Kb 0.002300 0.002740 2560.000000 2.000000 1.380379 1.150316 0.837328
Kb 0.002300 0.002740 2565.000000 2.000000 1.380379 1.150316 0.837361
Kb 0.002300 0.002740 2570.000000 2.000000 1.380379 1.150316 0.837394
Kb 0.002300 0.002740 2575.000000 2.000000 1.380379 1.150316 0.837426
Kb 0.002300 0.002740 2580.000000 2.000000 1.380379 1.150316 0.837458
Kb 0.002300 0.002740 2585.000000 2.000000 1.380379 1.150316 0.837490
Kb 0.002300 0.002740 2590.000000 2.000000 1.380379 1.150316 0.837521
Kb 0.002300 0.002740 2595.000000 2.000000 1.380379 1.150316 0.837552
Kb 0.002300 0.002740 2600.000000 2.000000 1.380379 1.150316 0.837582
Kb 0.002300 0.002740 2605.000000 2.000000 1.380379 1.150316 0.837612
Kb 0.002300 0.002740 2610.000000 2.000000 1.380379 1.150316 0.837641
Kb 0.002300 0.002740 2615.000000 2.000000 1.380379 1.150316 0.837670
Kb 0.002300 0.002740 2620.000000 2.000000 1.380379 1.150316 0.837699
Kb 0.002300 0.002740 2625.000000 2.000000 1.380379 1.150316 0.837727
Kb 0.002300 0.002740 2630.000000 2.000000 1.380379 1.150316 0.837755
Kb 0.002300 0.002740 2635.000000 2.000000 1.380379 1.150316 0.837783
Kb 0.002300 0.002740 2640.000000 2.000000 1.380379 1.150316 0.837810
Kb 0.002300 0.002740 2645.000000 2.000000 1.380379 1.150316 0.837837
Kb 0.002300 0.002740 2650.000000 2.000000 1.380379 1.150316 0.837863
Kb 0.002300 0.002740 2655.000000 2.000000 1.380379 1.150316 0.837889
Kb 0.002300 0.002740 2660.000000 2.000000 1.380379 1.150316 0.837915
Kb 0.002300 0.002740 2665.000000 2.000000 1.380379 1.150316 0.837940
Kb 0.002300 0.002740 2670.000000 2.000000 1.380379 1.150316 0.837965
Kb 0.002300 0.002740 2675.000000 2.000000 1.380379 1.150316 0.837990
Kb 0.002300 0.002740 2680.000000 2.000000 1.380379 1.150316 0.838014
Kb 0.002300 0.002740 2685.000000 2.000000 1.380379 1.150316 0.838038
Kb 0.002300 0.002740 2690.000000 2.000000 1.380379 1.150316 0.838062
Kb 0.002300 0.002740 2695.000000 2.000000 1.380379 1.150316 0.838085
Kb 0.002300 0.002740 2700.000000 2.000000 1.380379 1.150316 0.838108
Kb 0.002300 0.002740 2705.000000 2.000000 1.380379 1.150316 0.838131
Kb 0.002300 0.002740 2710.000000 2.000000 1.380379 1.150316 0.838153
Kb 0.002300 0.002740 2715.000000 2.000000 1.380379 1.150316 0.838175
Kb 0.002300 0.002740 2720.000000 2.000000 1.380379 1.150316 0.838197
Kb 0.002300 0.002740 2725.000000 2.000000 1.380379 1.150316 0.838219
Kb 0.002300 0.002740 2730.000000 2.000000 1.380379 1.150316 0.838240
Kb 0.002300 0.002740 2735.000000 2.000000 1.380379 1.150316 0.838261
Kb 0.002300 0.002740 2740.000000 2.000000 1.380379 1.150316 0.838281
Kb 0.002300 0.002740 2745.000000 2.000000 1.380379 1.150316 0.838302
Kb 0.002300 0.002740 2750.000000 2.000000 1.380379 1.150316 0.838322
Kb 0.002300 0.002740 2755.000000 2.000000 1.380379 1.150316 0.838342
Kb 0.002300 0.002740 2760.000000 2.000000 1.380379 1.150316 0.838361
Kb 0.002300 0.002740 2765.000000 2.000000 1.380379 1.150316 0.838380
Kb 0.002300 0.002740 2770.000000 2.000000 1.380379 1.150316 0.838399
Kb 0.002300 0.002740 2775.000000 2.000000 1.380379 1.150316 0.838418
Kb 0.002300 0.002740 2780.000000 2.000000 1.380379 1.150316 0.838437
Kb 0.002300 0.002740 2785.000000 2.000000 1.380379 1.150316 0.838455
Kb 0.002300 0.002740 2790.000000 2.000000 1.380379 1.150316 0.838473
Kb 0.002300 0.002740 2795.000000 2.000000 1.380379 1.150316 0.838491
Kb 0.002300 0.002740 2800.000000 2.000000 1.380379 1.150316 0.838508
Kb 0.002300 0.002740 2805.000000 2.000000 1.380379 1.150316 0.838525
Kb 0.002300 0.002740 2810.000000 2.000000 1.380379 1.150316 0.838542
Kb 0.002300 0.002740 2815.000000 2.000000 1.380379 1.150316 0.838559
Kb 0.002300 0.002740 2820.000000 2.000000 1.380379 1.150316 0.838576
Kb 0.002300 0.002740 2825.000000 2.000000 1.380379 1.150316 0.838592
Kb 0.002300 0.002740 2830.000000 2.000000 1.380379 1.150316 0.838608
Kb 0.002300 0.002740 2835.000000 2.000000 1.380379 1.150316 0.838624
Kb 0.002300 0.002740 2840.000000 2.000000 1.380379 1.150316 0.838640
Kb 0.002300 0.002740 2845.000000 2.000000 1.380379 1.150316 0.838655
Kb 0.002300 0.002740 2850.000000 2.000000 1.380379 1.150316 0.838671
Kb 0.002300 0.002740 2855.000000 2.000000 1.380379 1.150316 0.838686
Kb 0.002300 0.002740 2860.000000 2.000000 1.380379 1.150316 0.838700
Kb 0.002300 0.002740 2865.000000 2.000000 1.380379 1.150316 0.838715
Kb 0.002300 0.002740 2870.000000 2.000000 1.380379 1.150316 0.838730
Kb 0.002300 0.002740 2875.000000 2.000000 1.380379 1.150316 0.838744
Kb 0.002300 0.002740 2880.000000 2.000000 1.380379 1.150316 0.838758
Kb 0.002300 0.002740 2885.000000 2.000000 1.380379 1.150316 0.838772
Kb 0.002300 0.002740 2890.000000 2.000000 1.380379 1.150316 0.838785
Kb 0.002300 0.002740 2895.000000 2.000000 1.380379 1.150316 0.838799
Kb 0.002300 0.002740 2900.000000 2.000000 1.380379 1.150316 0.838812
Kb 0.002300 0.002740 2905.000000 2.000000 1.380379 1.150316 0.838825
Kb 0.002300 0.002740 2910.000000 2.000000 1.380379 1.150316 0.838838
Kb 0.002300 0.002740 2915.000000 2.000000 1.380379 1.150316 0.838851
Kb 0.002300 0.002740 2920.000000 2.000000 1.380379 1.150316 0.838864
Kb 0.002300 0.002740 2925.000000 2.000000 1.380379 1.150316 0.838876
Kb 0.002300 0.002740 2930.000000 2.000000 1.380379 1.150316 0.838888
Kb 0.002300 0.002740 2935.000000 2.000000 1.380379 1.150316 0.838900
Kb 0.002300 0.002740 2940.000000 2.000000 1.380379 1.150316 0.838912
Kb 0.002300 0.002740 2945.000000 2.000000 1.380379 1.150316 0.838924
Kb 0.002300 0.002740 2950.000000 2.000000 1.380379 1.150316 0.838936
Kb 0.002300 0.002740 2955.000000 2.000000 1.380379 1.150316 0.838947
Kb 0.002300 0.002740 2960.000000 2.000000 1.380379 1.150316 0.838959
Kb 0.002300 0.002740 2965.000000 2.000000 1.380379 1.150316 0.838970
Kb 0.002300 0.002740 2970.000000 2.000000 1.380379 1.150316 0.838981
Kb 0.002300 0.002740 2975.000000 2.000000 1.380379 1.150316 0.838991
Kb 0.002300 0.002740 2980.000000 2.000000 1.380379 1.150316 0.839002
Kb 0.002300 0.002740 2985.000000 2.000000 1.380379 1.150316 0.839013
Kb 0.002300 0.002740 2990.000000 2.000000 1.380379 1.150316 0.839023
Kb 0.002300 0.002740 2995.000000 2.000000 1.380379 1.150316 0.839033
Kb 0.002300 0.002740 3000.000000 2.000000 1.380379 1.150316 0.839043
Kb 0.002300 0.002740 3005.000000 2.000000 1.380379 1.150316 0.839053
Kb 0.002300 0.002740 3010.000000 2.000000 1.380379 1.150316 0.839063
Kb 0.002300 0.002740 3015.000000 2.000000 1.380379 1.150316 0.839073
Kb 0.002300 0.002740 3020.000000 2.000000 1.380379 1.150316 0.839083
Kb 0.002300 0.002740 3025.000000 2.000000 1.380379 1.150316 0.839092
Kb 0.002300 0.002740 3030.000000 2.000000 1.380379 1.150316 0.839101
Kb 0.002300 0.002740 3035.000000 2.000000 1.380379 1.150316 0.839111
Kb 0.002300 0.002740 3040.000000 2.000000 1.380379 1.150316 0.839120
Kb 0.002300 0.002740 3045.000000 2.000000 1.380379 1.150316 0.839129
Kb 0.002300 0.002740 3050.000000 2.000000 1.380379 1.150316 0.839137
Kb 0.002300 0.002740 3055.000000 2.000000 1.380379 1.150316 0.839146
Kb 0.002300 0.002740 3060.000000 2.000000 1.380379 1.150316 0.839155
Kb 0.002300 0.002740 3065.000000 2.000000 1.380379 1.150316 0.839163
Kb 0.002300 0.002740 3070.000000 2.000000 1.380379 1.150316 0.839172
Kb 0.002300 0.002740 3075.000000 2.000000 1.380379 1.150316 0.839180
Kb 0.002300 0.002740 3080.000000 2.000000 1.380379 1.150316 0.839188
Kb 0.002300 0.002740 3085.000000 2.000000 1.380379 1.150316 0.839196
Kb 0.002300 0.002740 3090.000000 2.000000 1.380379 1.150316 0.839204
Kb 0.002300 0.002740 3095.000000 2.000000 1.380379 1.150316 0.839212
Kb 0.002300 0.002740 3100.000000 2.000000 1.380379 1.150316 0.839219
Kb 0.002300 0.002740 3105.000000 2.000000 1.380379 1.150316 0.839227
Kb 0.002300 0.002740 3110.000000 2.000000 1.380379 1.150316 0.839234
Kb 0.002300 0.002740 3115.000000 2.000000 1.380379 1.150316 0.839242
Kb 0.002300 0.002740 3120.000000 2.000000 1.380379 1.150316 0.839249
Kb 0.002300 0.002740 3125.000000 2.000000 1.380379 1.150316 0.839256
Kb 0.002300 0.002740 3130.000000 2.000000 1.380379 1.150316 0.839263
Kb 0.002300 0.002740 3135.000000 2.000000 1.380379 1.150316 0.839270
Kb 0.002300 0.002740 3140.000000 2.000000 1.380379 1.150316 0.839277
Kb 0.002300 0.002740 3145.000000 2.000000 1.380379 1.150316 0.839284
Kb 0.002300 0.002740 3150.000000 2.000000 1.380379 1.150316 0.839291
Kb 0.002300 0.002740 3155.000000 2.000000 1.380379 1.150316 0.839297
Kb 0.002300 0.002740 3160.000000 2.000000 1.380379 1.150316 0.839304
Kb 0.002300 0.002740 3165.000000 2.000000 1.380379 1.150316 0.839310
Kb 0.002300 0.002740 3170.000000 2.000000 1.380379 1.150316 0.839317
Kb 0.002300 0.002740 3175.000000 2.000000 1.380379 1.150316 0.839323
Kb 0.002300 0.002740 3180.000000 2.000000 1.380379 1.150316 0.839329
Kb 0.002300 0.002740 3185.000000 2.000000 1.380379 1.150316 0.839335
Kb 0.002300 0.002740 3190.000000 2.000000 1.380379 1.150316 0.839341
Kb 0.002300 0.002740 3195.000000 2.000000 1.380379 1.150316 0.839347
Kb 0.002300 0.002740 3200.000000 2.000000 1.380379 1.150316 0.839353
Kb 0.002300 0.002740 3205.000000 2.000000 1.380379 1.150316 0.839359
Kb 0.002300 0.002740 3210.000000 2.000000 1.380379 1.150316 0.839365
Kb 0.002300 0.002740 3215.000000 2.000000 1.380379 1.150316 0.839370
Kb 0.002300 0.002740 3220.000000 2.000000 1.380379 1.150316 0.839376
Kb 0.002300 0.002740 3225.000000 2.000000 1.380379 1.150316 0.839381
Kb 0.002300 0.002740 3230.000000 2.000000 1.380379 1.150316 0.839387
Kb 0.002300 0.002740 3235.000000 2.000000 1.380379 1.150316 0.839392
Kb 0.002300 0.002740 3240.000000 2.000000 1.380379 1.150316 0.839397
Kb 0.002300 0.002740 3245.000000 2.000000 1.380379 1.150316 0.839402
Kb 0.002300 0.002740 3250.000000 2.000000 1.380379 1.150316 0.839407
Kb 0.002300 0.002740 3255.000000 2.000000 1.380379 1.150316 0.839412
Kb 0.002300 0.002740 3260.000000 2.000000 1.380379 1.150316 0.839417
Kb 0.002300 0.002740 3265.000000 2.000000 1.380379 1.150316 0.839422
Kb 0.002300 0.002740 3270.000000 2.000000 1.380379 1.150316 0.839427
Kb 0.002300 0.002740 3275.000000 2.000000 1.380379 1.150316 0.839432
Kb 0.002300 0.002740 3280.000000 2.000000 1.380379 1.150316 0.839437
Kb 0.002300 0.002740 3285.000000 2.000000 1.380379 1.150316 0.839441
Kb 0.002300 0.002740 3290.000000 2.000000 1.380379 1.150316 0.839446
Kb 0.002300 0.002740 3295.000000 2.000000 1.380379 1.150316 0.839450
Kb 0.002300 0.002740 3300.000000 2.000000 1.380379 1.150316 0.839455
Kb 0.002300 0.002740 3305.000000 2.000000 1.380379 1.150316 0.839459
Kb 0.002300 0.002740 3310.000000 2.000000 1.380379 1.150316 0.839463
Kb 0.002300 0.002740 3315.000000 2.000000 1.380379 1.150316 0.839468
Kb 0.002300 0.002740 3320.000000 2.000000 1.380379 1.150316 0.839472
Kb 0.002300 0.002740 3325.000000 2.000000 1.380379 1.150316 0.839476
Kb 0.002300 0.002740 3330.000000 2.000000 1.380379 1.150316 0.839480
Kb 0.002300 0.002740 3335.000000 2.000000 1.380379 1.150316 0.839484
Kb 0.002300 0.002740 3340.000000 2.000000 1.380379 1.150316 0.839488
Kb 0.002300 0.002740 3345.000000 2.000000 1.380379 1.150316 0.839492
Kb 0.002300 0.002740 3350.000000 2.000000 1.380379 1.150316 0.839496
Kb 0.002300 0.002740 3355.000000 2.000000 1.380379 1.150316 0.839500
Kb 0.002300 0.002740 3360.000000 2.000000 1.380379 1.150316 0.839504
Kb 0.002300 0.002740 3365.000000 2.000000 1.380379 1.150316 0.839507
Kb 0.002300 0.002740 3370.000000 2.000000 1.380379 1.150316 0.839511
Kb 0.002300 0.002740 3375.000000 2.000000 1.380379 1.150316 0.839515
Kb 0.002300 0.002740 3380.000000 2.000000 1.380379 1.150316 0.839518
Kb 0.002300 0.002740 3385.000000 2.000000 1.380379 1.150316 0.839522
Kb 0.002300 0.002740 3390.000000 2.000000 1.380379 1.150316 0.839525
Kb 0.002300 0.002740 3395.000000 2.000000 1.380379 1.150316 0.839529
Kb 0.002300 0.002740 3400.000000 2.000000 1.380379 1.150316 0.839532
Kb 0.002300 0.002740 3405.000000 2.000000 1.380379 1.150316 0.839535
Kb 0.002300 0.002740 3410.000000 2.000000 1.380379 1.150316 0.839539
Kb 0.002300 0.002740 3415.000000 2.000000 1.380379 1.150316 0.839542
Kb 0.002300 0.002740 3420.000000 2.000000 1.380379 1.150316 0.839545
Kb 0.002300 0.002740 3425.000000 2.000000 1.380379 1.150316 0.839548
Kb 0.002300 0.002740 3430.000000 2.000000 1.380379 1.150316 0.839551
Kb 0.002300 0.002740 3435.000000 2.000000 1.380379 1.150316 0.839554
Kb 0.002300 0.002740 3440.000000 2.000000 1.380379 1.150316 0.839557
Kb 0.002300 0.002740 3445.000000 2.000000 1.380379 1.150316 0.839560
Kb 0.002300 0.002740 3450.000000 2.000000 1.380379 1.150316 0.839563
Kb 0.002300 0.002740 3455.000000 2.000000 1.380379 1.150316 0.839566
Kb 0.002300 0.002740 3460.000000 2.000000 1.380379 1.150316 0.839569
Kb 0.002300 0.002740 3465.000000 2.000000 1.380379 1.150316 0.839572
Kb 0.002300 0.002740 3470.000000 2.000000 1.380379 1.150316 0.839575
Kb 0.002300 0.002740 3475.000000 2.000000 1.380379 1.150316 0.839577
Kb 0.002300 0.002740 3480.000000 2.000000 1.380379 1.150316 0.839580
Kb 0.002300 0.002740 3485.000000 2.000000 1.380379 1.150316 0.839583
Kb 0.002300 0.002740 3490.000000 2.000000 1.380379 1.150316 0.839586
Kb 0.002300 0.002740 3495.000000 2.000000 1.380379 1.150316 0.839588
Kb 0.002300 0.002740 3500.000000 2.000000 1.380379 1.150316 0.839591
Kb 0.002300 0.002740 3505.000000 2.000000 1.380379 1.150316 0.839593
Kb 0.002300 0.002740 3510.000000 2.000000 1.380379 1.150316 0.839596
Kb 0.002300 0.002740 3515.000000 2.000000 1.380379 1.150316 0.839598
Kb 0.002300 0.002740 3520.000000 2.000000 1.380379 1.150316 0.839601
Kb 0.002300 0.002740 3525.000000 2.000000 1.380379 1.150316 0.839603
Kb 0.002300 0.002740 3530.000000 2.000000 1.380379 1.150316 0.839605
Kb 0.002300 0.002740 3535.000000 2.000000 1.380379 1.150316 0.839608
Kb 0.002300 0.002740 3540.000000 2.000000 1.380379 1.150316 0.839610
Kb 0.002300 0.002740 3545.000000 2.000000 1.380379 1.150316 0.839612
Kb 0.002300 0.002740 3550.000000 2.000000 1.380379 1.150316 0.839615
Kb 0.002300 0.002740 3555.000000 2.000000 1.380379 1.150316 0.839617
Kb 0.002300 0.002740 3560.000000 2.000000 1.380379 1.150316 0.839619
Kb 0.002300 0.002740 3565.000000 2.000000 1.380379 1.150316 0.839621
Kb 0.002300 0.002740 3570.000000 2.000000 1.380379 1.150316 0.839623
Kb 0.002300 0.002740 3575.000000 2.000000 1.380379 1.150316 0.839625
Kb 0.002300 0.002740 3580.000000 2.000000 1.380379 1.150316 0.839627
Kb 0.002300 0.002740 3585.000000 2.000000 1.380379 1.150316 0.839629
Kb 0.002300 0.002740 3590.000000 2.000000 1.380379 1.150316 0.839631
Kb 0.002300 0.002740 3595.000000 2.000000 1.380379 1.150316 0.839633
Kb 0.002300 0.002740 3600.000000 2.000000 1.380379 1.150316 0.839635
