HEADER DATE 31-Jul-2017 19:34:54
HEADER RANDSEED 1741999709
Param True_Value Sim_Value Sim_Time Input mRNA foldedP fluo
Vm1 0.041400 0.113686 0.000000 0.000000 0.001104 0.000920 0.000800
Vm1 0.041400 0.113686 5.000000 0.000000 0.001104 0.000920 0.000800
Vm1 0.041400 0.113686 10.000000 0.000000 0.001104 0.000920 0.000800
Vm1 0.041400 0.113686 15.000000 0.000000 0.001104 0.000920 0.000800
Vm1 0.041400 0.113686 20.000000 0.000000 0.001104 0.000920 0.000800
Vm1 0.041400 0.113686 25.000000 0.000000 0.001104 0.000920 0.000800
Vm1 0.041400 0.113686 30.000000 0.000000 0.001104 0.000920 0.000800
Vm1 0.041400 0.113686 35.000000 0.000000 0.001104 0.000920 0.000800
Vm1 0.041400 0.113686 40.000000 0.000000 0.001104 0.000920 0.000800
Vm1 0.041400 0.113686 45.000000 0.000000 0.001104 0.000920 0.000800
Vm1 0.041400 0.113686 50.000000 0.000000 0.001104 0.000920 0.000800
Vm1 0.041400 0.113686 55.000000 0.000000 0.001104 0.000920 0.000800
Vm1 0.041400 0.113686 60.000000 0.000000 0.001104 0.000920 0.000800
Vm1 0.041400 0.113686 65.000000 0.000000 0.001104 0.000920 0.000800
Vm1 0.041400 0.113686 70.000000 0.000000 0.001104 0.000920 0.000800
Vm1 0.041400 0.113686 75.000000 0.000000 0.001104 0.000920 0.000800
Vm1 0.041400 0.113686 80.000000 0.000000 0.001104 0.000920 0.000800
Vm1 0.041400 0.113686 85.000000 0.000000 0.001104 0.000920 0.000800
Vm1 0.041400 0.113686 90.000000 0.000000 0.001104 0.000920 0.000800
Vm1 0.041400 0.113686 95.000000 0.000000 0.001104 0.000920 0.000800
Vm1 0.041400 0.113686 100.000000 0.000000 0.001104 0.000920 0.000800
Vm1 0.041400 0.113686 105.000000 0.000000 0.001104 0.000920 0.000800
Vm1 0.041400 0.113686 110.000000 0.000000 0.001104 0.000920 0.000800
Vm1 0.041400 0.113686 115.000000 0.000000 0.001104 0.000920 0.000800
Vm1 0.041400 0.113686 120.000000 0.000000 0.001104 0.000920 0.000800
Vm1 0.041400 0.113686 125.000000 0.000000 0.001104 0.000920 0.000800
Vm1 0.041400 0.113686 130.000000 0.000000 0.001104 0.000920 0.000800
Vm1 0.041400 0.113686 135.000000 0.000000 0.001104 0.000920 0.000800
Vm1 0.041400 0.113686 140.000000 0.000000 0.001104 0.000920 0.000800
Vm1 0.041400 0.113686 145.000000 0.000000 0.001104 0.000920 0.000800
Vm1 0.041400 0.113686 150.000000 0.000000 0.001104 0.000920 0.000800
Vm1 0.041400 0.113686 155.000000 0.000000 0.001104 0.000920 0.000800
Vm1 0.041400 0.113686 160.000000 0.000000 0.001104 0.000920 0.000800
Vm1 0.041400 0.113686 165.000000 0.000000 0.001104 0.000920 0.000800
Vm1 0.041400 0.113686 170.000000 0.000000 0.001104 0.000920 0.000800
Vm1 0.041400 0.113686 175.000000 0.000000 0.001104 0.000920 0.000800
Vm1 0.041400 0.113686 180.000000 0.000000 0.001104 0.000920 0.000800
Vm1 0.041400 0.113686 185.000000 0.000000 0.001104 0.000920 0.000800
Vm1 0.041400 0.113686 190.000000 0.000000 0.001104 0.000920 0.000800
Vm1 0.041400 0.113686 195.000000 0.000000 0.001104 0.000920 0.000800
Vm1 0.041400 0.113686 200.000000 0.000000 0.001104 0.000920 0.000800
Vm1 0.041400 0.113686 205.000000 0.000000 0.001104 0.000920 0.000800
Vm1 0.041400 0.113686 210.000000 0.000000 0.001104 0.000920 0.000800
Vm1 0.041400 0.113686 215.000000 0.000000 0.001104 0.000920 0.000800
Vm1 0.041400 0.113686 220.000000 0.000000 0.001104 0.000920 0.000800
Vm1 0.041400 0.113686 225.000000 0.000000 0.001104 0.000920 0.000800
Vm1 0.041400 0.113686 230.000000 0.000000 0.001104 0.000920 0.000800
Vm1 0.041400 0.113686 235.000000 0.000000 0.001104 0.000920 0.000800
Vm1 0.041400 0.113686 240.000000 0.000000 0.001104 0.000920 0.000800
Vm1 0.041400 0.113686 245.000000 0.000000 0.001104 0.000920 0.000800
Vm1 0.041400 0.113686 250.000000 0.000000 0.001104 0.000920 0.000800
Vm1 0.041400 0.113686 255.000000 0.000000 0.001104 0.000920 0.000800
Vm1 0.041400 0.113686 260.000000 0.000000 0.001104 0.000920 0.000800
Vm1 0.041400 0.113686 265.000000 0.000000 0.001104 0.000920 0.000800
Vm1 0.041400 0.113686 270.000000 0.000000 0.001104 0.000920 0.000800
Vm1 0.041400 0.113686 275.000000 0.000000 0.001104 0.000920 0.000800
Vm1 0.041400 0.113686 280.000000 0.000000 0.001104 0.000920 0.000800
Vm1 0.041400 0.113686 285.000000 0.000000 0.001104 0.000920 0.000800
Vm1 0.041400 0.113686 290.000000 0.000000 0.001104 0.000920 0.000800
Vm1 0.041400 0.113686 295.000000 0.000000 0.001104 0.000920 0.000800
Vm1 0.041400 0.113686 300.000000 2.000000 0.001104 0.000920 0.000800
Vm1 0.041400 0.113686 305.000000 2.000000 0.528680 0.014169 0.000845
Vm1 0.041400 0.113686 310.000000 2.000000 0.982768 0.050405 0.001140
Vm1 0.041400 0.113686 315.000000 2.000000 1.373606 0.104978 0.001886
Vm1 0.041400 0.113686 320.000000 2.000000 1.710004 0.173973 0.003241
Vm1 0.041400 0.113686 325.000000 2.000000 1.999544 0.254099 0.005325
Vm1 0.041400 0.113686 330.000000 2.000000 2.248754 0.342596 0.008226
Vm1 0.041400 0.113686 335.000000 2.000000 2.463250 0.437163 0.012005
Vm1 0.041400 0.113686 340.000000 2.000000 2.647869 0.535881 0.016703
Vm1 0.041400 0.113686 345.000000 2.000000 2.806771 0.637165 0.022343
Vm1 0.041400 0.113686 350.000000 2.000000 2.943540 0.739706 0.028933
Vm1 0.041400 0.113686 355.000000 2.000000 3.061257 0.842434 0.036469
Vm1 0.041400 0.113686 360.000000 2.000000 3.162578 0.944481 0.044937
Vm1 0.041400 0.113686 365.000000 2.000000 3.249785 1.045147 0.054317
Vm1 0.041400 0.113686 370.000000 2.000000 3.324845 1.143878 0.064581
Vm1 0.041400 0.113686 375.000000 2.000000 3.389450 1.240240 0.075698
Vm1 0.041400 0.113686 380.000000 2.000000 3.445057 1.333899 0.087632
Vm1 0.041400 0.113686 385.000000 2.000000 3.492917 1.424608 0.100347
Vm1 0.041400 0.113686 390.000000 2.000000 3.534111 1.512190 0.113803
Vm1 0.041400 0.113686 395.000000 2.000000 3.569567 1.596526 0.127960
Vm1 0.041400 0.113686 400.000000 2.000000 3.600085 1.677547 0.142777
Vm1 0.041400 0.113686 405.000000 2.000000 3.626351 1.755225 0.158214
Vm1 0.041400 0.113686 410.000000 2.000000 3.648959 1.829562 0.174229
Vm1 0.041400 0.113686 415.000000 2.000000 3.668418 1.900587 0.190784
Vm1 0.041400 0.113686 420.000000 2.000000 3.685166 1.968353 0.207840
Vm1 0.041400 0.113686 425.000000 2.000000 3.699581 2.032927 0.225359
Vm1 0.041400 0.113686 430.000000 2.000000 3.711989 2.094389 0.243303
Vm1 0.041400 0.113686 435.000000 2.000000 3.722668 2.152830 0.261639
Vm1 0.041400 0.113686 440.000000 2.000000 3.731860 2.208350 0.280331
Vm1 0.041400 0.113686 445.000000 2.000000 3.739771 2.261050 0.299348
Vm1 0.041400 0.113686 450.000000 2.000000 3.746581 2.311037 0.318657
Vm1 0.041400 0.113686 455.000000 2.000000 3.752441 2.358420 0.338230
Vm1 0.041400 0.113686 460.000000 2.000000 3.757486 2.403307 0.358037
Vm1 0.041400 0.113686 465.000000 2.000000 3.761828 2.445807 0.378052
Vm1 0.041400 0.113686 470.000000 2.000000 3.765564 2.486029 0.398250
Vm1 0.041400 0.113686 475.000000 2.000000 3.768781 2.524076 0.418605
Vm1 0.041400 0.113686 480.000000 2.000000 3.771549 2.560052 0.439096
Vm1 0.041400 0.113686 485.000000 2.000000 3.773932 2.594057 0.459700
Vm1 0.041400 0.113686 490.000000 2.000000 3.775983 2.626190 0.480397
Vm1 0.041400 0.113686 495.000000 2.000000 3.777749 2.656544 0.501168
Vm1 0.041400 0.113686 500.000000 2.000000 3.779268 2.685209 0.521995
Vm1 0.041400 0.113686 505.000000 2.000000 3.780576 2.712274 0.542861
Vm1 0.041400 0.113686 510.000000 2.000000 3.781701 2.737821 0.563750
Vm1 0.041400 0.113686 515.000000 2.000000 3.782670 2.761932 0.584647
Vm1 0.041400 0.113686 520.000000 2.000000 3.783504 2.784682 0.605537
Vm1 0.041400 0.113686 525.000000 2.000000 3.784222 2.806144 0.626409
Vm1 0.041400 0.113686 530.000000 2.000000 3.784840 2.826389 0.647249
Vm1 0.041400 0.113686 535.000000 2.000000 3.785371 2.845483 0.668046
Vm1 0.041400 0.113686 540.000000 2.000000 3.785829 2.863489 0.688790
Vm1 0.041400 0.113686 545.000000 2.000000 3.786223 2.880467 0.709470
Vm1 0.041400 0.113686 550.000000 2.000000 3.786562 2.896474 0.730078
Vm1 0.041400 0.113686 555.000000 2.000000 3.786854 2.911564 0.750605
Vm1 0.041400 0.113686 560.000000 2.000000 3.787105 2.925788 0.771043
Vm1 0.041400 0.113686 565.000000 2.000000 3.787321 2.939195 0.791385
Vm1 0.041400 0.113686 570.000000 2.000000 3.787507 2.951832 0.811623
Vm1 0.041400 0.113686 575.000000 2.000000 3.787667 2.963740 0.831752
Vm1 0.041400 0.113686 580.000000 2.000000 3.787805 2.974963 0.851766
Vm1 0.041400 0.113686 585.000000 2.000000 3.787923 2.985538 0.871659
Vm1 0.041400 0.113686 590.000000 2.000000 3.788026 2.995503 0.891427
Vm1 0.041400 0.113686 595.000000 2.000000 3.788113 3.004891 0.911065
Vm1 0.041400 0.113686 600.000000 2.000000 3.788189 3.013738 0.930569
Vm1 0.041400 0.113686 605.000000 2.000000 3.788254 3.022072 0.949935
Vm1 0.041400 0.113686 610.000000 2.000000 3.788310 3.029924 0.969161
Vm1 0.041400 0.113686 615.000000 2.000000 3.788359 3.037321 0.988242
Vm1 0.041400 0.113686 620.000000 2.000000 3.788400 3.044290 1.007177
Vm1 0.041400 0.113686 625.000000 2.000000 3.788436 3.050854 1.025962
Vm1 0.041400 0.113686 630.000000 2.000000 3.788467 3.057038 1.044596
Vm1 0.041400 0.113686 635.000000 2.000000 3.788493 3.062863 1.063077
Vm1 0.041400 0.113686 640.000000 2.000000 3.788516 3.068351 1.081402
Vm1 0.041400 0.113686 645.000000 2.000000 3.788536 3.073519 1.099571
Vm1 0.041400 0.113686 650.000000 2.000000 3.788553 3.078388 1.117582
Vm1 0.041400 0.113686 655.000000 2.000000 3.788567 3.082974 1.135434
Vm1 0.041400 0.113686 660.000000 2.000000 3.788580 3.087293 1.153126
Vm1 0.041400 0.113686 665.000000 2.000000 3.788590 3.091361 1.170658
Vm1 0.041400 0.113686 670.000000 2.000000 3.788600 3.095193 1.188028
Vm1 0.041400 0.113686 675.000000 2.000000 3.788608 3.098802 1.205237
Vm1 0.041400 0.113686 680.000000 2.000000 3.788615 3.102202 1.222284
Vm1 0.041400 0.113686 685.000000 2.000000 3.788620 3.105404 1.239168
Vm1 0.041400 0.113686 690.000000 2.000000 3.788625 3.108419 1.255891
Vm1 0.041400 0.113686 695.000000 2.000000 3.788630 3.111259 1.272451
Vm1 0.041400 0.113686 700.000000 2.000000 3.788634 3.113934 1.288850
Vm1 0.041400 0.113686 705.000000 2.000000 3.788637 3.116453 1.305087
Vm1 0.041400 0.113686 710.000000 2.000000 3.788640 3.118826 1.321162
Vm1 0.041400 0.113686 715.000000 2.000000 3.788642 3.121061 1.337077
Vm1 0.041400 0.113686 720.000000 2.000000 3.788644 3.123165 1.352831
Vm1 0.041400 0.113686 725.000000 2.000000 3.788646 3.125148 1.368425
Vm1 0.041400 0.113686 730.000000 2.000000 3.788647 3.127014 1.383860
Vm1 0.041400 0.113686 735.000000 2.000000 3.788649 3.128773 1.399137
Vm1 0.041400 0.113686 740.000000 2.000000 3.788650 3.130429 1.414256
Vm1 0.041400 0.113686 745.000000 2.000000 3.788651 3.131988 1.429218
Vm1 0.041400 0.113686 750.000000 2.000000 3.788652 3.133457 1.444024
Vm1 0.041400 0.113686 755.000000 2.000000 3.788652 3.134840 1.458675
Vm1 0.041400 0.113686 760.000000 2.000000 3.788653 3.136143 1.473171
Vm1 0.041400 0.113686 765.000000 2.000000 3.788654 3.137370 1.487515
Vm1 0.041400 0.113686 770.000000 2.000000 3.788654 3.138525 1.501706
Vm1 0.041400 0.113686 775.000000 2.000000 3.788655 3.139613 1.515747
Vm1 0.041400 0.113686 780.000000 2.000000 3.788655 3.140638 1.529637
Vm1 0.041400 0.113686 785.000000 2.000000 3.788655 3.141603 1.543378
Vm1 0.041400 0.113686 790.000000 2.000000 3.788655 3.142512 1.556972
Vm1 0.041400 0.113686 795.000000 2.000000 3.788656 3.143368 1.570418
Vm1 0.041400 0.113686 800.000000 2.000000 3.788656 3.144175 1.583720
Vm1 0.041400 0.113686 805.000000 2.000000 3.788656 3.144934 1.596877
Vm1 0.041400 0.113686 810.000000 2.000000 3.788656 3.145649 1.609891
Vm1 0.041400 0.113686 815.000000 2.000000 3.788656 3.146323 1.622763
Vm1 0.041400 0.113686 820.000000 2.000000 3.788656 3.146957 1.635494
Vm1 0.041400 0.113686 825.000000 2.000000 3.788656 3.147554 1.648086
Vm1 0.041400 0.113686 830.000000 2.000000 3.788657 3.148117 1.660539
Vm1 0.041400 0.113686 835.000000 2.000000 3.788657 3.148646 1.672856
Vm1 0.041400 0.113686 840.000000 2.000000 3.788657 3.149145 1.685037
Vm1 0.041400 0.113686 845.000000 2.000000 3.788657 3.149615 1.697084
Vm1 0.041400 0.113686 850.000000 2.000000 3.788657 3.150058 1.708997
Vm1 0.041400 0.113686 855.000000 2.000000 3.788657 3.150474 1.720778
Vm1 0.041400 0.113686 860.000000 2.000000 3.788657 3.150867 1.732429
Vm1 0.041400 0.113686 865.000000 2.000000 3.788657 3.151236 1.743950
Vm1 0.041400 0.113686 870.000000 2.000000 3.788657 3.151585 1.755343
Vm1 0.041400 0.113686 875.000000 2.000000 3.788657 3.151912 1.766609
Vm1 0.041400 0.113686 880.000000 2.000000 3.788657 3.152221 1.777750
Vm1 0.041400 0.113686 885.000000 2.000000 3.788657 3.152512 1.788766
Vm1 0.041400 0.113686 890.000000 2.000000 3.788657 3.152786 1.799659
Vm1 0.041400 0.113686 895.000000 2.000000 3.788657 3.153044 1.810430
Vm1 0.041400 0.113686 900.000000 2.000000 3.788657 3.153286 1.821080
Vm1 0.041400 0.113686 905.000000 2.000000 3.788657 3.153515 1.831611
Vm1 0.041400 0.113686 910.000000 2.000000 3.788657 3.153731 1.842024
Vm1 0.041400 0.113686 915.000000 2.000000 3.788657 3.153933 1.852320
Vm1 0.041400 0.113686 920.000000 2.000000 3.788657 3.154124 1.862500
Vm1 0.041400 0.113686 925.000000 2.000000 3.788657 3.154304 1.872565
Vm1 0.041400 0.113686 930.000000 2.000000 3.788657 3.154474 1.882517
Vm1 0.041400 0.113686 935.000000 2.000000 3.788657 3.154633 1.892357
Vm1 0.041400 0.113686 940.000000 2.000000 3.788657 3.154783 1.902086
Vm1 0.041400 0.113686 945.000000 2.000000 3.788657 3.154925 1.911705
Vm1 0.041400 0.113686 950.000000 2.000000 3.788657 3.155058 1.921216
Vm1 0.041400 0.113686 955.000000 2.000000 3.788657 3.155184 1.930619
Vm1 0.041400 0.113686 960.000000 2.000000 3.788657 3.155302 1.939916
Vm1 0.041400 0.113686 965.000000 2.000000 3.788657 3.155413 1.949107
Vm1 0.041400 0.113686 970.000000 2.000000 3.788657 3.155518 1.958195
Vm1 0.041400 0.113686 975.000000 2.000000 3.788657 3.155617 1.967180
Vm1 0.041400 0.113686 980.000000 2.000000 3.788657 3.155710 1.976062
Vm1 0.041400 0.113686 985.000000 2.000000 3.788657 3.155797 1.984845
Vm1 0.041400 0.113686 990.000000 2.000000 3.788657 3.155880 1.993527
Vm1 0.041400 0.113686 995.000000 2.000000 3.788657 3.155958 2.002111
Vm1 0.041400 0.113686 1000.000000 2.000000 3.788657 3.156031 2.010598
Vm1 0.041400 0.113686 1005.000000 2.000000 3.788657 3.156100 2.018989
Vm1 0.041400 0.113686 1010.000000 2.000000 3.788657 3.156164 2.027284
Vm1 0.041400 0.113686 1015.000000 2.000000 3.788657 3.156226 2.035485
Vm1 0.041400 0.113686 1020.000000 2.000000 3.788657 3.156283 2.043593
Vm1 0.041400 0.113686 1025.000000 2.000000 3.788657 3.156337 2.051608
Vm1 0.041400 0.113686 1030.000000 2.000000 3.788657 3.156388 2.059533
Vm1 0.041400 0.113686 1035.000000 2.000000 3.788657 3.156437 2.067367
Vm1 0.041400 0.113686 1040.000000 2.000000 3.788657 3.156482 2.075112
Vm1 0.041400 0.113686 1045.000000 2.000000 3.788657 3.156524 2.082769
Vm1 0.041400 0.113686 1050.000000 2.000000 3.788657 3.156565 2.090339
Vm1 0.041400 0.113686 1055.000000 2.000000 3.788657 3.156602 2.097823
Vm1 0.041400 0.113686 1060.000000 2.000000 3.788657 3.156638 2.105222
Vm1 0.041400 0.113686 1065.000000 2.000000 3.788657 3.156672 2.112536
Vm1 0.041400 0.113686 1070.000000 2.000000 3.788657 3.156703 2.119767
Vm1 0.041400 0.113686 1075.000000 2.000000 3.788657 3.156733 2.126916
Vm1 0.041400 0.113686 1080.000000 2.000000 3.788657 3.156761 2.133983
Vm1 0.041400 0.113686 1085.000000 2.000000 3.788657 3.156787 2.140970
Vm1 0.041400 0.113686 1090.000000 2.000000 3.788657 3.156812 2.147877
Vm1 0.041400 0.113686 1095.000000 2.000000 3.788657 3.156836 2.154705
Vm1 0.041400 0.113686 1100.000000 2.000000 3.788657 3.156858 2.161456
Vm1 0.041400 0.113686 1105.000000 2.000000 3.788657 3.156878 2.168129
Vm1 0.041400 0.113686 1110.000000 2.000000 3.788657 3.156898 2.174727
Vm1 0.041400 0.113686 1115.000000 2.000000 3.788657 3.156916 2.181249
Vm1 0.041400 0.113686 1120.000000 2.000000 3.788657 3.156934 2.187696
Vm1 0.041400 0.113686 1125.000000 2.000000 3.788657 3.156950 2.194071
Vm1 0.041400 0.113686 1130.000000 2.000000 3.788657 3.156965 2.200372
Vm1 0.041400 0.113686 1135.000000 2.000000 3.788657 3.156980 2.206602
Vm1 0.041400 0.113686 1140.000000 2.000000 3.788657 3.156993 2.212760
Vm1 0.041400 0.113686 1145.000000 2.000000 3.788657 3.157006 2.218848
Vm1 0.041400 0.113686 1150.000000 2.000000 3.788657 3.157018 2.224867
Vm1 0.041400 0.113686 1155.000000 2.000000 3.788657 3.157030 2.230817
Vm1 0.041400 0.113686 1160.000000 2.000000 3.788657 3.157040 2.236699
Vm1 0.041400 0.113686 1165.000000 2.000000 3.788657 3.157051 2.242514
Vm1 0.041400 0.113686 1170.000000 2.000000 3.788657 3.157060 2.248263
Vm1 0.041400 0.113686 1175.000000 2.000000 3.788657 3.157069 2.253945
Vm1 0.041400 0.113686 1180.000000 2.000000 3.788657 3.157077 2.259563
Vm1 0.041400 0.113686 1185.000000 2.000000 3.788657 3.157085 2.265117
Vm1 0.041400 0.113686 1190.000000 2.000000 3.788657 3.157093 2.270608
Vm1 0.041400 0.113686 1195.000000 2.000000 3.788657 3.157100 2.276035
Vm1 0.041400 0.113686 1200.000000 2.000000 3.788657 3.157106 2.281401
Vm1 0.041400 0.113686 1205.000000 2.000000 3.788657 3.157113 2.286706
Vm1 0.041400 0.113686 1210.000000 2.000000 3.788657 3.157118 2.291949
Vm1 0.041400 0.113686 1215.000000 2.000000 3.788657 3.157124 2.297133
Vm1 0.041400 0.113686 1220.000000 2.000000 3.788657 3.157129 2.302258
Vm1 0.041400 0.113686 1225.000000 2.000000 3.788657 3.157134 2.307324
Vm1 0.041400 0.113686 1230.000000 2.000000 3.788657 3.157139 2.312333
Vm1 0.041400 0.113686 1235.000000 2.000000 3.788657 3.157143 2.317284
Vm1 0.041400 0.113686 1240.000000 2.000000 3.788657 3.157147 2.322178
Vm1 0.041400 0.113686 1245.000000 2.000000 3.788657 3.157151 2.327017
Vm1 0.041400 0.113686 1250.000000 2.000000 3.788657 3.157155 2.331800
Vm1 0.041400 0.113686 1255.000000 2.000000 3.788657 3.157158 2.336529
Vm1 0.041400 0.113686 1260.000000 2.000000 3.788657 3.157161 2.341203
Vm1 0.041400 0.113686 1265.000000 2.000000 3.788657 3.157164 2.345824
Vm1 0.041400 0.113686 1270.000000 2.000000 3.788657 3.157167 2.350393
Vm1 0.041400 0.113686 1275.000000 2.000000 3.788657 3.157170 2.354909
Vm1 0.041400 0.113686 1280.000000 2.000000 3.788657 3.157173 2.359373
Vm1 0.041400 0.113686 1285.000000 2.000000 3.788657 3.157175 2.363787
Vm1 0.041400 0.113686 1290.000000 2.000000 3.788657 3.157177 2.368150
Vm1 0.041400 0.113686 1295.000000 2.000000 3.788657 3.157179 2.372463
Vm1 0.041400 0.113686 1300.000000 2.000000 3.788657 3.157181 2.376727
Vm1 0.041400 0.113686 1305.000000 2.000000 3.788657 3.157183 2.380942
Vm1 0.041400 0.113686 1310.000000 2.000000 3.788657 3.157185 2.385109
Vm1 0.041400 0.113686 1315.000000 2.000000 3.788657 3.157187 2.389229
Vm1 0.041400 0.113686 1320.000000 2.000000 3.788657 3.157188 2.393301
Vm1 0.041400 0.113686 1325.000000 2.000000 3.788657 3.157190 2.397327
Vm1 0.041400 0.113686 1330.000000 2.000000 3.788657 3.157191 2.401306
Vm1 0.041400 0.113686 1335.000000 2.000000 3.788657 3.157193 2.405241
Vm1 0.041400 0.113686 1340.000000 2.000000 3.788657 3.157194 2.409130
Vm1 0.041400 0.113686 1345.000000 2.000000 3.788657 3.157195 2.412975
Vm1 0.041400 0.113686 1350.000000 2.000000 3.788657 3.157196 2.416776
Vm1 0.041400 0.113686 1355.000000 2.000000 3.788657 3.157197 2.420533
Vm1 0.041400 0.113686 1360.000000 2.000000 3.788657 3.157198 2.424247
Vm1 0.041400 0.113686 1365.000000 2.000000 3.788657 3.157199 2.427919
Vm1 0.041400 0.113686 1370.000000 2.000000 3.788657 3.157200 2.431549
Vm1 0.041400 0.113686 1375.000000 2.000000 3.788657 3.157201 2.435138
Vm1 0.041400 0.113686 1380.000000 2.000000 3.788657 3.157201 2.438685
Vm1 0.041400 0.113686 1385.000000 2.000000 3.788657 3.157202 2.442192
Vm1 0.041400 0.113686 1390.000000 2.000000 3.788657 3.157203 2.445659
Vm1 0.041400 0.113686 1395.000000 2.000000 3.788657 3.157203 2.449086
Vm1 0.041400 0.113686 1400.000000 2.000000 3.788657 3.157204 2.452474
Vm1 0.041400 0.113686 1405.000000 2.000000 3.788657 3.157204 2.455824
Vm1 0.041400 0.113686 1410.000000 2.000000 3.788657 3.157205 2.459135
Vm1 0.041400 0.113686 1415.000000 2.000000 3.788657 3.157205 2.462408
Vm1 0.041400 0.113686 1420.000000 2.000000 3.788657 3.157206 2.465643
Vm1 0.041400 0.113686 1425.000000 2.000000 3.788657 3.157206 2.468842
Vm1 0.041400 0.113686 1430.000000 2.000000 3.788657 3.157207 2.472004
Vm1 0.041400 0.113686 1435.000000 2.000000 3.788657 3.157207 2.475130
Vm1 0.041400 0.113686 1440.000000 2.000000 3.788657 3.157207 2.478221
Vm1 0.041400 0.113686 1445.000000 2.000000 3.788657 3.157208 2.481276
Vm1 0.041400 0.113686 1450.000000 2.000000 3.788657 3.157208 2.484295
Vm1 0.041400 0.113686 1455.000000 2.000000 3.788657 3.157208 2.487281
Vm1 0.041400 0.113686 1460.000000 2.000000 3.788657 3.157209 2.490232
Vm1 0.041400 0.113686 1465.000000 2.000000 3.788657 3.157209 2.493150
Vm1 0.041400 0.113686 1470.000000 2.000000 3.788657 3.157209 2.496034
Vm1 0.041400 0.113686 1475.000000 2.000000 3.788657 3.157209 2.498885
Vm1 0.041400 0.113686 1480.000000 2.000000 3.788657 3.157209 2.501704
Vm1 0.041400 0.113686 1485.000000 2.000000 3.788657 3.157210 2.504490
Vm1 0.041400 0.113686 1490.000000 2.000000 3.788657 3.157210 2.507245
Vm1 0.041400 0.113686 1495.000000 2.000000 3.788657 3.157210 2.509968
Vm1 0.041400 0.113686 1500.000000 2.000000 3.788657 3.157210 2.512660
Vm1 0.041400 0.113686 1505.000000 2.000000 3.788657 3.157211 2.515321
Vm1 0.041400 0.113686 1510.000000 2.000000 3.788657 3.157211 2.517952
Vm1 0.041400 0.113686 1515.000000 2.000000 3.788657 3.157211 2.520553
Vm1 0.041400 0.113686 1520.000000 2.000000 3.788657 3.157211 2.523123
Vm1 0.041400 0.113686 1525.000000 2.000000 3.788657 3.157211 2.525665
Vm1 0.041400 0.113686 1530.000000 2.000000 3.788657 3.157211 2.528177
Vm1 0.041400 0.113686 1535.000000 2.000000 3.788657 3.157211 2.530661
Vm1 0.041400 0.113686 1540.000000 2.000000 3.788657 3.157212 2.533117
Vm1 0.041400 0.113686 1545.000000 2.000000 3.788657 3.157212 2.535544
Vm1 0.041400 0.113686 1550.000000 2.000000 3.788657 3.157212 2.537943
Vm1 0.041400 0.113686 1555.000000 2.000000 3.788657 3.157212 2.540315
Vm1 0.041400 0.113686 1560.000000 2.000000 3.788657 3.157212 2.542660
Vm1 0.041400 0.113686 1565.000000 2.000000 3.788657 3.157212 2.544979
Vm1 0.041400 0.113686 1570.000000 2.000000 3.788657 3.157212 2.547270
Vm1 0.041400 0.113686 1575.000000 2.000000 3.788657 3.157213 2.549536
Vm1 0.041400 0.113686 1580.000000 2.000000 3.788657 3.157213 2.551775
Vm1 0.041400 0.113686 1585.000000 2.000000 3.788657 3.157213 2.553989
Vm1 0.041400 0.113686 1590.000000 2.000000 3.788657 3.157213 2.556178
Vm1 0.041400 0.113686 1595.000000 2.000000 3.788657 3.157213 2.558341
Vm1 0.041400 0.113686 1600.000000 2.000000 3.788657 3.157213 2.560480
Vm1 0.041400 0.113686 1605.000000 2.000000 3.788657 3.157213 2.562595
Vm1 0.041400 0.113686 1610.000000 2.000000 3.788657 3.157213 2.564685
Vm1 0.041400 0.113686 1615.000000 2.000000 3.788657 3.157213 2.566751
Vm1 0.041400 0.113686 1620.000000 2.000000 3.788657 3.157213 2.568794
Vm1 0.041400 0.113686 1625.000000 2.000000 3.788657 3.157213 2.570813
Vm1 0.041400 0.113686 1630.000000 2.000000 3.788657 3.157213 2.572810
Vm1 0.041400 0.113686 1635.000000 2.000000 3.788657 3.157213 2.574783
Vm1 0.041400 0.113686 1640.000000 2.000000 3.788657 3.157213 2.576734
Vm1 0.041400 0.113686 1645.000000 2.000000 3.788657 3.157214 2.578663
Vm1 0.041400 0.113686 1650.000000 2.000000 3.788657 3.157214 2.580569
Vm1 0.041400 0.113686 1655.000000 2.000000 3.788657 3.157214 2.582454
Vm1 0.041400 0.113686 1660.000000 2.000000 3.788657 3.157214 2.584317
Vm1 0.041400 0.113686 1665.000000 2.000000 3.788657 3.157214 2.586159
Vm1 0.041400 0.113686 1670.000000 2.000000 3.788657 3.157214 2.587980
Vm1 0.041400 0.113686 1675.000000 2.000000 3.788657 3.157214 2.589780
Vm1 0.041400 0.113686 1680.000000 2.000000 3.788657 3.157214 2.591559
Vm1 0.041400 0.113686 1685.000000 2.000000 3.788657 3.157214 2.593318
Vm1 0.041400 0.113686 1690.000000 2.000000 3.788657 3.157214 2.595057
Vm1 0.041400 0.113686 1695.000000 2.000000 3.788657 3.157214 2.596776
Vm1 0.041400 0.113686 1700.000000 2.000000 3.788657 3.157214 2.598476
Vm1 0.041400 0.113686 1705.000000 2.000000 3.788657 3.157214 2.600155
Vm1 0.041400 0.113686 1710.000000 2.000000 3.788657 3.157214 2.601816
Vm1 0.041400 0.113686 1715.000000 2.000000 3.788657 3.157214 2.603458
Vm1 0.041400 0.113686 1720.000000 2.000000 3.788657 3.157214 2.605081
Vm1 0.041400 0.113686 1725.000000 2.000000 3.788657 3.157214 2.606686
Vm1 0.041400 0.113686 1730.000000 2.000000 3.788657 3.157214 2.608272
Vm1 0.041400 0.113686 1735.000000 2.000000 3.788657 3.157214 2.609840
Vm1 0.041400 0.113686 1740.000000 2.000000 3.788657 3.157214 2.611390
Vm1 0.041400 0.113686 1745.000000 2.000000 3.788657 3.157214 2.612922
Vm1 0.041400 0.113686 1750.000000 2.000000 3.788657 3.157214 2.614437
Vm1 0.041400 0.113686 1755.000000 2.000000 3.788657 3.157214 2.615934
Vm1 0.041400 0.113686 1760.000000 2.000000 3.788657 3.157214 2.617415
Vm1 0.041400 0.113686 1765.000000 2.000000 3.788657 3.157214 2.618878
Vm1 0.041400 0.113686 1770.000000 2.000000 3.788657 3.157214 2.620325
Vm1 0.041400 0.113686 1775.000000 2.000000 3.788657 3.157214 2.621755
Vm1 0.041400 0.113686 1780.000000 2.000000 3.788657 3.157214 2.623169
Vm1 0.041400 0.113686 1785.000000 2.000000 3.788657 3.157214 2.624566
Vm1 0.041400 0.113686 1790.000000 2.000000 3.788657 3.157214 2.625948
Vm1 0.041400 0.113686 1795.000000 2.000000 3.788657 3.157214 2.627314
Vm1 0.041400 0.113686 1800.000000 2.000000 3.788657 3.157214 2.628664
Vm1 0.041400 0.113686 1805.000000 2.000000 3.788657 3.157214 2.629999
Vm1 0.041400 0.113686 1810.000000 2.000000 3.788657 3.157214 2.631318
Vm1 0.041400 0.113686 1815.000000 2.000000 3.788657 3.157214 2.632623
Vm1 0.041400 0.113686 1820.000000 2.000000 3.788657 3.157214 2.633912
Vm1 0.041400 0.113686 1825.000000 2.000000 3.788657 3.157214 2.635187
Vm1 0.041400 0.113686 1830.000000 2.000000 3.788657 3.157214 2.636447
Vm1 0.041400 0.113686 1835.000000 2.000000 3.788657 3.157214 2.637693
Vm1 0.041400 0.113686 1840.000000 2.000000 3.788657 3.157214 2.638925
Vm1 0.041400 0.113686 1845.000000 2.000000 3.788657 3.157214 2.640142
Vm1 0.041400 0.113686 1850.000000 2.000000 3.788657 3.157214 2.641346
Vm1 0.041400 0.113686 1855.000000 2.000000 3.788657 3.157214 2.642536
Vm1 0.041400 0.113686 1860.000000 2.000000 3.788657 3.157214 2.643712
Vm1 0.041400 0.113686 1865.000000 2.000000 3.788657 3.157214 2.644875
Vm1 0.041400 0.113686 1870.000000 2.000000 3.788657 3.157214 2.646024
Vm1 0.041400 0.113686 1875.000000 2.000000 3.788657 3.157214 2.647160
Vm1 0.041400 0.113686 1880.000000 2.000000 3.788657 3.157214 2.648284
Vm1 0.041400 0.113686 1885.000000 2.000000 3.788657 3.157214 2.649394
Vm1 0.041400 0.113686 1890.000000 2.000000 3.788657 3.157214 2.650492
Vm1 0.041400 0.113686 1895.000000 2.000000 3.788657 3.157214 2.651577
Vm1 0.041400 0.113686 1900.000000 2.000000 3.788657 3.157214 2.652650
Vm1 0.041400 0.113686 1905.000000 2.000000 3.788657 3.157214 2.653711
Vm1 0.041400 0.113686 1910.000000 2.000000 3.788657 3.157214 2.654759
Vm1 0.041400 0.113686 1915.000000 2.000000 3.788657 3.157214 2.655795
Vm1 0.041400 0.113686 1920.000000 2.000000 3.788657 3.157214 2.656820
Vm1 0.041400 0.113686 1925.000000 2.000000 3.788657 3.157214 2.657833
Vm1 0.041400 0.113686 1930.000000 2.000000 3.788657 3.157214 2.658834
Vm1 0.041400 0.113686 1935.000000 2.000000 3.788657 3.157214 2.659824
Vm1 0.041400 0.113686 1940.000000 2.000000 3.788657 3.157214 2.660802
Vm1 0.041400 0.113686 1945.000000 2.000000 3.788657 3.157214 2.661770
Vm1 0.041400 0.113686 1950.000000 2.000000 3.788657 3.157214 2.662726
Vm1 0.041400 0.113686 1955.000000 2.000000 3.788657 3.157214 2.663671
Vm1 0.041400 0.113686 1960.000000 2.000000 3.788657 3.157214 2.664606
Vm1 0.041400 0.113686 1965.000000 2.000000 3.788657 3.157214 2.665530
Vm1 0.041400 0.113686 1970.000000 2.000000 3.788657 3.157214 2.666443
Vm1 0.041400 0.113686 1975.000000 2.000000 3.788657 3.157214 2.667346
Vm1 0.041400 0.113686 1980.000000 2.000000 3.788657 3.157214 2.668238
Vm1 0.041400 0.113686 1985.000000 2.000000 3.788657 3.157214 2.669121
Vm1 0.041400 0.113686 1990.000000 2.000000 3.788657 3.157214 2.669993
Vm1 0.041400 0.113686 1995.000000 2.000000 3.788657 3.157214 2.670855
Vm1 0.041400 0.113686 2000.000000 2.000000 3.788657 3.157214 2.671708
Vm1 0.041400 0.113686 2005.000000 2.000000 3.788657 3.157214 2.672550
Vm1 0.041400 0.113686 2010.000000 2.000000 3.788657 3.157214 2.673383
Vm1 0.041400 0.113686 2015.000000 2.000000 3.788657 3.157214 2.674207
Vm1 0.041400 0.113686 2020.000000 2.000000 3.788657 3.157214 2.675021
Vm1 0.041400 0.113686 2025.000000 2.000000 3.788657 3.157214 2.675826
Vm1 0.041400 0.113686 2030.000000 2.000000 3.788657 3.157214 2.676621
Vm1 0.041400 0.113686 2035.000000 2.000000 3.788657 3.157214 2.677408
Vm1 0.041400 0.113686 2040.000000 2.000000 3.788657 3.157214 2.678185
Vm1 0.041400 0.113686 2045.000000 2.000000 3.788657 3.157214 2.678954
Vm1 0.041400 0.113686 2050.000000 2.000000 3.788657 3.157214 2.679713
Vm1 0.041400 0.113686 2055.000000 2.000000 3.788657 3.157214 2.680465
Vm1 0.041400 0.113686 2060.000000 2.000000 3.788657 3.157214 2.681207
Vm1 0.041400 0.113686 2065.000000 2.000000 3.788657 3.157214 2.681941
Vm1 0.041400 0.113686 2070.000000 2.000000 3.788657 3.157214 2.682667
Vm1 0.041400 0.113686 2075.000000 2.000000 3.788657 3.157214 2.683384
Vm1 0.041400 0.113686 2080.000000 2.000000 3.788657 3.157214 2.684093
Vm1 0.041400 0.113686 2085.000000 2.000000 3.788657 3.157214 2.684794
Vm1 0.041400 0.113686 2090.000000 2.000000 3.788657 3.157214 2.685487
Vm1 0.041400 0.113686 2095.000000 2.000000 3.788657 3.157214 2.686172
Vm1 0.041400 0.113686 2100.000000 2.000000 3.788657 3.157214 2.686850
Vm1 0.041400 0.113686 2105.000000 2.000000 3.788657 3.157214 2.687519
Vm1 0.041400 0.113686 2110.000000 2.000000 3.788657 3.157214 2.688181
Vm1 0.041400 0.113686 2115.000000 2.000000 3.788657 3.157214 2.688835
Vm1 0.041400 0.113686 2120.000000 2.000000 3.788657 3.157214 2.689482
Vm1 0.041400 0.113686 2125.000000 2.000000 3.788657 3.157214 2.690121
Vm1 0.041400 0.113686 2130.000000 2.000000 3.788657 3.157214 2.690754
Vm1 0.041400 0.113686 2135.000000 2.000000 3.788657 3.157214 2.691378
Vm1 0.041400 0.113686 2140.000000 2.000000 3.788657 3.157214 2.691996
Vm1 0.041400 0.113686 2145.000000 2.000000 3.788657 3.157214 2.692607
Vm1 0.041400 0.113686 2150.000000 2.000000 3.788657 3.157214 2.693210
Vm1 0.041400 0.113686 2155.000000 2.000000 3.788657 3.157214 2.693807
Vm1 0.041400 0.113686 2160.000000 2.000000 3.788657 3.157214 2.694397
Vm1 0.041400 0.113686 2165.000000 2.000000 3.788657 3.157214 2.694980
Vm1 0.041400 0.113686 2170.000000 2.000000 3.788657 3.157214 2.695557
Vm1 0.041400 0.113686 2175.000000 2.000000 3.788657 3.157214 2.696127
Vm1 0.041400 0.113686 2180.000000 2.000000 3.788657 3.157214 2.696690
Vm1 0.041400 0.113686 2185.000000 2.000000 3.788657 3.157214 2.697247
Vm1 0.041400 0.113686 2190.000000 2.000000 3.788657 3.157214 2.697798
Vm1 0.041400 0.113686 2195.000000 2.000000 3.788657 3.157214 2.698342
Vm1 0.041400 0.113686 2200.000000 2.000000 3.788657 3.157214 2.698880
Vm1 0.041400 0.113686 2205.000000 2.000000 3.788657 3.157214 2.699412
Vm1 0.041400 0.113686 2210.000000 2.000000 3.788657 3.157214 2.699938
Vm1 0.041400 0.113686 2215.000000 2.000000 3.788657 3.157214 2.700458
Vm1 0.041400 0.113686 2220.000000 2.000000 3.788657 3.157214 2.700972
Vm1 0.041400 0.113686 2225.000000 2.000000 3.788657 3.157214 2.701480
Vm1 0.041400 0.113686 2230.000000 2.000000 3.788657 3.157214 2.701982
Vm1 0.041400 0.113686 2235.000000 2.000000 3.788657 3.157214 2.702479
Vm1 0.041400 0.113686 2240.000000 2.000000 3.788657 3.157214 2.702970
Vm1 0.041400 0.113686 2245.000000 2.000000 3.788657 3.157214 2.703455
Vm1 0.041400 0.113686 2250.000000 2.000000 3.788657 3.157214 2.703934
Vm1 0.041400 0.113686 2255.000000 2.000000 3.788657 3.157214 2.704409
Vm1 0.041400 0.113686 2260.000000 2.000000 3.788657 3.157214 2.704877
Vm1 0.041400 0.113686 2265.000000 2.000000 3.788657 3.157214 2.705341
Vm1 0.041400 0.113686 2270.000000 2.000000 3.788657 3.157214 2.705799
Vm1 0.041400 0.113686 2275.000000 2.000000 3.788657 3.157214 2.706252
Vm1 0.041400 0.113686 2280.000000 2.000000 3.788657 3.157214 2.706699
Vm1 0.041400 0.113686 2285.000000 2.000000 3.788657 3.157214 2.707142
Vm1 0.041400 0.113686 2290.000000 2.000000 3.788657 3.157214 2.707579
Vm1 0.041400 0.113686 2295.000000 2.000000 3.788657 3.157214 2.708012
Vm1 0.041400 0.113686 2300.000000 2.000000 3.788657 3.157214 2.708439
Vm1 0.041400 0.113686 2305.000000 2.000000 3.788657 3.157214 2.708862
Vm1 0.041400 0.113686 2310.000000 2.000000 3.788657 3.157214 2.709280
Vm1 0.041400 0.113686 2315.000000 2.000000 3.788657 3.157214 2.709693
Vm1 0.041400 0.113686 2320.000000 2.000000 3.788657 3.157214 2.710101
Vm1 0.041400 0.113686 2325.000000 2.000000 3.788657 3.157214 2.710505
Vm1 0.041400 0.113686 2330.000000 2.000000 3.788657 3.157214 2.710904
Vm1 0.041400 0.113686 2335.000000 2.000000 3.788657 3.157214 2.711298
Vm1 0.041400 0.113686 2340.000000 2.000000 3.788657 3.157214 2.711688
Vm1 0.041400 0.113686 2345.000000 2.000000 3.788657 3.157214 2.712074
Vm1 0.041400 0.113686 2350.000000 2.000000 3.788657 3.157214 2.712455
Vm1 0.041400 0.113686 2355.000000 2.000000 3.788657 3.157214 2.712832
Vm1 0.041400 0.113686 2360.000000 2.000000 3.788657 3.157214 2.713204
Vm1 0.041400 0.113686 2365.000000 2.000000 3.788657 3.157214 2.713572
Vm1 0.041400 0.113686 2370.000000 2.000000 3.788657 3.157214 2.713936
Vm1 0.041400 0.113686 2375.000000 2.000000 3.788657 3.157214 2.714296
Vm1 0.041400 0.113686 2380.000000 2.000000 3.788657 3.157214 2.714652
Vm1 0.041400 0.113686 2385.000000 2.000000 3.788657 3.157214 2.715003
Vm1 0.041400 0.113686 2390.000000 2.000000 3.788657 3.157214 2.715351
Vm1 0.041400 0.113686 2395.000000 2.000000 3.788657 3.157214 2.715694
Vm1 0.041400 0.113686 2400.000000 2.000000 3.788657 3.157214 2.716034
Vm1 0.041400 0.113686 2405.000000 2.000000 3.788657 3.157214 2.716370
Vm1 0.041400 0.113686 2410.000000 2.000000 3.788657 3.157214 2.716702
Vm1 0.041400 0.113686 2415.000000 2.000000 3.788657 3.157214 2.717030
Vm1 0.041400 0.113686 2420.000000 2.000000 3.788657 3.157214 2.717355
Vm1 0.041400 0.113686 2425.000000 2.000000 3.788657 3.157214 2.717675
Vm1 0.041400 0.113686 2430.000000 2.000000 3.788657 3.157214 2.717992
Vm1 0.041400 0.113686 2435.000000 2.000000 3.788657 3.157214 2.718306
Vm1 0.041400 0.113686 2440.000000 2.000000 3.788657 3.157214 2.718616
Vm1 0.041400 0.113686 2445.000000 2.000000 3.788657 3.157214 2.718922
Vm1 0.041400 0.113686 2450.000000 2.000000 3.788657 3.157214 2.719225
Vm1 0.041400 0.113686 2455.000000 2.000000 3.788657 3.157214 2.719524
Vm1 0.041400 0.113686 2460.000000 2.000000 3.788657 3.157214 2.719820
Vm1 0.041400 0.113686 2465.000000 2.000000 3.788657 3.157214 2.720112
Vm1 0.041400 0.113686 2470.000000 2.000000 3.788657 3.157214 2.720402
Vm1 0.041400 0.113686 2475.000000 2.000000 3.788657 3.157214 2.720687
Vm1 0.041400 0.113686 2480.000000 2.000000 3.788657 3.157214 2.720970
Vm1 0.041400 0.113686 2485.000000 2.000000 3.788657 3.157214 2.721249
Vm1 0.041400 0.113686 2490.000000 2.000000 3.788657 3.157214 2.721526
Vm1 0.041400 0.113686 2495.000000 2.000000 3.788657 3.157214 2.721799
Vm1 0.041400 0.113686 2500.000000 2.000000 3.788657 3.157214 2.722069
Vm1 0.041400 0.113686 2505.000000 2.000000 3.788657 3.157214 2.722335
Vm1 0.041400 0.113686 2510.000000 2.000000 3.788657 3.157214 2.722599
Vm1 0.041400 0.113686 2515.000000 2.000000 3.788657 3.157214 2.722860
Vm1 0.041400 0.113686 2520.000000 2.000000 3.788657 3.157214 2.723118
Vm1 0.041400 0.113686 2525.000000 2.000000 3.788657 3.157214 2.723372
Vm1 0.041400 0.113686 2530.000000 2.000000 3.788657 3.157214 2.723624
Vm1 0.041400 0.113686 2535.000000 2.000000 3.788657 3.157214 2.723873
Vm1 0.041400 0.113686 2540.000000 2.000000 3.788657 3.157214 2.724120
Vm1 0.041400 0.113686 2545.000000 2.000000 3.788657 3.157214 2.724363
Vm1 0.041400 0.113686 2550.000000 2.000000 3.788657 3.157214 2.724604
Vm1 0.041400 0.113686 2555.000000 2.000000 3.788657 3.157214 2.724841
Vm1 0.041400 0.113686 2560.000000 2.000000 3.788657 3.157214 2.725076
Vm1 0.041400 0.113686 2565.000000 2.000000 3.788657 3.157214 2.725309
Vm1 0.041400 0.113686 2570.000000 2.000000 3.788657 3.157214 2.725539
Vm1 0.041400 0.113686 2575.000000 2.000000 3.788657 3.157214 2.725766
Vm1 0.041400 0.113686 2580.000000 2.000000 3.788657 3.157214 2.725990
Vm1 0.041400 0.113686 2585.000000 2.000000 3.788657 3.157214 2.726212
Vm1 0.041400 0.113686 2590.000000 2.000000 3.788657 3.157214 2.726432
Vm1 0.041400 0.113686 2595.000000 2.000000 3.788657 3.157214 2.726649
Vm1 0.041400 0.113686 2600.000000 2.000000 3.788657 3.157214 2.726863
Vm1 0.041400 0.113686 2605.000000 2.000000 3.788657 3.157214 2.727075
Vm1 0.041400 0.113686 2610.000000 2.000000 3.788657 3.157214 2.727285
Vm1 0.041400 0.113686 2615.000000 2.000000 3.788657 3.157214 2.727492
Vm1 0.041400 0.113686 2620.000000 2.000000 3.788657 3.157214 2.727697
Vm1 0.041400 0.113686 2625.000000 2.000000 3.788657 3.157214 2.727899
Vm1 0.041400 0.113686 2630.000000 2.000000 3.788657 3.157214 2.728099
Vm1 0.041400 0.113686 2635.000000 2.000000 3.788657 3.157214 2.728297
Vm1 0.041400 0.113686 2640.000000 2.000000 3.788657 3.157214 2.728493
Vm1 0.041400 0.113686 2645.000000 2.000000 3.788657 3.157214 2.728686
Vm1 0.041400 0.113686 2650.000000 2.000000 3.788657 3.157214 2.728877
Vm1 0.041400 0.113686 2655.000000 2.000000 3.788657 3.157214 2.729066
Vm1 0.041400 0.113686 2660.000000 2.000000 3.788657 3.157214 2.729253
Vm1 0.041400 0.113686 2665.000000 2.000000 3.788657 3.157214 2.729437
Vm1 0.041400 0.113686 2670.000000 2.000000 3.788657 3.157214 2.729620
Vm1 0.041400 0.113686 2675.000000 2.000000 3.788657 3.157214 2.729800
Vm1 0.041400 0.113686 2680.000000 2.000000 3.788657 3.157214 2.729979
Vm1 0.041400 0.113686 2685.000000 2.000000 3.788657 3.157214 2.730155
Vm1 0.041400 0.113686 2690.000000 2.000000 3.788657 3.157214 2.730330
Vm1 0.041400 0.113686 2695.000000 2.000000 3.788657 3.157214 2.730502
Vm1 0.041400 0.113686 2700.000000 2.000000 3.788657 3.157214 2.730672
Vm1 0.041400 0.113686 2705.000000 2.000000 3.788657 3.157214 2.730841
Vm1 0.041400 0.113686 2710.000000 2.000000 3.788657 3.157214 2.731007
Vm1 0.041400 0.113686 2715.000000 2.000000 3.788657 3.157214 2.731172
Vm1 0.041400 0.113686 2720.000000 2.000000 3.788657 3.157214 2.731335
Vm1 0.041400 0.113686 2725.000000 2.000000 3.788657 3.157214 2.731495
Vm1 0.041400 0.113686 2730.000000 2.000000 3.788657 3.157214 2.731654
Vm1 0.041400 0.113686 2735.000000 2.000000 3.788657 3.157214 2.731812
Vm1 0.041400 0.113686 2740.000000 2.000000 3.788657 3.157214 2.731967
Vm1 0.041400 0.113686 2745.000000 2.000000 3.788657 3.157214 2.732121
Vm1 0.041400 0.113686 2750.000000 2.000000 3.788657 3.157214 2.732272
Vm1 0.041400 0.113686 2755.000000 2.000000 3.788657 3.157214 2.732423
Vm1 0.041400 0.113686 2760.000000 2.000000 3.788657 3.157214 2.732571
Vm1 0.041400 0.113686 2765.000000 2.000000 3.788657 3.157214 2.732718
Vm1 0.041400 0.113686 2770.000000 2.000000 3.788657 3.157214 2.732863
Vm1 0.041400 0.113686 2775.000000 2.000000 3.788657 3.157214 2.733006
Vm1 0.041400 0.113686 2780.000000 2.000000 3.788657 3.157214 2.733148
Vm1 0.041400 0.113686 2785.000000 2.000000 3.788657 3.157214 2.733288
Vm1 0.041400 0.113686 2790.000000 2.000000 3.788657 3.157214 2.733427
Vm1 0.041400 0.113686 2795.000000 2.000000 3.788657 3.157214 2.733563
Vm1 0.041400 0.113686 2800.000000 2.000000 3.788657 3.157214 2.733699
Vm1 0.041400 0.113686 2805.000000 2.000000 3.788657 3.157214 2.733833
Vm1 0.041400 0.113686 2810.000000 2.000000 3.788657 3.157214 2.733965
Vm1 0.041400 0.113686 2815.000000 2.000000 3.788657 3.157214 2.734096
Vm1 0.041400 0.113686 2820.000000 2.000000 3.788657 3.157214 2.734225
Vm1 0.041400 0.113686 2825.000000 2.000000 3.788657 3.157214 2.734353
Vm1 0.041400 0.113686 2830.000000 2.000000 3.788657 3.157214 2.734479
Vm1 0.041400 0.113686 2835.000000 2.000000 3.788657 3.157214 2.734604
Vm1 0.041400 0.113686 2840.000000 2.000000 3.788657 3.157214 2.734727
Vm1 0.041400 0.113686 2845.000000 2.000000 3.788657 3.157214 2.734850
Vm1 0.041400 0.113686 2850.000000 2.000000 3.788657 3.157214 2.734970
Vm1 0.041400 0.113686 2855.000000 2.000000 3.788657 3.157214 2.735090
Vm1 0.041400 0.113686 2860.000000 2.000000 3.788657 3.157214 2.735207
Vm1 0.041400 0.113686 2865.000000 2.000000 3.788657 3.157214 2.735324
Vm1 0.041400 0.113686 2870.000000 2.000000 3.788657 3.157214 2.735439
Vm1 0.041400 0.113686 2875.000000 2.000000 3.788657 3.157214 2.735553
Vm1 0.041400 0.113686 2880.000000 2.000000 3.788657 3.157214 2.735666
Vm1 0.041400 0.113686 2885.000000 2.000000 3.788657 3.157214 2.735777
Vm1 0.041400 0.113686 2890.000000 2.000000 3.788657 3.157214 2.735887
Vm1 0.041400 0.113686 2895.000000 2.000000 3.788657 3.157214 2.735996
Vm1 0.041400 0.113686 2900.000000 2.000000 3.788657 3.157214 2.736104
Vm1 0.041400 0.113686 2905.000000 2.000000 3.788657 3.157214 2.736210
Vm1 0.041400 0.113686 2910.000000 2.000000 3.788657 3.157214 2.736315
Vm1 0.041400 0.113686 2915.000000 2.000000 3.788657 3.157214 2.736419
Vm1 0.041400 0.113686 2920.000000 2.000000 3.788657 3.157214 2.736522
Vm1 0.041400 0.113686 2925.000000 2.000000 3.788657 3.157214 2.736623
Vm1 0.041400 0.113686 2930.000000 2.000000 3.788657 3.157214 2.736724
Vm1 0.041400 0.113686 2935.000000 2.000000 3.788657 3.157214 2.736823
Vm1 0.041400 0.113686 2940.000000 2.000000 3.788657 3.157214 2.736921
Vm1 0.041400 0.113686 2945.000000 2.000000 3.788657 3.157214 2.737018
Vm1 0.041400 0.113686 2950.000000 2.000000 3.788657 3.157214 2.737114
Vm1 0.041400 0.113686 2955.000000 2.000000 3.788657 3.157214 2.737209
Vm1 0.041400 0.113686 2960.000000 2.000000 3.788657 3.157214 2.737302
Vm1 0.041400 0.113686 2965.000000 2.000000 3.788657 3.157214 2.737395
Vm1 0.041400 0.113686 2970.000000 2.000000 3.788657 3.157214 2.737487
Vm1 0.041400 0.113686 2975.000000 2.000000 3.788657 3.157214 2.737577
Vm1 0.041400 0.113686 2980.000000 2.000000 3.788657 3.157214 2.737667
Vm1 0.041400 0.113686 2985.000000 2.000000 3.788657 3.157214 2.737755
Vm1 0.041400 0.113686 2990.000000 2.000000 3.788657 3.157214 2.737842
Vm1 0.041400 0.113686 2995.000000 2.000000 3.788657 3.157214 2.737929
Vm1 0.041400 0.113686 3000.000000 2.000000 3.788657 3.157214 2.738014
Vm1 0.041400 0.113686 3005.000000 2.000000 3.788657 3.157214 2.738099
Vm1 0.041400 0.113686 3010.000000 2.000000 3.788657 3.157214 2.738182
Vm1 0.041400 0.113686 3015.000000 2.000000 3.788657 3.157214 2.738265
Vm1 0.041400 0.113686 3020.000000 2.000000 3.788657 3.157214 2.738347
Vm1 0.041400 0.113686 3025.000000 2.000000 3.788657 3.157214 2.738427
Vm1 0.041400 0.113686 3030.000000 2.000000 3.788657 3.157214 2.738507
Vm1 0.041400 0.113686 3035.000000 2.000000 3.788657 3.157214 2.738586
Vm1 0.041400 0.113686 3040.000000 2.000000 3.788657 3.157214 2.738664
Vm1 0.041400 0.113686 3045.000000 2.000000 3.788657 3.157214 2.738741
Vm1 0.041400 0.113686 3050.000000 2.000000 3.788657 3.157214 2.738817
Vm1 0.041400 0.113686 3055.000000 2.000000 3.788657 3.157214 2.738892
Vm1 0.041400 0.113686 3060.000000 2.000000 3.788657 3.157214 2.738967
Vm1 0.041400 0.113686 3065.000000 2.000000 3.788657 3.157214 2.739040
Vm1 0.041400 0.113686 3070.000000 2.000000 3.788657 3.157214 2.739113
Vm1 0.041400 0.113686 3075.000000 2.000000 3.788657 3.157214 2.739185
Vm1 0.041400 0.113686 3080.000000 2.000000 3.788657 3.157214 2.739256
Vm1 0.041400 0.113686 3085.000000 2.000000 3.788657 3.157214 2.739326
Vm1 0.041400 0.113686 3090.000000 2.000000 3.788657 3.157214 2.739396
Vm1 0.041400 0.113686 3095.000000 2.000000 3.788657 3.157214 2.739465
Vm1 0.041400 0.113686 3100.000000 2.000000 3.788657 3.157214 2.739533
Vm1 0.041400 0.113686 3105.000000 2.000000 3.788657 3.157214 2.739600
Vm1 0.041400 0.113686 3110.000000 2.000000 3.788657 3.157214 2.739666
Vm1 0.041400 0.113686 3115.000000 2.000000 3.788657 3.157214 2.739732
Vm1 0.041400 0.113686 3120.000000 2.000000 3.788657 3.157214 2.739796
Vm1 0.041400 0.113686 3125.000000 2.000000 3.788657 3.157214 2.739861
Vm1 0.041400 0.113686 3130.000000 2.000000 3.788657 3.157214 2.739924
Vm1 0.041400 0.113686 3135.000000 2.000000 3.788657 3.157214 2.739987
Vm1 0.041400 0.113686 3140.000000 2.000000 3.788657 3.157214 2.740049
Vm1 0.041400 0.113686 3145.000000 2.000000 3.788657 3.157214 2.740110
Vm1 0.041400 0.113686 3150.000000 2.000000 3.788657 3.157214 2.740170
Vm1 0.041400 0.113686 3155.000000 2.000000 3.788657 3.157214 2.740230
Vm1 0.041400 0.113686 3160.000000 2.000000 3.788657 3.157214 2.740289
Vm1 0.041400 0.113686 3165.000000 2.000000 3.788657 3.157214 2.740348
Vm1 0.041400 0.113686 3170.000000 2.000000 3.788657 3.157214 2.740406
Vm1 0.041400 0.113686 3175.000000 2.000000 3.788657 3.157214 2.740463
Vm1 0.041400 0.113686 3180.000000 2.000000 3.788657 3.157214 2.740519
Vm1 0.041400 0.113686 3185.000000 2.000000 3.788657 3.157214 2.740575
Vm1 0.041400 0.113686 3190.000000 2.000000 3.788657 3.157214 2.740630
Vm1 0.041400 0.113686 3195.000000 2.000000 3.788657 3.157214 2.740685
Vm1 0.041400 0.113686 3200.000000 2.000000 3.788657 3.157214 2.740739
Vm1 0.041400 0.113686 3205.000000 2.000000 3.788657 3.157214 2.740792
Vm1 0.041400 0.113686 3210.000000 2.000000 3.788657 3.157214 2.740845
Vm1 0.041400 0.113686 3215.000000 2.000000 3.788657 3.157214 2.740897
Vm1 0.041400 0.113686 3220.000000 2.000000 3.788657 3.157214 2.740948
Vm1 0.041400 0.113686 3225.000000 2.000000 3.788657 3.157214 2.740999
Vm1 0.041400 0.113686 3230.000000 2.000000 3.788657 3.157214 2.741050
Vm1 0.041400 0.113686 3235.000000 2.000000 3.788657 3.157214 2.741100
Vm1 0.041400 0.113686 3240.000000 2.000000 3.788657 3.157214 2.741149
Vm1 0.041400 0.113686 3245.000000 2.000000 3.788657 3.157214 2.741197
Vm1 0.041400 0.113686 3250.000000 2.000000 3.788657 3.157214 2.741245
Vm1 0.041400 0.113686 3255.000000 2.000000 3.788657 3.157214 2.741293
Vm1 0.041400 0.113686 3260.000000 2.000000 3.788657 3.157214 2.741340
Vm1 0.041400 0.113686 3265.000000 2.000000 3.788657 3.157214 2.741386
Vm1 0.041400 0.113686 3270.000000 2.000000 3.788657 3.157214 2.741432
Vm1 0.041400 0.113686 3275.000000 2.000000 3.788657 3.157214 2.741478
Vm1 0.041400 0.113686 3280.000000 2.000000 3.788657 3.157214 2.741523
Vm1 0.041400 0.113686 3285.000000 2.000000 3.788657 3.157214 2.741567
Vm1 0.041400 0.113686 3290.000000 2.000000 3.788657 3.157214 2.741611
Vm1 0.041400 0.113686 3295.000000 2.000000 3.788657 3.157214 2.741654
Vm1 0.041400 0.113686 3300.000000 2.000000 3.788657 3.157214 2.741697
Vm1 0.041400 0.113686 3305.000000 2.000000 3.788657 3.157214 2.741740
Vm1 0.041400 0.113686 3310.000000 2.000000 3.788657 3.157214 2.741781
Vm1 0.041400 0.113686 3315.000000 2.000000 3.788657 3.157214 2.741823
Vm1 0.041400 0.113686 3320.000000 2.000000 3.788657 3.157214 2.741864
Vm1 0.041400 0.113686 3325.000000 2.000000 3.788657 3.157214 2.741904
Vm1 0.041400 0.113686 3330.000000 2.000000 3.788657 3.157214 2.741944
Vm1 0.041400 0.113686 3335.000000 2.000000 3.788657 3.157214 2.741984
Vm1 0.041400 0.113686 3340.000000 2.000000 3.788657 3.157214 2.742023
Vm1 0.041400 0.113686 3345.000000 2.000000 3.788657 3.157214 2.742062
Vm1 0.041400 0.113686 3350.000000 2.000000 3.788657 3.157214 2.742100
Vm1 0.041400 0.113686 3355.000000 2.000000 3.788657 3.157214 2.742138
Vm1 0.041400 0.113686 3360.000000 2.000000 3.788657 3.157214 2.742175
Vm1 0.041400 0.113686 3365.000000 2.000000 3.788657 3.157214 2.742212
Vm1 0.041400 0.113686 3370.000000 2.000000 3.788657 3.157214 2.742248
Vm1 0.041400 0.113686 3375.000000 2.000000 3.788657 3.157214 2.742284
Vm1 0.041400 0.113686 3380.000000 2.000000 3.788657 3.157214 2.742320
Vm1 0.041400 0.113686 3385.000000 2.000000 3.788657 3.157214 2.742355
Vm1 0.041400 0.113686 3390.000000 2.000000 3.788657 3.157214 2.742390
Vm1 0.041400 0.113686 3395.000000 2.000000 3.788657 3.157214 2.742425
Vm1 0.041400 0.113686 3400.000000 2.000000 3.788657 3.157214 2.742459
Vm1 0.041400 0.113686 3405.000000 2.000000 3.788657 3.157214 2.742492
Vm1 0.041400 0.113686 3410.000000 2.000000 3.788657 3.157214 2.742526
Vm1 0.041400 0.113686 3415.000000 2.000000 3.788657 3.157214 2.742559
Vm1 0.041400 0.113686 3420.000000 2.000000 3.788657 3.157214 2.742591
Vm1 0.041400 0.113686 3425.000000 2.000000 3.788657 3.157214 2.742623
Vm1 0.041400 0.113686 3430.000000 2.000000 3.788657 3.157214 2.742655
Vm1 0.041400 0.113686 3435.000000 2.000000 3.788657 3.157214 2.742686
Vm1 0.041400 0.113686 3440.000000 2.000000 3.788657 3.157214 2.742718
Vm1 0.041400 0.113686 3445.000000 2.000000 3.788657 3.157214 2.742748
Vm1 0.041400 0.113686 3450.000000 2.000000 3.788657 3.157214 2.742779
Vm1 0.041400 0.113686 3455.000000 2.000000 3.788657 3.157214 2.742809
Vm1 0.041400 0.113686 3460.000000 2.000000 3.788657 3.157214 2.742838
Vm1 0.041400 0.113686 3465.000000 2.000000 3.788657 3.157214 2.742868
Vm1 0.041400 0.113686 3470.000000 2.000000 3.788657 3.157214 2.742897
Vm1 0.041400 0.113686 3475.000000 2.000000 3.788657 3.157214 2.742925
Vm1 0.041400 0.113686 3480.000000 2.000000 3.788657 3.157214 2.742954
Vm1 0.041400 0.113686 3485.000000 2.000000 3.788657 3.157214 2.742982
Vm1 0.041400 0.113686 3490.000000 2.000000 3.788657 3.157214 2.743009
Vm1 0.041400 0.113686 3495.000000 2.000000 3.788657 3.157214 2.743037
Vm1 0.041400 0.113686 3500.000000 2.000000 3.788657 3.157214 2.743064
Vm1 0.041400 0.113686 3505.000000 2.000000 3.788657 3.157214 2.743090
Vm1 0.041400 0.113686 3510.000000 2.000000 3.788657 3.157214 2.743117
Vm1 0.041400 0.113686 3515.000000 2.000000 3.788657 3.157214 2.743143
Vm1 0.041400 0.113686 3520.000000 2.000000 3.788657 3.157214 2.743169
Vm1 0.041400 0.113686 3525.000000 2.000000 3.788657 3.157214 2.743194
Vm1 0.041400 0.113686 3530.000000 2.000000 3.788657 3.157214 2.743220
Vm1 0.041400 0.113686 3535.000000 2.000000 3.788657 3.157214 2.743245
Vm1 0.041400 0.113686 3540.000000 2.000000 3.788657 3.157214 2.743269
Vm1 0.041400 0.113686 3545.000000 2.000000 3.788657 3.157214 2.743294
Vm1 0.041400 0.113686 3550.000000 2.000000 3.788657 3.157214 2.743318
Vm1 0.041400 0.113686 3555.000000 2.000000 3.788657 3.157214 2.743342
Vm1 0.041400 0.113686 3560.000000 2.000000 3.788657 3.157214 2.743365
Vm1 0.041400 0.113686 3565.000000 2.000000 3.788657 3.157214 2.743389
Vm1 0.041400 0.113686 3570.000000 2.000000 3.788657 3.157214 2.743412
Vm1 0.041400 0.113686 3575.000000 2.000000 3.788657 3.157214 2.743434
Vm1 0.041400 0.113686 3580.000000 2.000000 3.788657 3.157214 2.743457
Vm1 0.041400 0.113686 3585.000000 2.000000 3.788657 3.157214 2.743479
Vm1 0.041400 0.113686 3590.000000 2.000000 3.788657 3.157214 2.743501
Vm1 0.041400 0.113686 3595.000000 2.000000 3.788657 3.157214 2.743523
Vm1 0.041400 0.113686 3600.000000 2.000000 3.788657 3.157214 2.743544
