HEADER DATE 31-Jul-2017 19:26:03
HEADER RANDSEED 1741946661
Param True_Value Sim_Value Sim_Time Input mRNA foldedP fluo
alpha1 0.000033 0.000019 0.000000 0.000000 0.000639 0.000532 0.000463
alpha1 0.000033 0.000019 5.000000 0.000000 0.000639 0.000532 0.000463
alpha1 0.000033 0.000019 10.000000 0.000000 0.000639 0.000532 0.000463
alpha1 0.000033 0.000019 15.000000 0.000000 0.000639 0.000532 0.000463
alpha1 0.000033 0.000019 20.000000 0.000000 0.000639 0.000532 0.000463
alpha1 0.000033 0.000019 25.000000 0.000000 0.000639 0.000532 0.000463
alpha1 0.000033 0.000019 30.000000 0.000000 0.000639 0.000532 0.000463
alpha1 0.000033 0.000019 35.000000 0.000000 0.000639 0.000532 0.000463
alpha1 0.000033 0.000019 40.000000 0.000000 0.000639 0.000532 0.000463
alpha1 0.000033 0.000019 45.000000 0.000000 0.000639 0.000532 0.000463
alpha1 0.000033 0.000019 50.000000 0.000000 0.000639 0.000532 0.000463
alpha1 0.000033 0.000019 55.000000 0.000000 0.000639 0.000532 0.000463
alpha1 0.000033 0.000019 60.000000 0.000000 0.000639 0.000532 0.000463
alpha1 0.000033 0.000019 65.000000 0.000000 0.000639 0.000532 0.000463
alpha1 0.000033 0.000019 70.000000 0.000000 0.000639 0.000532 0.000463
alpha1 0.000033 0.000019 75.000000 0.000000 0.000639 0.000532 0.000463
alpha1 0.000033 0.000019 80.000000 0.000000 0.000639 0.000532 0.000463
alpha1 0.000033 0.000019 85.000000 0.000000 0.000639 0.000532 0.000463
alpha1 0.000033 0.000019 90.000000 0.000000 0.000639 0.000532 0.000463
alpha1 0.000033 0.000019 95.000000 0.000000 0.000639 0.000532 0.000463
alpha1 0.000033 0.000019 100.000000 0.000000 0.000639 0.000532 0.000463
alpha1 0.000033 0.000019 105.000000 0.000000 0.000639 0.000532 0.000463
alpha1 0.000033 0.000019 110.000000 0.000000 0.000639 0.000532 0.000463
alpha1 0.000033 0.000019 115.000000 0.000000 0.000639 0.000532 0.000463
alpha1 0.000033 0.000019 120.000000 0.000000 0.000639 0.000532 0.000463
alpha1 0.000033 0.000019 125.000000 0.000000 0.000639 0.000532 0.000463
alpha1 0.000033 0.000019 130.000000 0.000000 0.000639 0.000532 0.000463
alpha1 0.000033 0.000019 135.000000 0.000000 0.000639 0.000532 0.000463
alpha1 0.000033 0.000019 140.000000 0.000000 0.000639 0.000532 0.000463
alpha1 0.000033 0.000019 145.000000 0.000000 0.000639 0.000532 0.000463
alpha1 0.000033 0.000019 150.000000 0.000000 0.000639 0.000532 0.000463
alpha1 0.000033 0.000019 155.000000 0.000000 0.000639 0.000532 0.000463
alpha1 0.000033 0.000019 160.000000 0.000000 0.000639 0.000532 0.000463
alpha1 0.000033 0.000019 165.000000 0.000000 0.000639 0.000532 0.000463
alpha1 0.000033 0.000019 170.000000 0.000000 0.000639 0.000532 0.000463
alpha1 0.000033 0.000019 175.000000 0.000000 0.000639 0.000532 0.000463
alpha1 0.000033 0.000019 180.000000 0.000000 0.000639 0.000532 0.000463
alpha1 0.000033 0.000019 185.000000 0.000000 0.000639 0.000532 0.000463
alpha1 0.000033 0.000019 190.000000 0.000000 0.000639 0.000532 0.000463
alpha1 0.000033 0.000019 195.000000 0.000000 0.000639 0.000532 0.000463
alpha1 0.000033 0.000019 200.000000 0.000000 0.000639 0.000532 0.000463
alpha1 0.000033 0.000019 205.000000 0.000000 0.000639 0.000532 0.000463
alpha1 0.000033 0.000019 210.000000 0.000000 0.000639 0.000532 0.000463
alpha1 0.000033 0.000019 215.000000 0.000000 0.000639 0.000532 0.000463
alpha1 0.000033 0.000019 220.000000 0.000000 0.000639 0.000532 0.000463
alpha1 0.000033 0.000019 225.000000 0.000000 0.000639 0.000532 0.000463
alpha1 0.000033 0.000019 230.000000 0.000000 0.000639 0.000532 0.000463
alpha1 0.000033 0.000019 235.000000 0.000000 0.000639 0.000532 0.000463
alpha1 0.000033 0.000019 240.000000 0.000000 0.000639 0.000532 0.000463
alpha1 0.000033 0.000019 245.000000 0.000000 0.000639 0.000532 0.000463
alpha1 0.000033 0.000019 250.000000 0.000000 0.000639 0.000532 0.000463
alpha1 0.000033 0.000019 255.000000 0.000000 0.000639 0.000532 0.000463
alpha1 0.000033 0.000019 260.000000 0.000000 0.000639 0.000532 0.000463
alpha1 0.000033 0.000019 265.000000 0.000000 0.000639 0.000532 0.000463
alpha1 0.000033 0.000019 270.000000 0.000000 0.000639 0.000532 0.000463
alpha1 0.000033 0.000019 275.000000 0.000000 0.000639 0.000532 0.000463
alpha1 0.000033 0.000019 280.000000 0.000000 0.000639 0.000532 0.000463
alpha1 0.000033 0.000019 285.000000 0.000000 0.000639 0.000532 0.000463
alpha1 0.000033 0.000019 290.000000 0.000000 0.000639 0.000532 0.000463
alpha1 0.000033 0.000019 295.000000 0.000000 0.000639 0.000532 0.000463
alpha1 0.000033 0.000019 300.000000 2.000000 0.000639 0.000532 0.000463
alpha1 0.000033 0.000019 305.000000 2.000000 0.192760 0.005357 0.000479
alpha1 0.000033 0.000019 310.000000 2.000000 0.358121 0.018553 0.000586
alpha1 0.000033 0.000019 315.000000 2.000000 0.500449 0.038426 0.000858
alpha1 0.000033 0.000019 320.000000 2.000000 0.622952 0.063551 0.001352
alpha1 0.000033 0.000019 325.000000 2.000000 0.728391 0.092730 0.002111
alpha1 0.000033 0.000019 330.000000 2.000000 0.819143 0.124957 0.003167
alpha1 0.000033 0.000019 335.000000 2.000000 0.897253 0.159394 0.004543
alpha1 0.000033 0.000019 340.000000 2.000000 0.964483 0.195344 0.006254
alpha1 0.000033 0.000019 345.000000 2.000000 1.022349 0.232228 0.008308
alpha1 0.000033 0.000019 350.000000 2.000000 1.072155 0.269569 0.010708
alpha1 0.000033 0.000019 355.000000 2.000000 1.115023 0.306978 0.013452
alpha1 0.000033 0.000019 360.000000 2.000000 1.151920 0.344140 0.016536
alpha1 0.000033 0.000019 365.000000 2.000000 1.183677 0.380798 0.019951
alpha1 0.000033 0.000019 370.000000 2.000000 1.211012 0.416752 0.023689
alpha1 0.000033 0.000019 375.000000 2.000000 1.234538 0.451843 0.027737
alpha1 0.000033 0.000019 380.000000 2.000000 1.254787 0.485950 0.032084
alpha1 0.000033 0.000019 385.000000 2.000000 1.272216 0.518983 0.036714
alpha1 0.000033 0.000019 390.000000 2.000000 1.287217 0.550877 0.041614
alpha1 0.000033 0.000019 395.000000 2.000000 1.300129 0.581588 0.046769
alpha1 0.000033 0.000019 400.000000 2.000000 1.311243 0.611093 0.052165
alpha1 0.000033 0.000019 405.000000 2.000000 1.320808 0.639380 0.057786
alpha1 0.000033 0.000019 410.000000 2.000000 1.329041 0.666450 0.063619
alpha1 0.000033 0.000019 415.000000 2.000000 1.336127 0.692315 0.069647
alpha1 0.000033 0.000019 420.000000 2.000000 1.342226 0.716993 0.075858
alpha1 0.000033 0.000019 425.000000 2.000000 1.347476 0.740508 0.082238
alpha1 0.000033 0.000019 430.000000 2.000000 1.351994 0.762890 0.088773
alpha1 0.000033 0.000019 435.000000 2.000000 1.355883 0.784172 0.095450
alpha1 0.000033 0.000019 440.000000 2.000000 1.359230 0.804390 0.102257
alpha1 0.000033 0.000019 445.000000 2.000000 1.362111 0.823581 0.109182
alpha1 0.000033 0.000019 450.000000 2.000000 1.364591 0.841785 0.116214
alpha1 0.000033 0.000019 455.000000 2.000000 1.366725 0.859040 0.123341
alpha1 0.000033 0.000019 460.000000 2.000000 1.368562 0.875386 0.130554
alpha1 0.000033 0.000019 465.000000 2.000000 1.370143 0.890863 0.137843
alpha1 0.000033 0.000019 470.000000 2.000000 1.371504 0.905509 0.145198
alpha1 0.000033 0.000019 475.000000 2.000000 1.372675 0.919365 0.152611
alpha1 0.000033 0.000019 480.000000 2.000000 1.373684 0.932466 0.160072
alpha1 0.000033 0.000019 485.000000 2.000000 1.374551 0.944849 0.167576
alpha1 0.000033 0.000019 490.000000 2.000000 1.375298 0.956551 0.175113
alpha1 0.000033 0.000019 495.000000 2.000000 1.375941 0.967604 0.182677
alpha1 0.000033 0.000019 500.000000 2.000000 1.376494 0.978043 0.190261
alpha1 0.000033 0.000019 505.000000 2.000000 1.376971 0.987899 0.197860
alpha1 0.000033 0.000019 510.000000 2.000000 1.377381 0.997202 0.205467
alpha1 0.000033 0.000019 515.000000 2.000000 1.377734 1.005982 0.213076
alpha1 0.000033 0.000019 520.000000 2.000000 1.378037 1.014267 0.220684
alpha1 0.000033 0.000019 525.000000 2.000000 1.378299 1.022083 0.228284
alpha1 0.000033 0.000019 530.000000 2.000000 1.378524 1.029455 0.235873
alpha1 0.000033 0.000019 535.000000 2.000000 1.378717 1.036408 0.243447
alpha1 0.000033 0.000019 540.000000 2.000000 1.378884 1.042965 0.251001
alpha1 0.000033 0.000019 545.000000 2.000000 1.379027 1.049148 0.258532
alpha1 0.000033 0.000019 550.000000 2.000000 1.379151 1.054977 0.266037
alpha1 0.000033 0.000019 555.000000 2.000000 1.379257 1.060472 0.273512
alpha1 0.000033 0.000019 560.000000 2.000000 1.379348 1.065652 0.280954
alpha1 0.000033 0.000019 565.000000 2.000000 1.379427 1.070534 0.288362
alpha1 0.000033 0.000019 570.000000 2.000000 1.379495 1.075136 0.295732
alpha1 0.000033 0.000019 575.000000 2.000000 1.379553 1.079473 0.303062
alpha1 0.000033 0.000019 580.000000 2.000000 1.379603 1.083560 0.310350
alpha1 0.000033 0.000019 585.000000 2.000000 1.379647 1.087411 0.317595
alpha1 0.000033 0.000019 590.000000 2.000000 1.379684 1.091039 0.324793
alpha1 0.000033 0.000019 595.000000 2.000000 1.379716 1.094458 0.331945
alpha1 0.000033 0.000019 600.000000 2.000000 1.379743 1.097680 0.339047
alpha1 0.000033 0.000019 605.000000 2.000000 1.379767 1.100715 0.346100
alpha1 0.000033 0.000019 610.000000 2.000000 1.379788 1.103574 0.353101
alpha1 0.000033 0.000019 615.000000 2.000000 1.379805 1.106268 0.360050
alpha1 0.000033 0.000019 620.000000 2.000000 1.379820 1.108806 0.366945
alpha1 0.000033 0.000019 625.000000 2.000000 1.379833 1.111196 0.373786
alpha1 0.000033 0.000019 630.000000 2.000000 1.379845 1.113448 0.380571
alpha1 0.000033 0.000019 635.000000 2.000000 1.379854 1.115569 0.387301
alpha1 0.000033 0.000019 640.000000 2.000000 1.379862 1.117568 0.393975
alpha1 0.000033 0.000019 645.000000 2.000000 1.379870 1.119450 0.400591
alpha1 0.000033 0.000019 650.000000 2.000000 1.379876 1.121223 0.407150
alpha1 0.000033 0.000019 655.000000 2.000000 1.379881 1.122893 0.413651
alpha1 0.000033 0.000019 660.000000 2.000000 1.379886 1.124466 0.420094
alpha1 0.000033 0.000019 665.000000 2.000000 1.379890 1.125947 0.426478
alpha1 0.000033 0.000019 670.000000 2.000000 1.379893 1.127343 0.432804
alpha1 0.000033 0.000019 675.000000 2.000000 1.379896 1.128657 0.439070
alpha1 0.000033 0.000019 680.000000 2.000000 1.379898 1.129895 0.445278
alpha1 0.000033 0.000019 685.000000 2.000000 1.379900 1.131061 0.451427
alpha1 0.000033 0.000019 690.000000 2.000000 1.379902 1.132159 0.457517
alpha1 0.000033 0.000019 695.000000 2.000000 1.379904 1.133193 0.463547
alpha1 0.000033 0.000019 700.000000 2.000000 1.379905 1.134167 0.469519
alpha1 0.000033 0.000019 705.000000 2.000000 1.379906 1.135085 0.475432
alpha1 0.000033 0.000019 710.000000 2.000000 1.379907 1.135949 0.481286
alpha1 0.000033 0.000019 715.000000 2.000000 1.379908 1.136762 0.487081
alpha1 0.000033 0.000019 720.000000 2.000000 1.379909 1.137529 0.492818
alpha1 0.000033 0.000019 725.000000 2.000000 1.379910 1.138251 0.498497
alpha1 0.000033 0.000019 730.000000 2.000000 1.379910 1.138931 0.504118
alpha1 0.000033 0.000019 735.000000 2.000000 1.379911 1.139571 0.509681
alpha1 0.000033 0.000019 740.000000 2.000000 1.379911 1.140174 0.515187
alpha1 0.000033 0.000019 745.000000 2.000000 1.379912 1.140742 0.520635
alpha1 0.000033 0.000019 750.000000 2.000000 1.379912 1.141277 0.526027
alpha1 0.000033 0.000019 755.000000 2.000000 1.379912 1.141780 0.531362
alpha1 0.000033 0.000019 760.000000 2.000000 1.379912 1.142255 0.536641
alpha1 0.000033 0.000019 765.000000 2.000000 1.379913 1.142702 0.541865
alpha1 0.000033 0.000019 770.000000 2.000000 1.379913 1.143122 0.547033
alpha1 0.000033 0.000019 775.000000 2.000000 1.379913 1.143519 0.552146
alpha1 0.000033 0.000019 780.000000 2.000000 1.379913 1.143892 0.557204
alpha1 0.000033 0.000019 785.000000 2.000000 1.379913 1.144243 0.562208
alpha1 0.000033 0.000019 790.000000 2.000000 1.379913 1.144574 0.567158
alpha1 0.000033 0.000019 795.000000 2.000000 1.379913 1.144886 0.572055
alpha1 0.000033 0.000019 800.000000 2.000000 1.379913 1.145180 0.576899
alpha1 0.000033 0.000019 805.000000 2.000000 1.379913 1.145456 0.581690
alpha1 0.000033 0.000019 810.000000 2.000000 1.379914 1.145717 0.586429
alpha1 0.000033 0.000019 815.000000 2.000000 1.379914 1.145962 0.591117
alpha1 0.000033 0.000019 820.000000 2.000000 1.379914 1.146193 0.595753
alpha1 0.000033 0.000019 825.000000 2.000000 1.379914 1.146410 0.600338
alpha1 0.000033 0.000019 830.000000 2.000000 1.379914 1.146615 0.604873
alpha1 0.000033 0.000019 835.000000 2.000000 1.379914 1.146808 0.609359
alpha1 0.000033 0.000019 840.000000 2.000000 1.379914 1.146990 0.613795
alpha1 0.000033 0.000019 845.000000 2.000000 1.379914 1.147161 0.618181
alpha1 0.000033 0.000019 850.000000 2.000000 1.379914 1.147322 0.622520
alpha1 0.000033 0.000019 855.000000 2.000000 1.379914 1.147474 0.626810
alpha1 0.000033 0.000019 860.000000 2.000000 1.379914 1.147617 0.631053
alpha1 0.000033 0.000019 865.000000 2.000000 1.379914 1.147751 0.635248
alpha1 0.000033 0.000019 870.000000 2.000000 1.379914 1.147878 0.639397
alpha1 0.000033 0.000019 875.000000 2.000000 1.379914 1.147997 0.643500
alpha1 0.000033 0.000019 880.000000 2.000000 1.379914 1.148110 0.647557
alpha1 0.000033 0.000019 885.000000 2.000000 1.379914 1.148216 0.651568
alpha1 0.000033 0.000019 890.000000 2.000000 1.379914 1.148315 0.655535
alpha1 0.000033 0.000019 895.000000 2.000000 1.379914 1.148409 0.659458
alpha1 0.000033 0.000019 900.000000 2.000000 1.379914 1.148498 0.663336
alpha1 0.000033 0.000019 905.000000 2.000000 1.379914 1.148581 0.667171
alpha1 0.000033 0.000019 910.000000 2.000000 1.379914 1.148660 0.670963
alpha1 0.000033 0.000019 915.000000 2.000000 1.379914 1.148733 0.674712
alpha1 0.000033 0.000019 920.000000 2.000000 1.379914 1.148803 0.678419
alpha1 0.000033 0.000019 925.000000 2.000000 1.379914 1.148868 0.682085
alpha1 0.000033 0.000019 930.000000 2.000000 1.379914 1.148930 0.685709
alpha1 0.000033 0.000019 935.000000 2.000000 1.379914 1.148988 0.689292
alpha1 0.000033 0.000019 940.000000 2.000000 1.379914 1.149043 0.692835
alpha1 0.000033 0.000019 945.000000 2.000000 1.379914 1.149094 0.696338
alpha1 0.000033 0.000019 950.000000 2.000000 1.379914 1.149143 0.699801
alpha1 0.000033 0.000019 955.000000 2.000000 1.379914 1.149189 0.703226
alpha1 0.000033 0.000019 960.000000 2.000000 1.379914 1.149232 0.706611
alpha1 0.000033 0.000019 965.000000 2.000000 1.379914 1.149272 0.709958
alpha1 0.000033 0.000019 970.000000 2.000000 1.379914 1.149310 0.713268
alpha1 0.000033 0.000019 975.000000 2.000000 1.379914 1.149346 0.716539
alpha1 0.000033 0.000019 980.000000 2.000000 1.379914 1.149380 0.719774
alpha1 0.000033 0.000019 985.000000 2.000000 1.379914 1.149412 0.722972
alpha1 0.000033 0.000019 990.000000 2.000000 1.379914 1.149442 0.726134
alpha1 0.000033 0.000019 995.000000 2.000000 1.379914 1.149471 0.729260
alpha1 0.000033 0.000019 1000.000000 2.000000 1.379914 1.149497 0.732351
alpha1 0.000033 0.000019 1005.000000 2.000000 1.379914 1.149522 0.735406
alpha1 0.000033 0.000019 1010.000000 2.000000 1.379914 1.149546 0.738427
alpha1 0.000033 0.000019 1015.000000 2.000000 1.379914 1.149568 0.741414
alpha1 0.000033 0.000019 1020.000000 2.000000 1.379914 1.149589 0.744366
alpha1 0.000033 0.000019 1025.000000 2.000000 1.379914 1.149609 0.747285
alpha1 0.000033 0.000019 1030.000000 2.000000 1.379914 1.149627 0.750171
alpha1 0.000033 0.000019 1035.000000 2.000000 1.379914 1.149645 0.753024
alpha1 0.000033 0.000019 1040.000000 2.000000 1.379914 1.149661 0.755844
alpha1 0.000033 0.000019 1045.000000 2.000000 1.379914 1.149677 0.758633
alpha1 0.000033 0.000019 1050.000000 2.000000 1.379914 1.149692 0.761389
alpha1 0.000033 0.000019 1055.000000 2.000000 1.379914 1.149705 0.764115
alpha1 0.000033 0.000019 1060.000000 2.000000 1.379914 1.149718 0.766809
alpha1 0.000033 0.000019 1065.000000 2.000000 1.379914 1.149731 0.769473
alpha1 0.000033 0.000019 1070.000000 2.000000 1.379914 1.149742 0.772106
alpha1 0.000033 0.000019 1075.000000 2.000000 1.379914 1.149753 0.774709
alpha1 0.000033 0.000019 1080.000000 2.000000 1.379914 1.149763 0.777283
alpha1 0.000033 0.000019 1085.000000 2.000000 1.379914 1.149773 0.779827
alpha1 0.000033 0.000019 1090.000000 2.000000 1.379914 1.149782 0.782342
alpha1 0.000033 0.000019 1095.000000 2.000000 1.379914 1.149790 0.784829
alpha1 0.000033 0.000019 1100.000000 2.000000 1.379914 1.149798 0.787287
alpha1 0.000033 0.000019 1105.000000 2.000000 1.379914 1.149806 0.789717
alpha1 0.000033 0.000019 1110.000000 2.000000 1.379914 1.149813 0.792120
alpha1 0.000033 0.000019 1115.000000 2.000000 1.379914 1.149820 0.794495
alpha1 0.000033 0.000019 1120.000000 2.000000 1.379914 1.149826 0.796843
alpha1 0.000033 0.000019 1125.000000 2.000000 1.379914 1.149832 0.799164
alpha1 0.000033 0.000019 1130.000000 2.000000 1.379914 1.149838 0.801459
alpha1 0.000033 0.000019 1135.000000 2.000000 1.379914 1.149843 0.803727
alpha1 0.000033 0.000019 1140.000000 2.000000 1.379914 1.149848 0.805970
alpha1 0.000033 0.000019 1145.000000 2.000000 1.379914 1.149852 0.808187
alpha1 0.000033 0.000019 1150.000000 2.000000 1.379914 1.149857 0.810379
alpha1 0.000033 0.000019 1155.000000 2.000000 1.379914 1.149861 0.812546
alpha1 0.000033 0.000019 1160.000000 2.000000 1.379914 1.149865 0.814688
alpha1 0.000033 0.000019 1165.000000 2.000000 1.379914 1.149869 0.816805
alpha1 0.000033 0.000019 1170.000000 2.000000 1.379914 1.149872 0.818899
alpha1 0.000033 0.000019 1175.000000 2.000000 1.379914 1.149875 0.820968
alpha1 0.000033 0.000019 1180.000000 2.000000 1.379914 1.149878 0.823014
alpha1 0.000033 0.000019 1185.000000 2.000000 1.379914 1.149881 0.825037
alpha1 0.000033 0.000019 1190.000000 2.000000 1.379914 1.149884 0.827036
alpha1 0.000033 0.000019 1195.000000 2.000000 1.379914 1.149886 0.829012
alpha1 0.000033 0.000019 1200.000000 2.000000 1.379914 1.149889 0.830966
alpha1 0.000033 0.000019 1205.000000 2.000000 1.379914 1.149891 0.832898
alpha1 0.000033 0.000019 1210.000000 2.000000 1.379914 1.149893 0.834808
alpha1 0.000033 0.000019 1215.000000 2.000000 1.379914 1.149895 0.836695
alpha1 0.000033 0.000019 1220.000000 2.000000 1.379914 1.149897 0.838562
alpha1 0.000033 0.000019 1225.000000 2.000000 1.379914 1.149899 0.840407
alpha1 0.000033 0.000019 1230.000000 2.000000 1.379914 1.149901 0.842230
alpha1 0.000033 0.000019 1235.000000 2.000000 1.379914 1.149902 0.844033
alpha1 0.000033 0.000019 1240.000000 2.000000 1.379914 1.149904 0.845816
alpha1 0.000033 0.000019 1245.000000 2.000000 1.379914 1.149905 0.847578
alpha1 0.000033 0.000019 1250.000000 2.000000 1.379914 1.149907 0.849320
alpha1 0.000033 0.000019 1255.000000 2.000000 1.379914 1.149908 0.851042
alpha1 0.000033 0.000019 1260.000000 2.000000 1.379914 1.149909 0.852744
alpha1 0.000033 0.000019 1265.000000 2.000000 1.379914 1.149910 0.854427
alpha1 0.000033 0.000019 1270.000000 2.000000 1.379914 1.149911 0.856090
alpha1 0.000033 0.000019 1275.000000 2.000000 1.379914 1.149912 0.857735
alpha1 0.000033 0.000019 1280.000000 2.000000 1.379914 1.149913 0.859361
alpha1 0.000033 0.000019 1285.000000 2.000000 1.379914 1.149914 0.860968
alpha1 0.000033 0.000019 1290.000000 2.000000 1.379914 1.149915 0.862557
alpha1 0.000033 0.000019 1295.000000 2.000000 1.379914 1.149916 0.864128
alpha1 0.000033 0.000019 1300.000000 2.000000 1.379914 1.149916 0.865680
alpha1 0.000033 0.000019 1305.000000 2.000000 1.379914 1.149917 0.867215
alpha1 0.000033 0.000019 1310.000000 2.000000 1.379914 1.149918 0.868733
alpha1 0.000033 0.000019 1315.000000 2.000000 1.379914 1.149918 0.870233
alpha1 0.000033 0.000019 1320.000000 2.000000 1.379914 1.149919 0.871716
alpha1 0.000033 0.000019 1325.000000 2.000000 1.379914 1.149919 0.873182
alpha1 0.000033 0.000019 1330.000000 2.000000 1.379914 1.149920 0.874631
alpha1 0.000033 0.000019 1335.000000 2.000000 1.379914 1.149920 0.876064
alpha1 0.000033 0.000019 1340.000000 2.000000 1.379914 1.149921 0.877480
alpha1 0.000033 0.000019 1345.000000 2.000000 1.379914 1.149921 0.878880
alpha1 0.000033 0.000019 1350.000000 2.000000 1.379914 1.149922 0.880264
alpha1 0.000033 0.000019 1355.000000 2.000000 1.379914 1.149922 0.881633
alpha1 0.000033 0.000019 1360.000000 2.000000 1.379914 1.149922 0.882985
alpha1 0.000033 0.000019 1365.000000 2.000000 1.379914 1.149923 0.884322
alpha1 0.000033 0.000019 1370.000000 2.000000 1.379914 1.149923 0.885644
alpha1 0.000033 0.000019 1375.000000 2.000000 1.379914 1.149923 0.886951
alpha1 0.000033 0.000019 1380.000000 2.000000 1.379914 1.149923 0.888243
alpha1 0.000033 0.000019 1385.000000 2.000000 1.379914 1.149924 0.889520
alpha1 0.000033 0.000019 1390.000000 2.000000 1.379914 1.149924 0.890783
alpha1 0.000033 0.000019 1395.000000 2.000000 1.379914 1.149924 0.892031
alpha1 0.000033 0.000019 1400.000000 2.000000 1.379914 1.149924 0.893264
alpha1 0.000033 0.000019 1405.000000 2.000000 1.379914 1.149924 0.894484
alpha1 0.000033 0.000019 1410.000000 2.000000 1.379914 1.149925 0.895690
alpha1 0.000033 0.000019 1415.000000 2.000000 1.379914 1.149925 0.896882
alpha1 0.000033 0.000019 1420.000000 2.000000 1.379914 1.149925 0.898060
alpha1 0.000033 0.000019 1425.000000 2.000000 1.379914 1.149925 0.899225
alpha1 0.000033 0.000019 1430.000000 2.000000 1.379914 1.149925 0.900376
alpha1 0.000033 0.000019 1435.000000 2.000000 1.379914 1.149925 0.901515
alpha1 0.000033 0.000019 1440.000000 2.000000 1.379914 1.149926 0.902640
alpha1 0.000033 0.000019 1445.000000 2.000000 1.379914 1.149926 0.903753
alpha1 0.000033 0.000019 1450.000000 2.000000 1.379914 1.149926 0.904852
alpha1 0.000033 0.000019 1455.000000 2.000000 1.379914 1.149926 0.905940
alpha1 0.000033 0.000019 1460.000000 2.000000 1.379914 1.149926 0.907014
alpha1 0.000033 0.000019 1465.000000 2.000000 1.379914 1.149926 0.908077
alpha1 0.000033 0.000019 1470.000000 2.000000 1.379914 1.149926 0.909127
alpha1 0.000033 0.000019 1475.000000 2.000000 1.379914 1.149926 0.910165
alpha1 0.000033 0.000019 1480.000000 2.000000 1.379914 1.149926 0.911192
alpha1 0.000033 0.000019 1485.000000 2.000000 1.379914 1.149927 0.912207
alpha1 0.000033 0.000019 1490.000000 2.000000 1.379914 1.149927 0.913210
alpha1 0.000033 0.000019 1495.000000 2.000000 1.379914 1.149927 0.914201
alpha1 0.000033 0.000019 1500.000000 2.000000 1.379914 1.149927 0.915182
alpha1 0.000033 0.000019 1505.000000 2.000000 1.379914 1.149927 0.916151
alpha1 0.000033 0.000019 1510.000000 2.000000 1.379914 1.149927 0.917109
alpha1 0.000033 0.000019 1515.000000 2.000000 1.379914 1.149927 0.918056
alpha1 0.000033 0.000019 1520.000000 2.000000 1.379914 1.149927 0.918992
alpha1 0.000033 0.000019 1525.000000 2.000000 1.379914 1.149927 0.919918
alpha1 0.000033 0.000019 1530.000000 2.000000 1.379914 1.149927 0.920832
alpha1 0.000033 0.000019 1535.000000 2.000000 1.379914 1.149927 0.921737
alpha1 0.000033 0.000019 1540.000000 2.000000 1.379914 1.149927 0.922631
alpha1 0.000033 0.000019 1545.000000 2.000000 1.379914 1.149927 0.923515
alpha1 0.000033 0.000019 1550.000000 2.000000 1.379914 1.149927 0.924389
alpha1 0.000033 0.000019 1555.000000 2.000000 1.379914 1.149928 0.925253
alpha1 0.000033 0.000019 1560.000000 2.000000 1.379914 1.149928 0.926107
alpha1 0.000033 0.000019 1565.000000 2.000000 1.379914 1.149928 0.926951
alpha1 0.000033 0.000019 1570.000000 2.000000 1.379914 1.149928 0.927785
alpha1 0.000033 0.000019 1575.000000 2.000000 1.379914 1.149928 0.928610
alpha1 0.000033 0.000019 1580.000000 2.000000 1.379914 1.149928 0.929426
alpha1 0.000033 0.000019 1585.000000 2.000000 1.379914 1.149928 0.930232
alpha1 0.000033 0.000019 1590.000000 2.000000 1.379914 1.149928 0.931029
alpha1 0.000033 0.000019 1595.000000 2.000000 1.379914 1.149928 0.931817
alpha1 0.000033 0.000019 1600.000000 2.000000 1.379914 1.149928 0.932596
alpha1 0.000033 0.000019 1605.000000 2.000000 1.379914 1.149928 0.933366
alpha1 0.000033 0.000019 1610.000000 2.000000 1.379914 1.149928 0.934127
alpha1 0.000033 0.000019 1615.000000 2.000000 1.379914 1.149928 0.934880
alpha1 0.000033 0.000019 1620.000000 2.000000 1.379914 1.149928 0.935623
alpha1 0.000033 0.000019 1625.000000 2.000000 1.379914 1.149928 0.936359
alpha1 0.000033 0.000019 1630.000000 2.000000 1.379914 1.149928 0.937086
alpha1 0.000033 0.000019 1635.000000 2.000000 1.379914 1.149928 0.937804
alpha1 0.000033 0.000019 1640.000000 2.000000 1.379914 1.149928 0.938515
alpha1 0.000033 0.000019 1645.000000 2.000000 1.379914 1.149928 0.939217
alpha1 0.000033 0.000019 1650.000000 2.000000 1.379914 1.149928 0.939911
alpha1 0.000033 0.000019 1655.000000 2.000000 1.379914 1.149928 0.940598
alpha1 0.000033 0.000019 1660.000000 2.000000 1.379914 1.149928 0.941276
alpha1 0.000033 0.000019 1665.000000 2.000000 1.379914 1.149928 0.941947
alpha1 0.000033 0.000019 1670.000000 2.000000 1.379914 1.149928 0.942610
alpha1 0.000033 0.000019 1675.000000 2.000000 1.379914 1.149928 0.943266
alpha1 0.000033 0.000019 1680.000000 2.000000 1.379914 1.149928 0.943914
alpha1 0.000033 0.000019 1685.000000 2.000000 1.379914 1.149928 0.944554
alpha1 0.000033 0.000019 1690.000000 2.000000 1.379914 1.149928 0.945187
alpha1 0.000033 0.000019 1695.000000 2.000000 1.379914 1.149928 0.945813
alpha1 0.000033 0.000019 1700.000000 2.000000 1.379914 1.149928 0.946432
alpha1 0.000033 0.000019 1705.000000 2.000000 1.379914 1.149928 0.947044
alpha1 0.000033 0.000019 1710.000000 2.000000 1.379914 1.149928 0.947649
alpha1 0.000033 0.000019 1715.000000 2.000000 1.379914 1.149928 0.948247
alpha1 0.000033 0.000019 1720.000000 2.000000 1.379914 1.149928 0.948838
alpha1 0.000033 0.000019 1725.000000 2.000000 1.379914 1.149928 0.949422
alpha1 0.000033 0.000019 1730.000000 2.000000 1.379914 1.149928 0.950000
alpha1 0.000033 0.000019 1735.000000 2.000000 1.379914 1.149928 0.950571
alpha1 0.000033 0.000019 1740.000000 2.000000 1.379914 1.149928 0.951135
alpha1 0.000033 0.000019 1745.000000 2.000000 1.379914 1.149928 0.951693
alpha1 0.000033 0.000019 1750.000000 2.000000 1.379914 1.149928 0.952245
alpha1 0.000033 0.000019 1755.000000 2.000000 1.379914 1.149928 0.952790
alpha1 0.000033 0.000019 1760.000000 2.000000 1.379914 1.149928 0.953329
alpha1 0.000033 0.000019 1765.000000 2.000000 1.379914 1.149928 0.953862
alpha1 0.000033 0.000019 1770.000000 2.000000 1.379914 1.149928 0.954389
alpha1 0.000033 0.000019 1775.000000 2.000000 1.379914 1.149928 0.954910
alpha1 0.000033 0.000019 1780.000000 2.000000 1.379914 1.149928 0.955425
alpha1 0.000033 0.000019 1785.000000 2.000000 1.379914 1.149928 0.955933
alpha1 0.000033 0.000019 1790.000000 2.000000 1.379914 1.149928 0.956437
alpha1 0.000033 0.000019 1795.000000 2.000000 1.379914 1.149928 0.956934
alpha1 0.000033 0.000019 1800.000000 2.000000 1.379914 1.149928 0.957426
alpha1 0.000033 0.000019 1805.000000 2.000000 1.379914 1.149928 0.957912
alpha1 0.000033 0.000019 1810.000000 2.000000 1.379914 1.149928 0.958392
alpha1 0.000033 0.000019 1815.000000 2.000000 1.379914 1.149928 0.958867
alpha1 0.000033 0.000019 1820.000000 2.000000 1.379914 1.149928 0.959337
alpha1 0.000033 0.000019 1825.000000 2.000000 1.379914 1.149928 0.959801
alpha1 0.000033 0.000019 1830.000000 2.000000 1.379914 1.149928 0.960260
alpha1 0.000033 0.000019 1835.000000 2.000000 1.379914 1.149928 0.960714
alpha1 0.000033 0.000019 1840.000000 2.000000 1.379914 1.149928 0.961162
alpha1 0.000033 0.000019 1845.000000 2.000000 1.379914 1.149928 0.961606
alpha1 0.000033 0.000019 1850.000000 2.000000 1.379914 1.149928 0.962044
alpha1 0.000033 0.000019 1855.000000 2.000000 1.379914 1.149928 0.962477
alpha1 0.000033 0.000019 1860.000000 2.000000 1.379914 1.149928 0.962906
alpha1 0.000033 0.000019 1865.000000 2.000000 1.379914 1.149928 0.963329
alpha1 0.000033 0.000019 1870.000000 2.000000 1.379914 1.149928 0.963748
alpha1 0.000033 0.000019 1875.000000 2.000000 1.379914 1.149928 0.964161
alpha1 0.000033 0.000019 1880.000000 2.000000 1.379914 1.149928 0.964570
alpha1 0.000033 0.000019 1885.000000 2.000000 1.379914 1.149928 0.964975
alpha1 0.000033 0.000019 1890.000000 2.000000 1.379914 1.149928 0.965375
alpha1 0.000033 0.000019 1895.000000 2.000000 1.379914 1.149928 0.965770
alpha1 0.000033 0.000019 1900.000000 2.000000 1.379914 1.149928 0.966160
alpha1 0.000033 0.000019 1905.000000 2.000000 1.379914 1.149928 0.966547
alpha1 0.000033 0.000019 1910.000000 2.000000 1.379914 1.149928 0.966928
alpha1 0.000033 0.000019 1915.000000 2.000000 1.379914 1.149928 0.967306
alpha1 0.000033 0.000019 1920.000000 2.000000 1.379914 1.149928 0.967679
alpha1 0.000033 0.000019 1925.000000 2.000000 1.379914 1.149928 0.968048
alpha1 0.000033 0.000019 1930.000000 2.000000 1.379914 1.149928 0.968412
alpha1 0.000033 0.000019 1935.000000 2.000000 1.379914 1.149928 0.968773
alpha1 0.000033 0.000019 1940.000000 2.000000 1.379914 1.149928 0.969129
alpha1 0.000033 0.000019 1945.000000 2.000000 1.379914 1.149928 0.969482
alpha1 0.000033 0.000019 1950.000000 2.000000 1.379914 1.149928 0.969830
alpha1 0.000033 0.000019 1955.000000 2.000000 1.379914 1.149928 0.970174
alpha1 0.000033 0.000019 1960.000000 2.000000 1.379914 1.149928 0.970514
alpha1 0.000033 0.000019 1965.000000 2.000000 1.379914 1.149928 0.970851
alpha1 0.000033 0.000019 1970.000000 2.000000 1.379914 1.149928 0.971183
alpha1 0.000033 0.000019 1975.000000 2.000000 1.379914 1.149928 0.971512
alpha1 0.000033 0.000019 1980.000000 2.000000 1.379914 1.149928 0.971837
alpha1 0.000033 0.000019 1985.000000 2.000000 1.379914 1.149928 0.972158
alpha1 0.000033 0.000019 1990.000000 2.000000 1.379914 1.149928 0.972476
alpha1 0.000033 0.000019 1995.000000 2.000000 1.379914 1.149928 0.972790
alpha1 0.000033 0.000019 2000.000000 2.000000 1.379914 1.149928 0.973100
alpha1 0.000033 0.000019 2005.000000 2.000000 1.379914 1.149928 0.973407
alpha1 0.000033 0.000019 2010.000000 2.000000 1.379914 1.149928 0.973711
alpha1 0.000033 0.000019 2015.000000 2.000000 1.379914 1.149928 0.974011
alpha1 0.000033 0.000019 2020.000000 2.000000 1.379914 1.149928 0.974307
alpha1 0.000033 0.000019 2025.000000 2.000000 1.379914 1.149928 0.974600
alpha1 0.000033 0.000019 2030.000000 2.000000 1.379914 1.149928 0.974890
alpha1 0.000033 0.000019 2035.000000 2.000000 1.379914 1.149928 0.975176
alpha1 0.000033 0.000019 2040.000000 2.000000 1.379914 1.149928 0.975459
alpha1 0.000033 0.000019 2045.000000 2.000000 1.379914 1.149928 0.975739
alpha1 0.000033 0.000019 2050.000000 2.000000 1.379914 1.149928 0.976016
alpha1 0.000033 0.000019 2055.000000 2.000000 1.379914 1.149928 0.976289
alpha1 0.000033 0.000019 2060.000000 2.000000 1.379914 1.149928 0.976560
alpha1 0.000033 0.000019 2065.000000 2.000000 1.379914 1.149928 0.976827
alpha1 0.000033 0.000019 2070.000000 2.000000 1.379914 1.149928 0.977091
alpha1 0.000033 0.000019 2075.000000 2.000000 1.379914 1.149928 0.977353
alpha1 0.000033 0.000019 2080.000000 2.000000 1.379914 1.149928 0.977611
alpha1 0.000033 0.000019 2085.000000 2.000000 1.379914 1.149928 0.977866
alpha1 0.000033 0.000019 2090.000000 2.000000 1.379914 1.149928 0.978118
alpha1 0.000033 0.000019 2095.000000 2.000000 1.379914 1.149928 0.978368
alpha1 0.000033 0.000019 2100.000000 2.000000 1.379914 1.149928 0.978615
alpha1 0.000033 0.000019 2105.000000 2.000000 1.379914 1.149928 0.978858
alpha1 0.000033 0.000019 2110.000000 2.000000 1.379914 1.149928 0.979099
alpha1 0.000033 0.000019 2115.000000 2.000000 1.379914 1.149928 0.979338
alpha1 0.000033 0.000019 2120.000000 2.000000 1.379914 1.149928 0.979573
alpha1 0.000033 0.000019 2125.000000 2.000000 1.379914 1.149928 0.979806
alpha1 0.000033 0.000019 2130.000000 2.000000 1.379914 1.149928 0.980036
alpha1 0.000033 0.000019 2135.000000 2.000000 1.379914 1.149928 0.980264
alpha1 0.000033 0.000019 2140.000000 2.000000 1.379914 1.149928 0.980489
alpha1 0.000033 0.000019 2145.000000 2.000000 1.379914 1.149928 0.980711
alpha1 0.000033 0.000019 2150.000000 2.000000 1.379914 1.149928 0.980931
alpha1 0.000033 0.000019 2155.000000 2.000000 1.379914 1.149928 0.981148
alpha1 0.000033 0.000019 2160.000000 2.000000 1.379914 1.149928 0.981363
alpha1 0.000033 0.000019 2165.000000 2.000000 1.379914 1.149928 0.981575
alpha1 0.000033 0.000019 2170.000000 2.000000 1.379914 1.149928 0.981785
alpha1 0.000033 0.000019 2175.000000 2.000000 1.379914 1.149928 0.981993
alpha1 0.000033 0.000019 2180.000000 2.000000 1.379914 1.149928 0.982198
alpha1 0.000033 0.000019 2185.000000 2.000000 1.379914 1.149928 0.982401
alpha1 0.000033 0.000019 2190.000000 2.000000 1.379914 1.149928 0.982602
alpha1 0.000033 0.000019 2195.000000 2.000000 1.379914 1.149928 0.982800
alpha1 0.000033 0.000019 2200.000000 2.000000 1.379914 1.149928 0.982996
alpha1 0.000033 0.000019 2205.000000 2.000000 1.379914 1.149928 0.983189
alpha1 0.000033 0.000019 2210.000000 2.000000 1.379914 1.149928 0.983381
alpha1 0.000033 0.000019 2215.000000 2.000000 1.379914 1.149928 0.983570
alpha1 0.000033 0.000019 2220.000000 2.000000 1.379914 1.149928 0.983757
alpha1 0.000033 0.000019 2225.000000 2.000000 1.379914 1.149928 0.983942
alpha1 0.000033 0.000019 2230.000000 2.000000 1.379914 1.149928 0.984125
alpha1 0.000033 0.000019 2235.000000 2.000000 1.379914 1.149928 0.984306
alpha1 0.000033 0.000019 2240.000000 2.000000 1.379914 1.149928 0.984485
alpha1 0.000033 0.000019 2245.000000 2.000000 1.379914 1.149928 0.984661
alpha1 0.000033 0.000019 2250.000000 2.000000 1.379914 1.149928 0.984836
alpha1 0.000033 0.000019 2255.000000 2.000000 1.379914 1.149928 0.985009
alpha1 0.000033 0.000019 2260.000000 2.000000 1.379914 1.149928 0.985180
alpha1 0.000033 0.000019 2265.000000 2.000000 1.379914 1.149928 0.985348
alpha1 0.000033 0.000019 2270.000000 2.000000 1.379914 1.149928 0.985515
alpha1 0.000033 0.000019 2275.000000 2.000000 1.379914 1.149928 0.985680
alpha1 0.000033 0.000019 2280.000000 2.000000 1.379914 1.149928 0.985843
alpha1 0.000033 0.000019 2285.000000 2.000000 1.379914 1.149928 0.986004
alpha1 0.000033 0.000019 2290.000000 2.000000 1.379914 1.149928 0.986163
alpha1 0.000033 0.000019 2295.000000 2.000000 1.379914 1.149928 0.986321
alpha1 0.000033 0.000019 2300.000000 2.000000 1.379914 1.149928 0.986477
alpha1 0.000033 0.000019 2305.000000 2.000000 1.379914 1.149928 0.986631
alpha1 0.000033 0.000019 2310.000000 2.000000 1.379914 1.149928 0.986783
alpha1 0.000033 0.000019 2315.000000 2.000000 1.379914 1.149928 0.986933
alpha1 0.000033 0.000019 2320.000000 2.000000 1.379914 1.149928 0.987082
alpha1 0.000033 0.000019 2325.000000 2.000000 1.379914 1.149928 0.987229
alpha1 0.000033 0.000019 2330.000000 2.000000 1.379914 1.149928 0.987374
alpha1 0.000033 0.000019 2335.000000 2.000000 1.379914 1.149928 0.987518
alpha1 0.000033 0.000019 2340.000000 2.000000 1.379914 1.149928 0.987660
alpha1 0.000033 0.000019 2345.000000 2.000000 1.379914 1.149928 0.987800
alpha1 0.000033 0.000019 2350.000000 2.000000 1.379914 1.149928 0.987939
alpha1 0.000033 0.000019 2355.000000 2.000000 1.379914 1.149928 0.988076
alpha1 0.000033 0.000019 2360.000000 2.000000 1.379914 1.149928 0.988212
alpha1 0.000033 0.000019 2365.000000 2.000000 1.379914 1.149928 0.988346
alpha1 0.000033 0.000019 2370.000000 2.000000 1.379914 1.149928 0.988478
alpha1 0.000033 0.000019 2375.000000 2.000000 1.379914 1.149928 0.988609
alpha1 0.000033 0.000019 2380.000000 2.000000 1.379914 1.149928 0.988739
alpha1 0.000033 0.000019 2385.000000 2.000000 1.379914 1.149928 0.988867
alpha1 0.000033 0.000019 2390.000000 2.000000 1.379914 1.149928 0.988993
alpha1 0.000033 0.000019 2395.000000 2.000000 1.379914 1.149928 0.989119
alpha1 0.000033 0.000019 2400.000000 2.000000 1.379914 1.149928 0.989242
alpha1 0.000033 0.000019 2405.000000 2.000000 1.379914 1.149928 0.989365
alpha1 0.000033 0.000019 2410.000000 2.000000 1.379914 1.149928 0.989485
alpha1 0.000033 0.000019 2415.000000 2.000000 1.379914 1.149928 0.989605
alpha1 0.000033 0.000019 2420.000000 2.000000 1.379914 1.149928 0.989723
alpha1 0.000033 0.000019 2425.000000 2.000000 1.379914 1.149928 0.989840
alpha1 0.000033 0.000019 2430.000000 2.000000 1.379914 1.149928 0.989955
alpha1 0.000033 0.000019 2435.000000 2.000000 1.379914 1.149928 0.990069
alpha1 0.000033 0.000019 2440.000000 2.000000 1.379914 1.149928 0.990182
alpha1 0.000033 0.000019 2445.000000 2.000000 1.379914 1.149928 0.990294
alpha1 0.000033 0.000019 2450.000000 2.000000 1.379914 1.149928 0.990404
alpha1 0.000033 0.000019 2455.000000 2.000000 1.379914 1.149928 0.990513
alpha1 0.000033 0.000019 2460.000000 2.000000 1.379914 1.149928 0.990621
alpha1 0.000033 0.000019 2465.000000 2.000000 1.379914 1.149928 0.990727
alpha1 0.000033 0.000019 2470.000000 2.000000 1.379914 1.149928 0.990833
alpha1 0.000033 0.000019 2475.000000 2.000000 1.379914 1.149928 0.990937
alpha1 0.000033 0.000019 2480.000000 2.000000 1.379914 1.149928 0.991040
alpha1 0.000033 0.000019 2485.000000 2.000000 1.379914 1.149928 0.991141
alpha1 0.000033 0.000019 2490.000000 2.000000 1.379914 1.149928 0.991242
alpha1 0.000033 0.000019 2495.000000 2.000000 1.379914 1.149928 0.991341
alpha1 0.000033 0.000019 2500.000000 2.000000 1.379914 1.149928 0.991440
alpha1 0.000033 0.000019 2505.000000 2.000000 1.379914 1.149928 0.991537
alpha1 0.000033 0.000019 2510.000000 2.000000 1.379914 1.149928 0.991633
alpha1 0.000033 0.000019 2515.000000 2.000000 1.379914 1.149928 0.991728
alpha1 0.000033 0.000019 2520.000000 2.000000 1.379914 1.149928 0.991822
alpha1 0.000033 0.000019 2525.000000 2.000000 1.379914 1.149928 0.991914
alpha1 0.000033 0.000019 2530.000000 2.000000 1.379914 1.149928 0.992006
alpha1 0.000033 0.000019 2535.000000 2.000000 1.379914 1.149928 0.992097
alpha1 0.000033 0.000019 2540.000000 2.000000 1.379914 1.149928 0.992187
alpha1 0.000033 0.000019 2545.000000 2.000000 1.379914 1.149928 0.992275
alpha1 0.000033 0.000019 2550.000000 2.000000 1.379914 1.149928 0.992363
alpha1 0.000033 0.000019 2555.000000 2.000000 1.379914 1.149928 0.992449
alpha1 0.000033 0.000019 2560.000000 2.000000 1.379914 1.149928 0.992535
alpha1 0.000033 0.000019 2565.000000 2.000000 1.379914 1.149928 0.992620
alpha1 0.000033 0.000019 2570.000000 2.000000 1.379914 1.149928 0.992703
alpha1 0.000033 0.000019 2575.000000 2.000000 1.379914 1.149928 0.992786
alpha1 0.000033 0.000019 2580.000000 2.000000 1.379914 1.149928 0.992868
alpha1 0.000033 0.000019 2585.000000 2.000000 1.379914 1.149928 0.992949
alpha1 0.000033 0.000019 2590.000000 2.000000 1.379914 1.149928 0.993029
alpha1 0.000033 0.000019 2595.000000 2.000000 1.379914 1.149928 0.993108
alpha1 0.000033 0.000019 2600.000000 2.000000 1.379914 1.149928 0.993186
alpha1 0.000033 0.000019 2605.000000 2.000000 1.379914 1.149928 0.993263
alpha1 0.000033 0.000019 2610.000000 2.000000 1.379914 1.149928 0.993339
alpha1 0.000033 0.000019 2615.000000 2.000000 1.379914 1.149928 0.993415
alpha1 0.000033 0.000019 2620.000000 2.000000 1.379914 1.149928 0.993489
alpha1 0.000033 0.000019 2625.000000 2.000000 1.379914 1.149928 0.993563
alpha1 0.000033 0.000019 2630.000000 2.000000 1.379914 1.149928 0.993636
alpha1 0.000033 0.000019 2635.000000 2.000000 1.379914 1.149928 0.993708
alpha1 0.000033 0.000019 2640.000000 2.000000 1.379914 1.149928 0.993779
alpha1 0.000033 0.000019 2645.000000 2.000000 1.379914 1.149928 0.993849
alpha1 0.000033 0.000019 2650.000000 2.000000 1.379914 1.149928 0.993919
alpha1 0.000033 0.000019 2655.000000 2.000000 1.379914 1.149928 0.993988
alpha1 0.000033 0.000019 2660.000000 2.000000 1.379914 1.149928 0.994056
alpha1 0.000033 0.000019 2665.000000 2.000000 1.379914 1.149928 0.994123
alpha1 0.000033 0.000019 2670.000000 2.000000 1.379914 1.149928 0.994190
alpha1 0.000033 0.000019 2675.000000 2.000000 1.379914 1.149928 0.994255
alpha1 0.000033 0.000019 2680.000000 2.000000 1.379914 1.149928 0.994320
alpha1 0.000033 0.000019 2685.000000 2.000000 1.379914 1.149928 0.994385
alpha1 0.000033 0.000019 2690.000000 2.000000 1.379914 1.149928 0.994448
alpha1 0.000033 0.000019 2695.000000 2.000000 1.379914 1.149928 0.994511
alpha1 0.000033 0.000019 2700.000000 2.000000 1.379914 1.149928 0.994573
alpha1 0.000033 0.000019 2705.000000 2.000000 1.379914 1.149928 0.994634
alpha1 0.000033 0.000019 2710.000000 2.000000 1.379914 1.149928 0.994695
alpha1 0.000033 0.000019 2715.000000 2.000000 1.379914 1.149928 0.994755
alpha1 0.000033 0.000019 2720.000000 2.000000 1.379914 1.149928 0.994814
alpha1 0.000033 0.000019 2725.000000 2.000000 1.379914 1.149928 0.994873
alpha1 0.000033 0.000019 2730.000000 2.000000 1.379914 1.149928 0.994931
alpha1 0.000033 0.000019 2735.000000 2.000000 1.379914 1.149928 0.994988
alpha1 0.000033 0.000019 2740.000000 2.000000 1.379914 1.149928 0.995044
alpha1 0.000033 0.000019 2745.000000 2.000000 1.379914 1.149928 0.995100
alpha1 0.000033 0.000019 2750.000000 2.000000 1.379914 1.149928 0.995156
alpha1 0.000033 0.000019 2755.000000 2.000000 1.379914 1.149928 0.995210
alpha1 0.000033 0.000019 2760.000000 2.000000 1.379914 1.149928 0.995264
alpha1 0.000033 0.000019 2765.000000 2.000000 1.379914 1.149928 0.995318
alpha1 0.000033 0.000019 2770.000000 2.000000 1.379914 1.149928 0.995371
alpha1 0.000033 0.000019 2775.000000 2.000000 1.379914 1.149928 0.995423
alpha1 0.000033 0.000019 2780.000000 2.000000 1.379914 1.149928 0.995474
alpha1 0.000033 0.000019 2785.000000 2.000000 1.379914 1.149928 0.995525
alpha1 0.000033 0.000019 2790.000000 2.000000 1.379914 1.149928 0.995576
alpha1 0.000033 0.000019 2795.000000 2.000000 1.379914 1.149928 0.995626
alpha1 0.000033 0.000019 2800.000000 2.000000 1.379914 1.149928 0.995675
alpha1 0.000033 0.000019 2805.000000 2.000000 1.379914 1.149928 0.995724
alpha1 0.000033 0.000019 2810.000000 2.000000 1.379914 1.149928 0.995772
alpha1 0.000033 0.000019 2815.000000 2.000000 1.379914 1.149928 0.995820
alpha1 0.000033 0.000019 2820.000000 2.000000 1.379914 1.149928 0.995867
alpha1 0.000033 0.000019 2825.000000 2.000000 1.379914 1.149928 0.995913
alpha1 0.000033 0.000019 2830.000000 2.000000 1.379914 1.149928 0.995959
alpha1 0.000033 0.000019 2835.000000 2.000000 1.379914 1.149928 0.996005
alpha1 0.000033 0.000019 2840.000000 2.000000 1.379914 1.149928 0.996050
alpha1 0.000033 0.000019 2845.000000 2.000000 1.379914 1.149928 0.996094
alpha1 0.000033 0.000019 2850.000000 2.000000 1.379914 1.149928 0.996138
alpha1 0.000033 0.000019 2855.000000 2.000000 1.379914 1.149928 0.996182
alpha1 0.000033 0.000019 2860.000000 2.000000 1.379914 1.149928 0.996224
alpha1 0.000033 0.000019 2865.000000 2.000000 1.379914 1.149928 0.996267
alpha1 0.000033 0.000019 2870.000000 2.000000 1.379914 1.149928 0.996309
alpha1 0.000033 0.000019 2875.000000 2.000000 1.379914 1.149928 0.996350
alpha1 0.000033 0.000019 2880.000000 2.000000 1.379914 1.149928 0.996391
alpha1 0.000033 0.000019 2885.000000 2.000000 1.379914 1.149928 0.996432
alpha1 0.000033 0.000019 2890.000000 2.000000 1.379914 1.149928 0.996472
alpha1 0.000033 0.000019 2895.000000 2.000000 1.379914 1.149928 0.996512
alpha1 0.000033 0.000019 2900.000000 2.000000 1.379914 1.149928 0.996551
alpha1 0.000033 0.000019 2905.000000 2.000000 1.379914 1.149928 0.996590
alpha1 0.000033 0.000019 2910.000000 2.000000 1.379914 1.149928 0.996628
alpha1 0.000033 0.000019 2915.000000 2.000000 1.379914 1.149928 0.996666
alpha1 0.000033 0.000019 2920.000000 2.000000 1.379914 1.149928 0.996703
alpha1 0.000033 0.000019 2925.000000 2.000000 1.379914 1.149928 0.996740
alpha1 0.000033 0.000019 2930.000000 2.000000 1.379914 1.149928 0.996777
alpha1 0.000033 0.000019 2935.000000 2.000000 1.379914 1.149928 0.996813
alpha1 0.000033 0.000019 2940.000000 2.000000 1.379914 1.149928 0.996848
alpha1 0.000033 0.000019 2945.000000 2.000000 1.379914 1.149928 0.996884
alpha1 0.000033 0.000019 2950.000000 2.000000 1.379914 1.149928 0.996919
alpha1 0.000033 0.000019 2955.000000 2.000000 1.379914 1.149928 0.996953
alpha1 0.000033 0.000019 2960.000000 2.000000 1.379914 1.149928 0.996987
alpha1 0.000033 0.000019 2965.000000 2.000000 1.379914 1.149928 0.997021
alpha1 0.000033 0.000019 2970.000000 2.000000 1.379914 1.149928 0.997054
alpha1 0.000033 0.000019 2975.000000 2.000000 1.379914 1.149928 0.997087
alpha1 0.000033 0.000019 2980.000000 2.000000 1.379914 1.149928 0.997120
alpha1 0.000033 0.000019 2985.000000 2.000000 1.379914 1.149928 0.997152
alpha1 0.000033 0.000019 2990.000000 2.000000 1.379914 1.149928 0.997184
alpha1 0.000033 0.000019 2995.000000 2.000000 1.379914 1.149928 0.997216
alpha1 0.000033 0.000019 3000.000000 2.000000 1.379914 1.149928 0.997247
alpha1 0.000033 0.000019 3005.000000 2.000000 1.379914 1.149928 0.997277
alpha1 0.000033 0.000019 3010.000000 2.000000 1.379914 1.149928 0.997308
alpha1 0.000033 0.000019 3015.000000 2.000000 1.379914 1.149928 0.997338
alpha1 0.000033 0.000019 3020.000000 2.000000 1.379914 1.149928 0.997368
alpha1 0.000033 0.000019 3025.000000 2.000000 1.379914 1.149928 0.997397
alpha1 0.000033 0.000019 3030.000000 2.000000 1.379914 1.149928 0.997426
alpha1 0.000033 0.000019 3035.000000 2.000000 1.379914 1.149928 0.997455
alpha1 0.000033 0.000019 3040.000000 2.000000 1.379914 1.149928 0.997483
alpha1 0.000033 0.000019 3045.000000 2.000000 1.379914 1.149928 0.997511
alpha1 0.000033 0.000019 3050.000000 2.000000 1.379914 1.149928 0.997539
alpha1 0.000033 0.000019 3055.000000 2.000000 1.379914 1.149928 0.997566
alpha1 0.000033 0.000019 3060.000000 2.000000 1.379914 1.149928 0.997594
alpha1 0.000033 0.000019 3065.000000 2.000000 1.379914 1.149928 0.997620
alpha1 0.000033 0.000019 3070.000000 2.000000 1.379914 1.149928 0.997647
alpha1 0.000033 0.000019 3075.000000 2.000000 1.379914 1.149928 0.997673
alpha1 0.000033 0.000019 3080.000000 2.000000 1.379914 1.149928 0.997699
alpha1 0.000033 0.000019 3085.000000 2.000000 1.379914 1.149928 0.997724
alpha1 0.000033 0.000019 3090.000000 2.000000 1.379914 1.149928 0.997750
alpha1 0.000033 0.000019 3095.000000 2.000000 1.379914 1.149928 0.997775
alpha1 0.000033 0.000019 3100.000000 2.000000 1.379914 1.149928 0.997800
alpha1 0.000033 0.000019 3105.000000 2.000000 1.379914 1.149928 0.997824
alpha1 0.000033 0.000019 3110.000000 2.000000 1.379914 1.149928 0.997848
alpha1 0.000033 0.000019 3115.000000 2.000000 1.379914 1.149928 0.997872
alpha1 0.000033 0.000019 3120.000000 2.000000 1.379914 1.149928 0.997896
alpha1 0.000033 0.000019 3125.000000 2.000000 1.379914 1.149928 0.997919
alpha1 0.000033 0.000019 3130.000000 2.000000 1.379914 1.149928 0.997942
alpha1 0.000033 0.000019 3135.000000 2.000000 1.379914 1.149928 0.997965
alpha1 0.000033 0.000019 3140.000000 2.000000 1.379914 1.149928 0.997987
alpha1 0.000033 0.000019 3145.000000 2.000000 1.379914 1.149928 0.998010
alpha1 0.000033 0.000019 3150.000000 2.000000 1.379914 1.149928 0.998032
alpha1 0.000033 0.000019 3155.000000 2.000000 1.379914 1.149928 0.998054
alpha1 0.000033 0.000019 3160.000000 2.000000 1.379914 1.149928 0.998075
alpha1 0.000033 0.000019 3165.000000 2.000000 1.379914 1.149928 0.998096
alpha1 0.000033 0.000019 3170.000000 2.000000 1.379914 1.149928 0.998117
alpha1 0.000033 0.000019 3175.000000 2.000000 1.379914 1.149928 0.998138
alpha1 0.000033 0.000019 3180.000000 2.000000 1.379914 1.149928 0.998159
alpha1 0.000033 0.000019 3185.000000 2.000000 1.379914 1.149928 0.998179
alpha1 0.000033 0.000019 3190.000000 2.000000 1.379914 1.149928 0.998199
alpha1 0.000033 0.000019 3195.000000 2.000000 1.379914 1.149928 0.998219
alpha1 0.000033 0.000019 3200.000000 2.000000 1.379914 1.149928 0.998239
alpha1 0.000033 0.000019 3205.000000 2.000000 1.379914 1.149928 0.998258
alpha1 0.000033 0.000019 3210.000000 2.000000 1.379914 1.149928 0.998277
alpha1 0.000033 0.000019 3215.000000 2.000000 1.379914 1.149928 0.998296
alpha1 0.000033 0.000019 3220.000000 2.000000 1.379914 1.149928 0.998315
alpha1 0.000033 0.000019 3225.000000 2.000000 1.379914 1.149928 0.998334
alpha1 0.000033 0.000019 3230.000000 2.000000 1.379914 1.149928 0.998352
alpha1 0.000033 0.000019 3235.000000 2.000000 1.379914 1.149928 0.998370
alpha1 0.000033 0.000019 3240.000000 2.000000 1.379914 1.149928 0.998388
alpha1 0.000033 0.000019 3245.000000 2.000000 1.379914 1.149928 0.998406
alpha1 0.000033 0.000019 3250.000000 2.000000 1.379914 1.149928 0.998423
alpha1 0.000033 0.000019 3255.000000 2.000000 1.379914 1.149928 0.998441
alpha1 0.000033 0.000019 3260.000000 2.000000 1.379914 1.149928 0.998458
alpha1 0.000033 0.000019 3265.000000 2.000000 1.379914 1.149928 0.998475
alpha1 0.000033 0.000019 3270.000000 2.000000 1.379914 1.149928 0.998491
alpha1 0.000033 0.000019 3275.000000 2.000000 1.379914 1.149928 0.998508
alpha1 0.000033 0.000019 3280.000000 2.000000 1.379914 1.149928 0.998524
alpha1 0.000033 0.000019 3285.000000 2.000000 1.379914 1.149928 0.998540
alpha1 0.000033 0.000019 3290.000000 2.000000 1.379914 1.149928 0.998556
alpha1 0.000033 0.000019 3295.000000 2.000000 1.379914 1.149928 0.998572
alpha1 0.000033 0.000019 3300.000000 2.000000 1.379914 1.149928 0.998588
alpha1 0.000033 0.000019 3305.000000 2.000000 1.379914 1.149928 0.998603
alpha1 0.000033 0.000019 3310.000000 2.000000 1.379914 1.149928 0.998619
alpha1 0.000033 0.000019 3315.000000 2.000000 1.379914 1.149928 0.998634
alpha1 0.000033 0.000019 3320.000000 2.000000 1.379914 1.149928 0.998649
alpha1 0.000033 0.000019 3325.000000 2.000000 1.379914 1.149928 0.998663
alpha1 0.000033 0.000019 3330.000000 2.000000 1.379914 1.149928 0.998678
alpha1 0.000033 0.000019 3335.000000 2.000000 1.379914 1.149928 0.998692
alpha1 0.000033 0.000019 3340.000000 2.000000 1.379914 1.149928 0.998706
alpha1 0.000033 0.000019 3345.000000 2.000000 1.379914 1.149928 0.998721
alpha1 0.000033 0.000019 3350.000000 2.000000 1.379914 1.149928 0.998734
alpha1 0.000033 0.000019 3355.000000 2.000000 1.379914 1.149928 0.998748
alpha1 0.000033 0.000019 3360.000000 2.000000 1.379914 1.149928 0.998762
alpha1 0.000033 0.000019 3365.000000 2.000000 1.379914 1.149928 0.998775
alpha1 0.000033 0.000019 3370.000000 2.000000 1.379914 1.149928 0.998789
alpha1 0.000033 0.000019 3375.000000 2.000000 1.379914 1.149928 0.998802
alpha1 0.000033 0.000019 3380.000000 2.000000 1.379914 1.149928 0.998815
alpha1 0.000033 0.000019 3385.000000 2.000000 1.379914 1.149928 0.998828
alpha1 0.000033 0.000019 3390.000000 2.000000 1.379914 1.149928 0.998840
alpha1 0.000033 0.000019 3395.000000 2.000000 1.379914 1.149928 0.998853
alpha1 0.000033 0.000019 3400.000000 2.000000 1.379914 1.149928 0.998865
alpha1 0.000033 0.000019 3405.000000 2.000000 1.379914 1.149928 0.998877
alpha1 0.000033 0.000019 3410.000000 2.000000 1.379914 1.149928 0.998890
alpha1 0.000033 0.000019 3415.000000 2.000000 1.379914 1.149928 0.998902
alpha1 0.000033 0.000019 3420.000000 2.000000 1.379914 1.149928 0.998913
alpha1 0.000033 0.000019 3425.000000 2.000000 1.379914 1.149928 0.998925
alpha1 0.000033 0.000019 3430.000000 2.000000 1.379914 1.149928 0.998937
alpha1 0.000033 0.000019 3435.000000 2.000000 1.379914 1.149928 0.998948
alpha1 0.000033 0.000019 3440.000000 2.000000 1.379914 1.149928 0.998959
alpha1 0.000033 0.000019 3445.000000 2.000000 1.379914 1.149928 0.998971
alpha1 0.000033 0.000019 3450.000000 2.000000 1.379914 1.149928 0.998982
alpha1 0.000033 0.000019 3455.000000 2.000000 1.379914 1.149928 0.998993
alpha1 0.000033 0.000019 3460.000000 2.000000 1.379914 1.149928 0.999003
alpha1 0.000033 0.000019 3465.000000 2.000000 1.379914 1.149928 0.999014
alpha1 0.000033 0.000019 3470.000000 2.000000 1.379914 1.149928 0.999025
alpha1 0.000033 0.000019 3475.000000 2.000000 1.379914 1.149928 0.999035
alpha1 0.000033 0.000019 3480.000000 2.000000 1.379914 1.149928 0.999045
alpha1 0.000033 0.000019 3485.000000 2.000000 1.379914 1.149928 0.999056
alpha1 0.000033 0.000019 3490.000000 2.000000 1.379914 1.149928 0.999066
alpha1 0.000033 0.000019 3495.000000 2.000000 1.379914 1.149928 0.999076
alpha1 0.000033 0.000019 3500.000000 2.000000 1.379914 1.149928 0.999085
alpha1 0.000033 0.000019 3505.000000 2.000000 1.379914 1.149928 0.999095
alpha1 0.000033 0.000019 3510.000000 2.000000 1.379914 1.149928 0.999105
alpha1 0.000033 0.000019 3515.000000 2.000000 1.379914 1.149928 0.999114
alpha1 0.000033 0.000019 3520.000000 2.000000 1.379914 1.149928 0.999124
alpha1 0.000033 0.000019 3525.000000 2.000000 1.379914 1.149928 0.999133
alpha1 0.000033 0.000019 3530.000000 2.000000 1.379914 1.149928 0.999142
alpha1 0.000033 0.000019 3535.000000 2.000000 1.379914 1.149928 0.999151
alpha1 0.000033 0.000019 3540.000000 2.000000 1.379914 1.149928 0.999160
alpha1 0.000033 0.000019 3545.000000 2.000000 1.379914 1.149928 0.999169
alpha1 0.000033 0.000019 3550.000000 2.000000 1.379914 1.149928 0.999178
alpha1 0.000033 0.000019 3555.000000 2.000000 1.379914 1.149928 0.999187
alpha1 0.000033 0.000019 3560.000000 2.000000 1.379914 1.149928 0.999195
alpha1 0.000033 0.000019 3565.000000 2.000000 1.379914 1.149928 0.999204
alpha1 0.000033 0.000019 3570.000000 2.000000 1.379914 1.149928 0.999212
alpha1 0.000033 0.000019 3575.000000 2.000000 1.379914 1.149928 0.999220
alpha1 0.000033 0.000019 3580.000000 2.000000 1.379914 1.149928 0.999229
alpha1 0.000033 0.000019 3585.000000 2.000000 1.379914 1.149928 0.999237
alpha1 0.000033 0.000019 3590.000000 2.000000 1.379914 1.149928 0.999245
alpha1 0.000033 0.000019 3595.000000 2.000000 1.379914 1.149928 0.999253
alpha1 0.000033 0.000019 3600.000000 2.000000 1.379914 1.149928 0.999261
