HEADER DATE 31-Jul-2017 19:57:33
HEADER RANDSEED 1742135631
Param True_Value Sim_Value Sim_Time Input mRNA foldedP fluo
d1 0.030000 0.116802 0.000000 0.000000 0.000284 0.000236 0.000205
d1 0.030000 0.116802 5.000000 0.000000 0.000284 0.000236 0.000205
d1 0.030000 0.116802 10.000000 0.000000 0.000284 0.000236 0.000205
d1 0.030000 0.116802 15.000000 0.000000 0.000284 0.000236 0.000205
d1 0.030000 0.116802 20.000000 0.000000 0.000284 0.000236 0.000205
d1 0.030000 0.116802 25.000000 0.000000 0.000284 0.000236 0.000205
d1 0.030000 0.116802 30.000000 0.000000 0.000284 0.000236 0.000205
d1 0.030000 0.116802 35.000000 0.000000 0.000284 0.000236 0.000205
d1 0.030000 0.116802 40.000000 0.000000 0.000284 0.000236 0.000205
d1 0.030000 0.116802 45.000000 0.000000 0.000284 0.000236 0.000205
d1 0.030000 0.116802 50.000000 0.000000 0.000284 0.000236 0.000205
d1 0.030000 0.116802 55.000000 0.000000 0.000284 0.000236 0.000205
d1 0.030000 0.116802 60.000000 0.000000 0.000284 0.000236 0.000205
d1 0.030000 0.116802 65.000000 0.000000 0.000284 0.000236 0.000205
d1 0.030000 0.116802 70.000000 0.000000 0.000284 0.000236 0.000205
d1 0.030000 0.116802 75.000000 0.000000 0.000284 0.000236 0.000205
d1 0.030000 0.116802 80.000000 0.000000 0.000284 0.000236 0.000205
d1 0.030000 0.116802 85.000000 0.000000 0.000284 0.000236 0.000205
d1 0.030000 0.116802 90.000000 0.000000 0.000284 0.000236 0.000205
d1 0.030000 0.116802 95.000000 0.000000 0.000284 0.000236 0.000205
d1 0.030000 0.116802 100.000000 0.000000 0.000284 0.000236 0.000205
d1 0.030000 0.116802 105.000000 0.000000 0.000284 0.000236 0.000205
d1 0.030000 0.116802 110.000000 0.000000 0.000284 0.000236 0.000205
d1 0.030000 0.116802 115.000000 0.000000 0.000284 0.000236 0.000205
d1 0.030000 0.116802 120.000000 0.000000 0.000284 0.000236 0.000205
d1 0.030000 0.116802 125.000000 0.000000 0.000284 0.000236 0.000205
d1 0.030000 0.116802 130.000000 0.000000 0.000284 0.000236 0.000205
d1 0.030000 0.116802 135.000000 0.000000 0.000284 0.000236 0.000205
d1 0.030000 0.116802 140.000000 0.000000 0.000284 0.000236 0.000205
d1 0.030000 0.116802 145.000000 0.000000 0.000284 0.000236 0.000205
d1 0.030000 0.116802 150.000000 0.000000 0.000284 0.000236 0.000205
d1 0.030000 0.116802 155.000000 0.000000 0.000284 0.000236 0.000205
d1 0.030000 0.116802 160.000000 0.000000 0.000284 0.000236 0.000205
d1 0.030000 0.116802 165.000000 0.000000 0.000284 0.000236 0.000205
d1 0.030000 0.116802 170.000000 0.000000 0.000284 0.000236 0.000205
d1 0.030000 0.116802 175.000000 0.000000 0.000284 0.000236 0.000205
d1 0.030000 0.116802 180.000000 0.000000 0.000284 0.000236 0.000205
d1 0.030000 0.116802 185.000000 0.000000 0.000284 0.000236 0.000205
d1 0.030000 0.116802 190.000000 0.000000 0.000284 0.000236 0.000205
d1 0.030000 0.116802 195.000000 0.000000 0.000284 0.000236 0.000205
d1 0.030000 0.116802 200.000000 0.000000 0.000284 0.000236 0.000205
d1 0.030000 0.116802 205.000000 0.000000 0.000284 0.000236 0.000205
d1 0.030000 0.116802 210.000000 0.000000 0.000284 0.000236 0.000205
d1 0.030000 0.116802 215.000000 0.000000 0.000284 0.000236 0.000205
d1 0.030000 0.116802 220.000000 0.000000 0.000284 0.000236 0.000205
d1 0.030000 0.116802 225.000000 0.000000 0.000284 0.000236 0.000205
d1 0.030000 0.116802 230.000000 0.000000 0.000284 0.000236 0.000205
d1 0.030000 0.116802 235.000000 0.000000 0.000284 0.000236 0.000205
d1 0.030000 0.116802 240.000000 0.000000 0.000284 0.000236 0.000205
d1 0.030000 0.116802 245.000000 0.000000 0.000284 0.000236 0.000205
d1 0.030000 0.116802 250.000000 0.000000 0.000284 0.000236 0.000205
d1 0.030000 0.116802 255.000000 0.000000 0.000284 0.000236 0.000205
d1 0.030000 0.116802 260.000000 0.000000 0.000284 0.000236 0.000205
d1 0.030000 0.116802 265.000000 0.000000 0.000284 0.000236 0.000205
d1 0.030000 0.116802 270.000000 0.000000 0.000284 0.000236 0.000205
d1 0.030000 0.116802 275.000000 0.000000 0.000284 0.000236 0.000205
d1 0.030000 0.116802 280.000000 0.000000 0.000284 0.000236 0.000205
d1 0.030000 0.116802 285.000000 0.000000 0.000284 0.000236 0.000205
d1 0.030000 0.116802 290.000000 0.000000 0.000284 0.000236 0.000205
d1 0.030000 0.116802 295.000000 0.000000 0.000284 0.000236 0.000205
d1 0.030000 0.116802 300.000000 2.000000 0.000284 0.000236 0.000205
d1 0.030000 0.116802 305.000000 2.000000 0.156988 0.004445 0.000220
d1 0.030000 0.116802 310.000000 2.000000 0.244376 0.014151 0.000307
d1 0.030000 0.116802 315.000000 2.000000 0.293108 0.026495 0.000504
d1 0.030000 0.116802 320.000000 2.000000 0.320284 0.039906 0.000828
d1 0.030000 0.116802 325.000000 2.000000 0.335439 0.053532 0.001284
d1 0.030000 0.116802 330.000000 2.000000 0.343890 0.066921 0.001868
d1 0.030000 0.116802 335.000000 2.000000 0.348602 0.079839 0.002577
d1 0.030000 0.116802 340.000000 2.000000 0.351231 0.092178 0.003403
d1 0.030000 0.116802 345.000000 2.000000 0.352697 0.103894 0.004340
d1 0.030000 0.116802 350.000000 2.000000 0.353514 0.114982 0.005379
d1 0.030000 0.116802 355.000000 2.000000 0.353970 0.125454 0.006513
d1 0.030000 0.116802 360.000000 2.000000 0.354224 0.135333 0.007736
d1 0.030000 0.116802 365.000000 2.000000 0.354366 0.144646 0.009040
d1 0.030000 0.116802 370.000000 2.000000 0.354445 0.153422 0.010419
d1 0.030000 0.116802 375.000000 2.000000 0.354489 0.161689 0.011867
d1 0.030000 0.116802 380.000000 2.000000 0.354514 0.169477 0.013378
d1 0.030000 0.116802 385.000000 2.000000 0.354527 0.176812 0.014947
d1 0.030000 0.116802 390.000000 2.000000 0.354535 0.183721 0.016569
d1 0.030000 0.116802 395.000000 2.000000 0.354539 0.190227 0.018239
d1 0.030000 0.116802 400.000000 2.000000 0.354541 0.196355 0.019952
d1 0.030000 0.116802 405.000000 2.000000 0.354542 0.202126 0.021705
d1 0.030000 0.116802 410.000000 2.000000 0.354543 0.207561 0.023494
d1 0.030000 0.116802 415.000000 2.000000 0.354544 0.212679 0.025315
d1 0.030000 0.116802 420.000000 2.000000 0.354544 0.217500 0.027165
d1 0.030000 0.116802 425.000000 2.000000 0.354545 0.222040 0.029039
d1 0.030000 0.116802 430.000000 2.000000 0.354545 0.226315 0.030936
d1 0.030000 0.116802 435.000000 2.000000 0.354545 0.230341 0.032853
d1 0.030000 0.116802 440.000000 2.000000 0.354545 0.234133 0.034787
d1 0.030000 0.116802 445.000000 2.000000 0.354545 0.237704 0.036735
d1 0.030000 0.116802 450.000000 2.000000 0.354545 0.241067 0.038695
d1 0.030000 0.116802 455.000000 2.000000 0.354545 0.244234 0.040666
d1 0.030000 0.116802 460.000000 2.000000 0.354544 0.247217 0.042644
d1 0.030000 0.116802 465.000000 2.000000 0.354544 0.250026 0.044629
d1 0.030000 0.116802 470.000000 2.000000 0.354544 0.252672 0.046618
d1 0.030000 0.116802 475.000000 2.000000 0.354545 0.255163 0.048609
d1 0.030000 0.116802 480.000000 2.000000 0.354545 0.257510 0.050602
d1 0.030000 0.116802 485.000000 2.000000 0.354545 0.259719 0.052595
d1 0.030000 0.116802 490.000000 2.000000 0.354545 0.261800 0.054587
d1 0.030000 0.116802 495.000000 2.000000 0.354545 0.263760 0.056575
d1 0.030000 0.116802 500.000000 2.000000 0.354545 0.265606 0.058560
d1 0.030000 0.116802 505.000000 2.000000 0.354545 0.267344 0.060540
d1 0.030000 0.116802 510.000000 2.000000 0.354545 0.268981 0.062514
d1 0.030000 0.116802 515.000000 2.000000 0.354545 0.270523 0.064482
d1 0.030000 0.116802 520.000000 2.000000 0.354545 0.271975 0.066441
d1 0.030000 0.116802 525.000000 2.000000 0.354545 0.273342 0.068393
d1 0.030000 0.116802 530.000000 2.000000 0.354545 0.274630 0.070335
d1 0.030000 0.116802 535.000000 2.000000 0.354545 0.275842 0.072267
d1 0.030000 0.116802 540.000000 2.000000 0.354545 0.276984 0.074189
d1 0.030000 0.116802 545.000000 2.000000 0.354545 0.278060 0.076101
d1 0.030000 0.116802 550.000000 2.000000 0.354545 0.279073 0.078000
d1 0.030000 0.116802 555.000000 2.000000 0.354545 0.280027 0.079888
d1 0.030000 0.116802 560.000000 2.000000 0.354545 0.280925 0.081763
d1 0.030000 0.116802 565.000000 2.000000 0.354545 0.281771 0.083626
d1 0.030000 0.116802 570.000000 2.000000 0.354545 0.282568 0.085475
d1 0.030000 0.116802 575.000000 2.000000 0.354545 0.283318 0.087311
d1 0.030000 0.116802 580.000000 2.000000 0.354545 0.284025 0.089133
d1 0.030000 0.116802 585.000000 2.000000 0.354545 0.284691 0.090941
d1 0.030000 0.116802 590.000000 2.000000 0.354545 0.285317 0.092735
d1 0.030000 0.116802 595.000000 2.000000 0.354545 0.285908 0.094515
d1 0.030000 0.116802 600.000000 2.000000 0.354545 0.286464 0.096280
d1 0.030000 0.116802 605.000000 2.000000 0.354545 0.286987 0.098030
d1 0.030000 0.116802 610.000000 2.000000 0.354545 0.287480 0.099765
d1 0.030000 0.116802 615.000000 2.000000 0.354545 0.287945 0.101485
d1 0.030000 0.116802 620.000000 2.000000 0.354545 0.288382 0.103189
d1 0.030000 0.116802 625.000000 2.000000 0.354545 0.288794 0.104879
d1 0.030000 0.116802 630.000000 2.000000 0.354545 0.289182 0.106553
d1 0.030000 0.116802 635.000000 2.000000 0.354545 0.289547 0.108212
d1 0.030000 0.116802 640.000000 2.000000 0.354545 0.289891 0.109855
d1 0.030000 0.116802 645.000000 2.000000 0.354545 0.290215 0.111483
d1 0.030000 0.116802 650.000000 2.000000 0.354545 0.290520 0.113095
d1 0.030000 0.116802 655.000000 2.000000 0.354545 0.290807 0.114692
d1 0.030000 0.116802 660.000000 2.000000 0.354545 0.291078 0.116273
d1 0.030000 0.116802 665.000000 2.000000 0.354545 0.291333 0.117839
d1 0.030000 0.116802 670.000000 2.000000 0.354545 0.291573 0.119390
d1 0.030000 0.116802 675.000000 2.000000 0.354545 0.291799 0.120925
d1 0.030000 0.116802 680.000000 2.000000 0.354545 0.292012 0.122445
d1 0.030000 0.116802 685.000000 2.000000 0.354545 0.292212 0.123949
d1 0.030000 0.116802 690.000000 2.000000 0.354545 0.292401 0.125438
d1 0.030000 0.116802 695.000000 2.000000 0.354545 0.292579 0.126912
d1 0.030000 0.116802 700.000000 2.000000 0.354545 0.292746 0.128371
d1 0.030000 0.116802 705.000000 2.000000 0.354545 0.292904 0.129814
d1 0.030000 0.116802 710.000000 2.000000 0.354545 0.293052 0.131243
d1 0.030000 0.116802 715.000000 2.000000 0.354545 0.293192 0.132657
d1 0.030000 0.116802 720.000000 2.000000 0.354545 0.293324 0.134056
d1 0.030000 0.116802 725.000000 2.000000 0.354545 0.293448 0.135440
d1 0.030000 0.116802 730.000000 2.000000 0.354545 0.293565 0.136810
d1 0.030000 0.116802 735.000000 2.000000 0.354545 0.293675 0.138165
d1 0.030000 0.116802 740.000000 2.000000 0.354545 0.293778 0.139505
d1 0.030000 0.116802 745.000000 2.000000 0.354545 0.293876 0.140832
d1 0.030000 0.116802 750.000000 2.000000 0.354545 0.293968 0.142144
d1 0.030000 0.116802 755.000000 2.000000 0.354545 0.294054 0.143442
d1 0.030000 0.116802 760.000000 2.000000 0.354545 0.294136 0.144726
d1 0.030000 0.116802 765.000000 2.000000 0.354545 0.294213 0.145996
d1 0.030000 0.116802 770.000000 2.000000 0.354545 0.294285 0.147252
d1 0.030000 0.116802 775.000000 2.000000 0.354545 0.294353 0.148495
d1 0.030000 0.116802 780.000000 2.000000 0.354545 0.294417 0.149724
d1 0.030000 0.116802 785.000000 2.000000 0.354545 0.294477 0.150940
d1 0.030000 0.116802 790.000000 2.000000 0.354545 0.294534 0.152142
d1 0.030000 0.116802 795.000000 2.000000 0.354545 0.294588 0.153331
d1 0.030000 0.116802 800.000000 2.000000 0.354545 0.294638 0.154507
d1 0.030000 0.116802 805.000000 2.000000 0.354545 0.294686 0.155670
d1 0.030000 0.116802 810.000000 2.000000 0.354545 0.294730 0.156820
d1 0.030000 0.116802 815.000000 2.000000 0.354545 0.294773 0.157958
d1 0.030000 0.116802 820.000000 2.000000 0.354545 0.294812 0.159083
d1 0.030000 0.116802 825.000000 2.000000 0.354545 0.294850 0.160195
d1 0.030000 0.116802 830.000000 2.000000 0.354545 0.294885 0.161295
d1 0.030000 0.116802 835.000000 2.000000 0.354545 0.294918 0.162383
d1 0.030000 0.116802 840.000000 2.000000 0.354545 0.294949 0.163459
d1 0.030000 0.116802 845.000000 2.000000 0.354545 0.294979 0.164523
d1 0.030000 0.116802 850.000000 2.000000 0.354545 0.295006 0.165575
d1 0.030000 0.116802 855.000000 2.000000 0.354545 0.295032 0.166615
d1 0.030000 0.116802 860.000000 2.000000 0.354545 0.295057 0.167643
d1 0.030000 0.116802 865.000000 2.000000 0.354545 0.295080 0.168660
d1 0.030000 0.116802 870.000000 2.000000 0.354545 0.295102 0.169666
d1 0.030000 0.116802 875.000000 2.000000 0.354545 0.295122 0.170660
d1 0.030000 0.116802 880.000000 2.000000 0.354545 0.295142 0.171643
d1 0.030000 0.116802 885.000000 2.000000 0.354545 0.295160 0.172615
d1 0.030000 0.116802 890.000000 2.000000 0.354545 0.295177 0.173576
d1 0.030000 0.116802 895.000000 2.000000 0.354545 0.295193 0.174526
d1 0.030000 0.116802 900.000000 2.000000 0.354545 0.295208 0.175466
d1 0.030000 0.116802 905.000000 2.000000 0.354545 0.295222 0.176395
d1 0.030000 0.116802 910.000000 2.000000 0.354545 0.295236 0.177313
d1 0.030000 0.116802 915.000000 2.000000 0.354545 0.295249 0.178221
d1 0.030000 0.116802 920.000000 2.000000 0.354545 0.295261 0.179119
d1 0.030000 0.116802 925.000000 2.000000 0.354545 0.295272 0.180007
d1 0.030000 0.116802 930.000000 2.000000 0.354545 0.295282 0.180884
d1 0.030000 0.116802 935.000000 2.000000 0.354545 0.295292 0.181752
d1 0.030000 0.116802 940.000000 2.000000 0.354545 0.295302 0.182610
d1 0.030000 0.116802 945.000000 2.000000 0.354545 0.295311 0.183458
d1 0.030000 0.116802 950.000000 2.000000 0.354545 0.295319 0.184297
d1 0.030000 0.116802 955.000000 2.000000 0.354545 0.295327 0.185126
d1 0.030000 0.116802 960.000000 2.000000 0.354545 0.295334 0.185945
d1 0.030000 0.116802 965.000000 2.000000 0.354545 0.295341 0.186756
d1 0.030000 0.116802 970.000000 2.000000 0.354545 0.295348 0.187557
d1 0.030000 0.116802 975.000000 2.000000 0.354545 0.295354 0.188349
d1 0.030000 0.116802 980.000000 2.000000 0.354545 0.295360 0.189132
d1 0.030000 0.116802 985.000000 2.000000 0.354545 0.295365 0.189906
d1 0.030000 0.116802 990.000000 2.000000 0.354545 0.295370 0.190671
d1 0.030000 0.116802 995.000000 2.000000 0.354545 0.295375 0.191428
d1 0.030000 0.116802 1000.000000 2.000000 0.354545 0.295380 0.192176
d1 0.030000 0.116802 1005.000000 2.000000 0.354545 0.295384 0.192916
d1 0.030000 0.116802 1010.000000 2.000000 0.354545 0.295388 0.193647
d1 0.030000 0.116802 1015.000000 2.000000 0.354545 0.295392 0.194370
d1 0.030000 0.116802 1020.000000 2.000000 0.354545 0.295396 0.195084
d1 0.030000 0.116802 1025.000000 2.000000 0.354545 0.295399 0.195791
d1 0.030000 0.116802 1030.000000 2.000000 0.354545 0.295402 0.196489
d1 0.030000 0.116802 1035.000000 2.000000 0.354545 0.295405 0.197179
d1 0.030000 0.116802 1040.000000 2.000000 0.354545 0.295408 0.197862
d1 0.030000 0.116802 1045.000000 2.000000 0.354545 0.295411 0.198537
d1 0.030000 0.116802 1050.000000 2.000000 0.354545 0.295413 0.199204
d1 0.030000 0.116802 1055.000000 2.000000 0.354545 0.295415 0.199863
d1 0.030000 0.116802 1060.000000 2.000000 0.354545 0.295418 0.200515
d1 0.030000 0.116802 1065.000000 2.000000 0.354545 0.295420 0.201160
d1 0.030000 0.116802 1070.000000 2.000000 0.354545 0.295422 0.201797
d1 0.030000 0.116802 1075.000000 2.000000 0.354545 0.295424 0.202427
d1 0.030000 0.116802 1080.000000 2.000000 0.354545 0.295425 0.203050
d1 0.030000 0.116802 1085.000000 2.000000 0.354545 0.295427 0.203666
d1 0.030000 0.116802 1090.000000 2.000000 0.354545 0.295429 0.204274
d1 0.030000 0.116802 1095.000000 2.000000 0.354545 0.295430 0.204876
d1 0.030000 0.116802 1100.000000 2.000000 0.354545 0.295432 0.205471
d1 0.030000 0.116802 1105.000000 2.000000 0.354545 0.295433 0.206059
d1 0.030000 0.116802 1110.000000 2.000000 0.354545 0.295434 0.206640
d1 0.030000 0.116802 1115.000000 2.000000 0.354545 0.295435 0.207215
d1 0.030000 0.116802 1120.000000 2.000000 0.354545 0.295436 0.207783
d1 0.030000 0.116802 1125.000000 2.000000 0.354545 0.295437 0.208344
d1 0.030000 0.116802 1130.000000 2.000000 0.354545 0.295438 0.208900
d1 0.030000 0.116802 1135.000000 2.000000 0.354545 0.295439 0.209448
d1 0.030000 0.116802 1140.000000 2.000000 0.354545 0.295440 0.209991
d1 0.030000 0.116802 1145.000000 2.000000 0.354545 0.295441 0.210527
d1 0.030000 0.116802 1150.000000 2.000000 0.354545 0.295442 0.211058
d1 0.030000 0.116802 1155.000000 2.000000 0.354545 0.295442 0.211582
d1 0.030000 0.116802 1160.000000 2.000000 0.354545 0.295443 0.212100
d1 0.030000 0.116802 1165.000000 2.000000 0.354545 0.295444 0.212613
d1 0.030000 0.116802 1170.000000 2.000000 0.354545 0.295444 0.213119
d1 0.030000 0.116802 1175.000000 2.000000 0.354545 0.295445 0.213620
d1 0.030000 0.116802 1180.000000 2.000000 0.354545 0.295445 0.214115
d1 0.030000 0.116802 1185.000000 2.000000 0.354545 0.295446 0.214604
d1 0.030000 0.116802 1190.000000 2.000000 0.354545 0.295446 0.215088
d1 0.030000 0.116802 1195.000000 2.000000 0.354545 0.295447 0.215566
d1 0.030000 0.116802 1200.000000 2.000000 0.354545 0.295447 0.216039
d1 0.030000 0.116802 1205.000000 2.000000 0.354545 0.295447 0.216506
d1 0.030000 0.116802 1210.000000 2.000000 0.354545 0.295448 0.216968
d1 0.030000 0.116802 1215.000000 2.000000 0.354545 0.295448 0.217425
d1 0.030000 0.116802 1220.000000 2.000000 0.354545 0.295448 0.217876
d1 0.030000 0.116802 1225.000000 2.000000 0.354545 0.295449 0.218323
d1 0.030000 0.116802 1230.000000 2.000000 0.354545 0.295449 0.218764
d1 0.030000 0.116802 1235.000000 2.000000 0.354545 0.295449 0.219200
d1 0.030000 0.116802 1240.000000 2.000000 0.354545 0.295449 0.219631
d1 0.030000 0.116802 1245.000000 2.000000 0.354545 0.295450 0.220058
d1 0.030000 0.116802 1250.000000 2.000000 0.354545 0.295450 0.220479
d1 0.030000 0.116802 1255.000000 2.000000 0.354545 0.295450 0.220896
d1 0.030000 0.116802 1260.000000 2.000000 0.354545 0.295450 0.221307
d1 0.030000 0.116802 1265.000000 2.000000 0.354545 0.295450 0.221715
d1 0.030000 0.116802 1270.000000 2.000000 0.354545 0.295451 0.222117
d1 0.030000 0.116802 1275.000000 2.000000 0.354545 0.295451 0.222515
d1 0.030000 0.116802 1280.000000 2.000000 0.354545 0.295451 0.222908
d1 0.030000 0.116802 1285.000000 2.000000 0.354545 0.295451 0.223297
d1 0.030000 0.116802 1290.000000 2.000000 0.354545 0.295451 0.223681
d1 0.030000 0.116802 1295.000000 2.000000 0.354545 0.295451 0.224061
d1 0.030000 0.116802 1300.000000 2.000000 0.354545 0.295452 0.224437
d1 0.030000 0.116802 1305.000000 2.000000 0.354545 0.295452 0.224808
d1 0.030000 0.116802 1310.000000 2.000000 0.354545 0.295452 0.225176
d1 0.030000 0.116802 1315.000000 2.000000 0.354545 0.295452 0.225538
d1 0.030000 0.116802 1320.000000 2.000000 0.354545 0.295452 0.225897
d1 0.030000 0.116802 1325.000000 2.000000 0.354545 0.295452 0.226252
d1 0.030000 0.116802 1330.000000 2.000000 0.354545 0.295452 0.226602
d1 0.030000 0.116802 1335.000000 2.000000 0.354545 0.295452 0.226949
d1 0.030000 0.116802 1340.000000 2.000000 0.354545 0.295452 0.227292
d1 0.030000 0.116802 1345.000000 2.000000 0.354545 0.295452 0.227630
d1 0.030000 0.116802 1350.000000 2.000000 0.354545 0.295453 0.227965
d1 0.030000 0.116802 1355.000000 2.000000 0.354545 0.295453 0.228296
d1 0.030000 0.116802 1360.000000 2.000000 0.354545 0.295453 0.228623
d1 0.030000 0.116802 1365.000000 2.000000 0.354545 0.295453 0.228947
d1 0.030000 0.116802 1370.000000 2.000000 0.354545 0.295453 0.229267
d1 0.030000 0.116802 1375.000000 2.000000 0.354545 0.295453 0.229583
d1 0.030000 0.116802 1380.000000 2.000000 0.354545 0.295453 0.229895
d1 0.030000 0.116802 1385.000000 2.000000 0.354545 0.295453 0.230204
d1 0.030000 0.116802 1390.000000 2.000000 0.354545 0.295453 0.230510
d1 0.030000 0.116802 1395.000000 2.000000 0.354545 0.295453 0.230812
d1 0.030000 0.116802 1400.000000 2.000000 0.354545 0.295453 0.231110
d1 0.030000 0.116802 1405.000000 2.000000 0.354545 0.295453 0.231405
d1 0.030000 0.116802 1410.000000 2.000000 0.354545 0.295453 0.231697
d1 0.030000 0.116802 1415.000000 2.000000 0.354545 0.295453 0.231985
d1 0.030000 0.116802 1420.000000 2.000000 0.354545 0.295453 0.232270
d1 0.030000 0.116802 1425.000000 2.000000 0.354545 0.295453 0.232552
d1 0.030000 0.116802 1430.000000 2.000000 0.354545 0.295453 0.232831
d1 0.030000 0.116802 1435.000000 2.000000 0.354545 0.295453 0.233106
d1 0.030000 0.116802 1440.000000 2.000000 0.354545 0.295453 0.233378
d1 0.030000 0.116802 1445.000000 2.000000 0.354545 0.295454 0.233648
d1 0.030000 0.116802 1450.000000 2.000000 0.354545 0.295454 0.233914
d1 0.030000 0.116802 1455.000000 2.000000 0.354545 0.295454 0.234177
d1 0.030000 0.116802 1460.000000 2.000000 0.354545 0.295454 0.234437
d1 0.030000 0.116802 1465.000000 2.000000 0.354545 0.295454 0.234694
d1 0.030000 0.116802 1470.000000 2.000000 0.354545 0.295454 0.234948
d1 0.030000 0.116802 1475.000000 2.000000 0.354545 0.295454 0.235199
d1 0.030000 0.116802 1480.000000 2.000000 0.354545 0.295454 0.235447
d1 0.030000 0.116802 1485.000000 2.000000 0.354545 0.295454 0.235693
d1 0.030000 0.116802 1490.000000 2.000000 0.354545 0.295454 0.235935
d1 0.030000 0.116802 1495.000000 2.000000 0.354545 0.295454 0.236175
d1 0.030000 0.116802 1500.000000 2.000000 0.354545 0.295454 0.236412
d1 0.030000 0.116802 1505.000000 2.000000 0.354545 0.295454 0.236647
d1 0.030000 0.116802 1510.000000 2.000000 0.354545 0.295454 0.236879
d1 0.030000 0.116802 1515.000000 2.000000 0.354545 0.295454 0.237108
d1 0.030000 0.116802 1520.000000 2.000000 0.354545 0.295454 0.237334
d1 0.030000 0.116802 1525.000000 2.000000 0.354545 0.295454 0.237558
d1 0.030000 0.116802 1530.000000 2.000000 0.354545 0.295454 0.237779
d1 0.030000 0.116802 1535.000000 2.000000 0.354545 0.295454 0.237998
d1 0.030000 0.116802 1540.000000 2.000000 0.354545 0.295454 0.238215
d1 0.030000 0.116802 1545.000000 2.000000 0.354545 0.295454 0.238428
d1 0.030000 0.116802 1550.000000 2.000000 0.354545 0.295454 0.238640
d1 0.030000 0.116802 1555.000000 2.000000 0.354545 0.295454 0.238849
d1 0.030000 0.116802 1560.000000 2.000000 0.354545 0.295454 0.239055
d1 0.030000 0.116802 1565.000000 2.000000 0.354545 0.295454 0.239260
d1 0.030000 0.116802 1570.000000 2.000000 0.354545 0.295454 0.239462
d1 0.030000 0.116802 1575.000000 2.000000 0.354545 0.295454 0.239661
d1 0.030000 0.116802 1580.000000 2.000000 0.354545 0.295454 0.239858
d1 0.030000 0.116802 1585.000000 2.000000 0.354545 0.295454 0.240053
d1 0.030000 0.116802 1590.000000 2.000000 0.354545 0.295454 0.240246
d1 0.030000 0.116802 1595.000000 2.000000 0.354545 0.295454 0.240437
d1 0.030000 0.116802 1600.000000 2.000000 0.354545 0.295454 0.240625
d1 0.030000 0.116802 1605.000000 2.000000 0.354545 0.295454 0.240812
d1 0.030000 0.116802 1610.000000 2.000000 0.354545 0.295454 0.240996
d1 0.030000 0.116802 1615.000000 2.000000 0.354545 0.295454 0.241178
d1 0.030000 0.116802 1620.000000 2.000000 0.354545 0.295454 0.241358
d1 0.030000 0.116802 1625.000000 2.000000 0.354545 0.295454 0.241536
d1 0.030000 0.116802 1630.000000 2.000000 0.354545 0.295454 0.241711
d1 0.030000 0.116802 1635.000000 2.000000 0.354545 0.295454 0.241885
d1 0.030000 0.116802 1640.000000 2.000000 0.354545 0.295454 0.242057
d1 0.030000 0.116802 1645.000000 2.000000 0.354545 0.295454 0.242227
d1 0.030000 0.116802 1650.000000 2.000000 0.354545 0.295454 0.242395
d1 0.030000 0.116802 1655.000000 2.000000 0.354545 0.295454 0.242561
d1 0.030000 0.116802 1660.000000 2.000000 0.354545 0.295454 0.242725
d1 0.030000 0.116802 1665.000000 2.000000 0.354545 0.295454 0.242887
d1 0.030000 0.116802 1670.000000 2.000000 0.354545 0.295454 0.243048
d1 0.030000 0.116802 1675.000000 2.000000 0.354545 0.295454 0.243206
d1 0.030000 0.116802 1680.000000 2.000000 0.354545 0.295454 0.243363
d1 0.030000 0.116802 1685.000000 2.000000 0.354545 0.295454 0.243518
d1 0.030000 0.116802 1690.000000 2.000000 0.354545 0.295454 0.243671
d1 0.030000 0.116802 1695.000000 2.000000 0.354545 0.295454 0.243823
d1 0.030000 0.116802 1700.000000 2.000000 0.354545 0.295454 0.243973
d1 0.030000 0.116802 1705.000000 2.000000 0.354545 0.295454 0.244121
d1 0.030000 0.116802 1710.000000 2.000000 0.354545 0.295454 0.244267
d1 0.030000 0.116802 1715.000000 2.000000 0.354545 0.295454 0.244411
d1 0.030000 0.116802 1720.000000 2.000000 0.354545 0.295454 0.244554
d1 0.030000 0.116802 1725.000000 2.000000 0.354545 0.295454 0.244696
d1 0.030000 0.116802 1730.000000 2.000000 0.354545 0.295454 0.244836
d1 0.030000 0.116802 1735.000000 2.000000 0.354545 0.295454 0.244974
d1 0.030000 0.116802 1740.000000 2.000000 0.354545 0.295454 0.245110
d1 0.030000 0.116802 1745.000000 2.000000 0.354545 0.295454 0.245245
d1 0.030000 0.116802 1750.000000 2.000000 0.354545 0.295454 0.245379
d1 0.030000 0.116802 1755.000000 2.000000 0.354545 0.295454 0.245511
d1 0.030000 0.116802 1760.000000 2.000000 0.354545 0.295454 0.245641
d1 0.030000 0.116802 1765.000000 2.000000 0.354545 0.295454 0.245770
d1 0.030000 0.116802 1770.000000 2.000000 0.354545 0.295454 0.245897
d1 0.030000 0.116802 1775.000000 2.000000 0.354545 0.295454 0.246023
d1 0.030000 0.116802 1780.000000 2.000000 0.354545 0.295454 0.246148
d1 0.030000 0.116802 1785.000000 2.000000 0.354545 0.295454 0.246271
d1 0.030000 0.116802 1790.000000 2.000000 0.354545 0.295454 0.246393
d1 0.030000 0.116802 1795.000000 2.000000 0.354545 0.295454 0.246513
d1 0.030000 0.116802 1800.000000 2.000000 0.354545 0.295454 0.246632
d1 0.030000 0.116802 1805.000000 2.000000 0.354545 0.295454 0.246750
d1 0.030000 0.116802 1810.000000 2.000000 0.354545 0.295454 0.246866
d1 0.030000 0.116802 1815.000000 2.000000 0.354545 0.295454 0.246981
d1 0.030000 0.116802 1820.000000 2.000000 0.354545 0.295454 0.247094
d1 0.030000 0.116802 1825.000000 2.000000 0.354545 0.295454 0.247207
d1 0.030000 0.116802 1830.000000 2.000000 0.354545 0.295454 0.247318
d1 0.030000 0.116802 1835.000000 2.000000 0.354545 0.295454 0.247428
d1 0.030000 0.116802 1840.000000 2.000000 0.354545 0.295454 0.247536
d1 0.030000 0.116802 1845.000000 2.000000 0.354545 0.295454 0.247643
d1 0.030000 0.116802 1850.000000 2.000000 0.354545 0.295454 0.247749
d1 0.030000 0.116802 1855.000000 2.000000 0.354545 0.295454 0.247854
d1 0.030000 0.116802 1860.000000 2.000000 0.354545 0.295454 0.247958
d1 0.030000 0.116802 1865.000000 2.000000 0.354545 0.295454 0.248060
d1 0.030000 0.116802 1870.000000 2.000000 0.354545 0.295454 0.248161
d1 0.030000 0.116802 1875.000000 2.000000 0.354545 0.295454 0.248262
d1 0.030000 0.116802 1880.000000 2.000000 0.354545 0.295454 0.248360
d1 0.030000 0.116802 1885.000000 2.000000 0.354545 0.295454 0.248458
d1 0.030000 0.116802 1890.000000 2.000000 0.354545 0.295454 0.248555
d1 0.030000 0.116802 1895.000000 2.000000 0.354545 0.295454 0.248651
d1 0.030000 0.116802 1900.000000 2.000000 0.354545 0.295454 0.248745
d1 0.030000 0.116802 1905.000000 2.000000 0.354545 0.295454 0.248839
d1 0.030000 0.116802 1910.000000 2.000000 0.354545 0.295454 0.248931
d1 0.030000 0.116802 1915.000000 2.000000 0.354545 0.295454 0.249022
d1 0.030000 0.116802 1920.000000 2.000000 0.354545 0.295454 0.249113
d1 0.030000 0.116802 1925.000000 2.000000 0.354545 0.295454 0.249202
d1 0.030000 0.116802 1930.000000 2.000000 0.354545 0.295454 0.249290
d1 0.030000 0.116802 1935.000000 2.000000 0.354545 0.295454 0.249377
d1 0.030000 0.116802 1940.000000 2.000000 0.354545 0.295454 0.249463
d1 0.030000 0.116802 1945.000000 2.000000 0.354545 0.295454 0.249549
d1 0.030000 0.116802 1950.000000 2.000000 0.354545 0.295454 0.249633
d1 0.030000 0.116802 1955.000000 2.000000 0.354545 0.295454 0.249716
d1 0.030000 0.116802 1960.000000 2.000000 0.354545 0.295454 0.249798
d1 0.030000 0.116802 1965.000000 2.000000 0.354545 0.295454 0.249880
d1 0.030000 0.116802 1970.000000 2.000000 0.354545 0.295454 0.249960
d1 0.030000 0.116802 1975.000000 2.000000 0.354545 0.295454 0.250040
d1 0.030000 0.116802 1980.000000 2.000000 0.354545 0.295454 0.250118
d1 0.030000 0.116802 1985.000000 2.000000 0.354545 0.295454 0.250196
d1 0.030000 0.116802 1990.000000 2.000000 0.354545 0.295454 0.250273
d1 0.030000 0.116802 1995.000000 2.000000 0.354545 0.295454 0.250349
d1 0.030000 0.116802 2000.000000 2.000000 0.354545 0.295454 0.250424
d1 0.030000 0.116802 2005.000000 2.000000 0.354545 0.295454 0.250498
d1 0.030000 0.116802 2010.000000 2.000000 0.354545 0.295454 0.250572
d1 0.030000 0.116802 2015.000000 2.000000 0.354545 0.295454 0.250644
d1 0.030000 0.116802 2020.000000 2.000000 0.354545 0.295454 0.250716
d1 0.030000 0.116802 2025.000000 2.000000 0.354545 0.295454 0.250787
d1 0.030000 0.116802 2030.000000 2.000000 0.354545 0.295454 0.250857
d1 0.030000 0.116802 2035.000000 2.000000 0.354545 0.295454 0.250926
d1 0.030000 0.116802 2040.000000 2.000000 0.354545 0.295454 0.250995
d1 0.030000 0.116802 2045.000000 2.000000 0.354545 0.295454 0.251062
d1 0.030000 0.116802 2050.000000 2.000000 0.354545 0.295454 0.251129
d1 0.030000 0.116802 2055.000000 2.000000 0.354545 0.295454 0.251195
d1 0.030000 0.116802 2060.000000 2.000000 0.354545 0.295454 0.251261
d1 0.030000 0.116802 2065.000000 2.000000 0.354545 0.295454 0.251325
d1 0.030000 0.116802 2070.000000 2.000000 0.354545 0.295454 0.251389
d1 0.030000 0.116802 2075.000000 2.000000 0.354545 0.295454 0.251453
d1 0.030000 0.116802 2080.000000 2.000000 0.354545 0.295454 0.251515
d1 0.030000 0.116802 2085.000000 2.000000 0.354545 0.295454 0.251577
d1 0.030000 0.116802 2090.000000 2.000000 0.354545 0.295454 0.251638
d1 0.030000 0.116802 2095.000000 2.000000 0.354545 0.295454 0.251698
d1 0.030000 0.116802 2100.000000 2.000000 0.354545 0.295454 0.251758
d1 0.030000 0.116802 2105.000000 2.000000 0.354545 0.295454 0.251817
d1 0.030000 0.116802 2110.000000 2.000000 0.354545 0.295454 0.251875
d1 0.030000 0.116802 2115.000000 2.000000 0.354545 0.295454 0.251933
d1 0.030000 0.116802 2120.000000 2.000000 0.354545 0.295454 0.251990
d1 0.030000 0.116802 2125.000000 2.000000 0.354545 0.295454 0.252046
d1 0.030000 0.116802 2130.000000 2.000000 0.354545 0.295454 0.252102
d1 0.030000 0.116802 2135.000000 2.000000 0.354545 0.295454 0.252157
d1 0.030000 0.116802 2140.000000 2.000000 0.354545 0.295454 0.252211
d1 0.030000 0.116802 2145.000000 2.000000 0.354545 0.295454 0.252265
d1 0.030000 0.116802 2150.000000 2.000000 0.354545 0.295454 0.252318
d1 0.030000 0.116802 2155.000000 2.000000 0.354545 0.295454 0.252371
d1 0.030000 0.116802 2160.000000 2.000000 0.354545 0.295454 0.252423
d1 0.030000 0.116802 2165.000000 2.000000 0.354545 0.295454 0.252474
d1 0.030000 0.116802 2170.000000 2.000000 0.354545 0.295454 0.252525
d1 0.030000 0.116802 2175.000000 2.000000 0.354545 0.295454 0.252575
d1 0.030000 0.116802 2180.000000 2.000000 0.354545 0.295454 0.252625
d1 0.030000 0.116802 2185.000000 2.000000 0.354545 0.295454 0.252674
d1 0.030000 0.116802 2190.000000 2.000000 0.354545 0.295454 0.252722
d1 0.030000 0.116802 2195.000000 2.000000 0.354545 0.295454 0.252770
d1 0.030000 0.116802 2200.000000 2.000000 0.354545 0.295454 0.252818
d1 0.030000 0.116802 2205.000000 2.000000 0.354545 0.295454 0.252865
d1 0.030000 0.116802 2210.000000 2.000000 0.354545 0.295454 0.252911
d1 0.030000 0.116802 2215.000000 2.000000 0.354545 0.295454 0.252957
d1 0.030000 0.116802 2220.000000 2.000000 0.354545 0.295454 0.253002
d1 0.030000 0.116802 2225.000000 2.000000 0.354545 0.295454 0.253047
d1 0.030000 0.116802 2230.000000 2.000000 0.354545 0.295454 0.253091
d1 0.030000 0.116802 2235.000000 2.000000 0.354545 0.295454 0.253135
d1 0.030000 0.116802 2240.000000 2.000000 0.354545 0.295454 0.253178
d1 0.030000 0.116802 2245.000000 2.000000 0.354545 0.295454 0.253221
d1 0.030000 0.116802 2250.000000 2.000000 0.354545 0.295454 0.253263
d1 0.030000 0.116802 2255.000000 2.000000 0.354545 0.295454 0.253305
d1 0.030000 0.116802 2260.000000 2.000000 0.354545 0.295454 0.253346
d1 0.030000 0.116802 2265.000000 2.000000 0.354545 0.295454 0.253387
d1 0.030000 0.116802 2270.000000 2.000000 0.354545 0.295454 0.253427
d1 0.030000 0.116802 2275.000000 2.000000 0.354545 0.295454 0.253467
d1 0.030000 0.116802 2280.000000 2.000000 0.354545 0.295454 0.253507
d1 0.030000 0.116802 2285.000000 2.000000 0.354545 0.295454 0.253546
d1 0.030000 0.116802 2290.000000 2.000000 0.354545 0.295454 0.253584
d1 0.030000 0.116802 2295.000000 2.000000 0.354545 0.295454 0.253622
d1 0.030000 0.116802 2300.000000 2.000000 0.354545 0.295454 0.253660
d1 0.030000 0.116802 2305.000000 2.000000 0.354545 0.295454 0.253697
d1 0.030000 0.116802 2310.000000 2.000000 0.354545 0.295454 0.253734
d1 0.030000 0.116802 2315.000000 2.000000 0.354545 0.295454 0.253770
d1 0.030000 0.116802 2320.000000 2.000000 0.354545 0.295454 0.253806
d1 0.030000 0.116802 2325.000000 2.000000 0.354545 0.295454 0.253842
d1 0.030000 0.116802 2330.000000 2.000000 0.354545 0.295454 0.253877
d1 0.030000 0.116802 2335.000000 2.000000 0.354545 0.295454 0.253912
d1 0.030000 0.116802 2340.000000 2.000000 0.354545 0.295454 0.253946
d1 0.030000 0.116802 2345.000000 2.000000 0.354545 0.295454 0.253980
d1 0.030000 0.116802 2350.000000 2.000000 0.354545 0.295454 0.254014
d1 0.030000 0.116802 2355.000000 2.000000 0.354545 0.295454 0.254047
d1 0.030000 0.116802 2360.000000 2.000000 0.354545 0.295454 0.254080
d1 0.030000 0.116802 2365.000000 2.000000 0.354545 0.295454 0.254112
d1 0.030000 0.116802 2370.000000 2.000000 0.354545 0.295454 0.254144
d1 0.030000 0.116802 2375.000000 2.000000 0.354545 0.295454 0.254176
d1 0.030000 0.116802 2380.000000 2.000000 0.354545 0.295454 0.254207
d1 0.030000 0.116802 2385.000000 2.000000 0.354545 0.295454 0.254238
d1 0.030000 0.116802 2390.000000 2.000000 0.354545 0.295454 0.254269
d1 0.030000 0.116802 2395.000000 2.000000 0.354545 0.295454 0.254299
d1 0.030000 0.116802 2400.000000 2.000000 0.354545 0.295454 0.254329
d1 0.030000 0.116802 2405.000000 2.000000 0.354545 0.295454 0.254359
d1 0.030000 0.116802 2410.000000 2.000000 0.354545 0.295454 0.254388
d1 0.030000 0.116802 2415.000000 2.000000 0.354545 0.295454 0.254417
d1 0.030000 0.116802 2420.000000 2.000000 0.354545 0.295454 0.254445
d1 0.030000 0.116802 2425.000000 2.000000 0.354545 0.295454 0.254474
d1 0.030000 0.116802 2430.000000 2.000000 0.354545 0.295454 0.254501
d1 0.030000 0.116802 2435.000000 2.000000 0.354545 0.295454 0.254529
d1 0.030000 0.116802 2440.000000 2.000000 0.354545 0.295454 0.254556
d1 0.030000 0.116802 2445.000000 2.000000 0.354545 0.295454 0.254583
d1 0.030000 0.116802 2450.000000 2.000000 0.354545 0.295454 0.254610
d1 0.030000 0.116802 2455.000000 2.000000 0.354545 0.295454 0.254636
d1 0.030000 0.116802 2460.000000 2.000000 0.354545 0.295454 0.254662
d1 0.030000 0.116802 2465.000000 2.000000 0.354545 0.295454 0.254688
d1 0.030000 0.116802 2470.000000 2.000000 0.354545 0.295454 0.254714
d1 0.030000 0.116802 2475.000000 2.000000 0.354545 0.295454 0.254739
d1 0.030000 0.116802 2480.000000 2.000000 0.354545 0.295454 0.254764
d1 0.030000 0.116802 2485.000000 2.000000 0.354545 0.295454 0.254788
d1 0.030000 0.116802 2490.000000 2.000000 0.354545 0.295454 0.254813
d1 0.030000 0.116802 2495.000000 2.000000 0.354545 0.295454 0.254837
d1 0.030000 0.116802 2500.000000 2.000000 0.354545 0.295454 0.254861
d1 0.030000 0.116802 2505.000000 2.000000 0.354545 0.295454 0.254884
d1 0.030000 0.116802 2510.000000 2.000000 0.354545 0.295454 0.254907
d1 0.030000 0.116802 2515.000000 2.000000 0.354545 0.295454 0.254930
d1 0.030000 0.116802 2520.000000 2.000000 0.354545 0.295454 0.254953
d1 0.030000 0.116802 2525.000000 2.000000 0.354545 0.295454 0.254975
d1 0.030000 0.116802 2530.000000 2.000000 0.354545 0.295454 0.254998
d1 0.030000 0.116802 2535.000000 2.000000 0.354545 0.295454 0.255020
d1 0.030000 0.116802 2540.000000 2.000000 0.354545 0.295454 0.255041
d1 0.030000 0.116802 2545.000000 2.000000 0.354545 0.295454 0.255063
d1 0.030000 0.116802 2550.000000 2.000000 0.354545 0.295454 0.255084
d1 0.030000 0.116802 2555.000000 2.000000 0.354545 0.295454 0.255105
d1 0.030000 0.116802 2560.000000 2.000000 0.354545 0.295454 0.255126
d1 0.030000 0.116802 2565.000000 2.000000 0.354545 0.295454 0.255146
d1 0.030000 0.116802 2570.000000 2.000000 0.354545 0.295454 0.255166
d1 0.030000 0.116802 2575.000000 2.000000 0.354545 0.295454 0.255186
d1 0.030000 0.116802 2580.000000 2.000000 0.354545 0.295454 0.255206
d1 0.030000 0.116802 2585.000000 2.000000 0.354545 0.295454 0.255226
d1 0.030000 0.116802 2590.000000 2.000000 0.354545 0.295454 0.255245
d1 0.030000 0.116802 2595.000000 2.000000 0.354545 0.295454 0.255264
d1 0.030000 0.116802 2600.000000 2.000000 0.354545 0.295454 0.255283
d1 0.030000 0.116802 2605.000000 2.000000 0.354545 0.295454 0.255302
d1 0.030000 0.116802 2610.000000 2.000000 0.354545 0.295454 0.255320
d1 0.030000 0.116802 2615.000000 2.000000 0.354545 0.295454 0.255338
d1 0.030000 0.116802 2620.000000 2.000000 0.354545 0.295454 0.255356
d1 0.030000 0.116802 2625.000000 2.000000 0.354545 0.295454 0.255374
d1 0.030000 0.116802 2630.000000 2.000000 0.354545 0.295454 0.255392
d1 0.030000 0.116802 2635.000000 2.000000 0.354545 0.295454 0.255409
d1 0.030000 0.116802 2640.000000 2.000000 0.354545 0.295454 0.255427
d1 0.030000 0.116802 2645.000000 2.000000 0.354545 0.295454 0.255444
d1 0.030000 0.116802 2650.000000 2.000000 0.354545 0.295454 0.255460
d1 0.030000 0.116802 2655.000000 2.000000 0.354545 0.295454 0.255477
d1 0.030000 0.116802 2660.000000 2.000000 0.354545 0.295454 0.255494
d1 0.030000 0.116802 2665.000000 2.000000 0.354545 0.295454 0.255510
d1 0.030000 0.116802 2670.000000 2.000000 0.354545 0.295454 0.255526
d1 0.030000 0.116802 2675.000000 2.000000 0.354545 0.295454 0.255542
d1 0.030000 0.116802 2680.000000 2.000000 0.354545 0.295454 0.255557
d1 0.030000 0.116802 2685.000000 2.000000 0.354545 0.295454 0.255573
d1 0.030000 0.116802 2690.000000 2.000000 0.354545 0.295454 0.255588
d1 0.030000 0.116802 2695.000000 2.000000 0.354545 0.295454 0.255604
d1 0.030000 0.116802 2700.000000 2.000000 0.354545 0.295454 0.255619
d1 0.030000 0.116802 2705.000000 2.000000 0.354545 0.295454 0.255633
d1 0.030000 0.116802 2710.000000 2.000000 0.354545 0.295454 0.255648
d1 0.030000 0.116802 2715.000000 2.000000 0.354545 0.295454 0.255663
d1 0.030000 0.116802 2720.000000 2.000000 0.354545 0.295454 0.255677
d1 0.030000 0.116802 2725.000000 2.000000 0.354545 0.295454 0.255691
d1 0.030000 0.116802 2730.000000 2.000000 0.354545 0.295454 0.255705
d1 0.030000 0.116802 2735.000000 2.000000 0.354545 0.295454 0.255719
d1 0.030000 0.116802 2740.000000 2.000000 0.354545 0.295454 0.255733
d1 0.030000 0.116802 2745.000000 2.000000 0.354545 0.295454 0.255746
d1 0.030000 0.116802 2750.000000 2.000000 0.354545 0.295454 0.255760
d1 0.030000 0.116802 2755.000000 2.000000 0.354545 0.295454 0.255773
d1 0.030000 0.116802 2760.000000 2.000000 0.354545 0.295454 0.255786
d1 0.030000 0.116802 2765.000000 2.000000 0.354545 0.295454 0.255799
d1 0.030000 0.116802 2770.000000 2.000000 0.354545 0.295454 0.255812
d1 0.030000 0.116802 2775.000000 2.000000 0.354545 0.295454 0.255824
d1 0.030000 0.116802 2780.000000 2.000000 0.354545 0.295454 0.255837
d1 0.030000 0.116802 2785.000000 2.000000 0.354545 0.295454 0.255849
d1 0.030000 0.116802 2790.000000 2.000000 0.354545 0.295454 0.255861
d1 0.030000 0.116802 2795.000000 2.000000 0.354545 0.295454 0.255873
d1 0.030000 0.116802 2800.000000 2.000000 0.354545 0.295454 0.255885
d1 0.030000 0.116802 2805.000000 2.000000 0.354545 0.295454 0.255897
d1 0.030000 0.116802 2810.000000 2.000000 0.354545 0.295454 0.255909
d1 0.030000 0.116802 2815.000000 2.000000 0.354545 0.295454 0.255920
d1 0.030000 0.116802 2820.000000 2.000000 0.354545 0.295454 0.255932
d1 0.030000 0.116802 2825.000000 2.000000 0.354545 0.295454 0.255943
d1 0.030000 0.116802 2830.000000 2.000000 0.354545 0.295454 0.255954
d1 0.030000 0.116802 2835.000000 2.000000 0.354545 0.295454 0.255965
d1 0.030000 0.116802 2840.000000 2.000000 0.354545 0.295454 0.255976
d1 0.030000 0.116802 2845.000000 2.000000 0.354545 0.295454 0.255987
d1 0.030000 0.116802 2850.000000 2.000000 0.354545 0.295454 0.255997
d1 0.030000 0.116802 2855.000000 2.000000 0.354545 0.295454 0.256008
d1 0.030000 0.116802 2860.000000 2.000000 0.354545 0.295454 0.256018
d1 0.030000 0.116802 2865.000000 2.000000 0.354545 0.295454 0.256028
d1 0.030000 0.116802 2870.000000 2.000000 0.354545 0.295454 0.256039
d1 0.030000 0.116802 2875.000000 2.000000 0.354545 0.295454 0.256049
d1 0.030000 0.116802 2880.000000 2.000000 0.354545 0.295454 0.256059
d1 0.030000 0.116802 2885.000000 2.000000 0.354545 0.295454 0.256068
d1 0.030000 0.116802 2890.000000 2.000000 0.354545 0.295454 0.256078
d1 0.030000 0.116802 2895.000000 2.000000 0.354545 0.295454 0.256088
d1 0.030000 0.116802 2900.000000 2.000000 0.354545 0.295454 0.256097
d1 0.030000 0.116802 2905.000000 2.000000 0.354545 0.295454 0.256106
d1 0.030000 0.116802 2910.000000 2.000000 0.354545 0.295454 0.256116
d1 0.030000 0.116802 2915.000000 2.000000 0.354545 0.295454 0.256125
d1 0.030000 0.116802 2920.000000 2.000000 0.354545 0.295454 0.256134
d1 0.030000 0.116802 2925.000000 2.000000 0.354545 0.295454 0.256143
d1 0.030000 0.116802 2930.000000 2.000000 0.354545 0.295454 0.256152
d1 0.030000 0.116802 2935.000000 2.000000 0.354545 0.295454 0.256160
d1 0.030000 0.116802 2940.000000 2.000000 0.354545 0.295454 0.256169
d1 0.030000 0.116802 2945.000000 2.000000 0.354545 0.295454 0.256178
d1 0.030000 0.116802 2950.000000 2.000000 0.354545 0.295454 0.256186
d1 0.030000 0.116802 2955.000000 2.000000 0.354545 0.295454 0.256194
d1 0.030000 0.116802 2960.000000 2.000000 0.354545 0.295454 0.256203
d1 0.030000 0.116802 2965.000000 2.000000 0.354545 0.295454 0.256211
d1 0.030000 0.116802 2970.000000 2.000000 0.354545 0.295454 0.256219
d1 0.030000 0.116802 2975.000000 2.000000 0.354545 0.295454 0.256227
d1 0.030000 0.116802 2980.000000 2.000000 0.354545 0.295454 0.256235
d1 0.030000 0.116802 2985.000000 2.000000 0.354545 0.295454 0.256243
d1 0.030000 0.116802 2990.000000 2.000000 0.354545 0.295454 0.256250
d1 0.030000 0.116802 2995.000000 2.000000 0.354545 0.295454 0.256258
d1 0.030000 0.116802 3000.000000 2.000000 0.354545 0.295454 0.256265
d1 0.030000 0.116802 3005.000000 2.000000 0.354545 0.295454 0.256273
d1 0.030000 0.116802 3010.000000 2.000000 0.354545 0.295454 0.256280
d1 0.030000 0.116802 3015.000000 2.000000 0.354545 0.295454 0.256288
d1 0.030000 0.116802 3020.000000 2.000000 0.354545 0.295454 0.256295
d1 0.030000 0.116802 3025.000000 2.000000 0.354545 0.295454 0.256302
d1 0.030000 0.116802 3030.000000 2.000000 0.354545 0.295454 0.256309
d1 0.030000 0.116802 3035.000000 2.000000 0.354545 0.295454 0.256316
d1 0.030000 0.116802 3040.000000 2.000000 0.354545 0.295454 0.256323
d1 0.030000 0.116802 3045.000000 2.000000 0.354545 0.295454 0.256329
d1 0.030000 0.116802 3050.000000 2.000000 0.354545 0.295454 0.256336
d1 0.030000 0.116802 3055.000000 2.000000 0.354545 0.295454 0.256343
d1 0.030000 0.116802 3060.000000 2.000000 0.354545 0.295454 0.256349
d1 0.030000 0.116802 3065.000000 2.000000 0.354545 0.295454 0.256356
d1 0.030000 0.116802 3070.000000 2.000000 0.354545 0.295454 0.256362
d1 0.030000 0.116802 3075.000000 2.000000 0.354545 0.295454 0.256369
d1 0.030000 0.116802 3080.000000 2.000000 0.354545 0.295454 0.256375
d1 0.030000 0.116802 3085.000000 2.000000 0.354545 0.295454 0.256381
d1 0.030000 0.116802 3090.000000 2.000000 0.354545 0.295454 0.256387
d1 0.030000 0.116802 3095.000000 2.000000 0.354545 0.295454 0.256393
d1 0.030000 0.116802 3100.000000 2.000000 0.354545 0.295454 0.256399
d1 0.030000 0.116802 3105.000000 2.000000 0.354545 0.295454 0.256405
d1 0.030000 0.116802 3110.000000 2.000000 0.354545 0.295454 0.256411
d1 0.030000 0.116802 3115.000000 2.000000 0.354545 0.295454 0.256417
d1 0.030000 0.116802 3120.000000 2.000000 0.354545 0.295454 0.256422
d1 0.030000 0.116802 3125.000000 2.000000 0.354545 0.295454 0.256428
d1 0.030000 0.116802 3130.000000 2.000000 0.354545 0.295454 0.256434
d1 0.030000 0.116802 3135.000000 2.000000 0.354545 0.295454 0.256439
d1 0.030000 0.116802 3140.000000 2.000000 0.354545 0.295454 0.256445
d1 0.030000 0.116802 3145.000000 2.000000 0.354545 0.295454 0.256450
d1 0.030000 0.116802 3150.000000 2.000000 0.354545 0.295454 0.256455
d1 0.030000 0.116802 3155.000000 2.000000 0.354545 0.295454 0.256461
d1 0.030000 0.116802 3160.000000 2.000000 0.354545 0.295454 0.256466
d1 0.030000 0.116802 3165.000000 2.000000 0.354545 0.295454 0.256471
d1 0.030000 0.116802 3170.000000 2.000000 0.354545 0.295454 0.256476
d1 0.030000 0.116802 3175.000000 2.000000 0.354545 0.295454 0.256481
d1 0.030000 0.116802 3180.000000 2.000000 0.354545 0.295454 0.256486
d1 0.030000 0.116802 3185.000000 2.000000 0.354545 0.295454 0.256491
d1 0.030000 0.116802 3190.000000 2.000000 0.354545 0.295454 0.256496
d1 0.030000 0.116802 3195.000000 2.000000 0.354545 0.295454 0.256501
d1 0.030000 0.116802 3200.000000 2.000000 0.354545 0.295454 0.256505
d1 0.030000 0.116802 3205.000000 2.000000 0.354545 0.295454 0.256510
d1 0.030000 0.116802 3210.000000 2.000000 0.354545 0.295454 0.256515
d1 0.030000 0.116802 3215.000000 2.000000 0.354545 0.295454 0.256519
d1 0.030000 0.116802 3220.000000 2.000000 0.354545 0.295454 0.256524
d1 0.030000 0.116802 3225.000000 2.000000 0.354545 0.295454 0.256528
d1 0.030000 0.116802 3230.000000 2.000000 0.354545 0.295454 0.256533
d1 0.030000 0.116802 3235.000000 2.000000 0.354545 0.295454 0.256537
d1 0.030000 0.116802 3240.000000 2.000000 0.354545 0.295454 0.256542
d1 0.030000 0.116802 3245.000000 2.000000 0.354545 0.295454 0.256546
d1 0.030000 0.116802 3250.000000 2.000000 0.354545 0.295454 0.256550
d1 0.030000 0.116802 3255.000000 2.000000 0.354545 0.295454 0.256554
d1 0.030000 0.116802 3260.000000 2.000000 0.354545 0.295454 0.256558
d1 0.030000 0.116802 3265.000000 2.000000 0.354545 0.295454 0.256562
d1 0.030000 0.116802 3270.000000 2.000000 0.354545 0.295454 0.256567
d1 0.030000 0.116802 3275.000000 2.000000 0.354545 0.295454 0.256571
d1 0.030000 0.116802 3280.000000 2.000000 0.354545 0.295454 0.256574
d1 0.030000 0.116802 3285.000000 2.000000 0.354545 0.295454 0.256578
d1 0.030000 0.116802 3290.000000 2.000000 0.354545 0.295454 0.256582
d1 0.030000 0.116802 3295.000000 2.000000 0.354545 0.295454 0.256586
d1 0.030000 0.116802 3300.000000 2.000000 0.354545 0.295454 0.256590
d1 0.030000 0.116802 3305.000000 2.000000 0.354545 0.295454 0.256594
d1 0.030000 0.116802 3310.000000 2.000000 0.354545 0.295454 0.256597
d1 0.030000 0.116802 3315.000000 2.000000 0.354545 0.295454 0.256601
d1 0.030000 0.116802 3320.000000 2.000000 0.354545 0.295454 0.256605
d1 0.030000 0.116802 3325.000000 2.000000 0.354545 0.295454 0.256608
d1 0.030000 0.116802 3330.000000 2.000000 0.354545 0.295454 0.256612
d1 0.030000 0.116802 3335.000000 2.000000 0.354545 0.295454 0.256615
d1 0.030000 0.116802 3340.000000 2.000000 0.354545 0.295454 0.256619
d1 0.030000 0.116802 3345.000000 2.000000 0.354545 0.295454 0.256622
d1 0.030000 0.116802 3350.000000 2.000000 0.354545 0.295454 0.256625
d1 0.030000 0.116802 3355.000000 2.000000 0.354545 0.295454 0.256629
d1 0.030000 0.116802 3360.000000 2.000000 0.354545 0.295454 0.256632
d1 0.030000 0.116802 3365.000000 2.000000 0.354545 0.295454 0.256635
d1 0.030000 0.116802 3370.000000 2.000000 0.354545 0.295454 0.256638
d1 0.030000 0.116802 3375.000000 2.000000 0.354545 0.295454 0.256642
d1 0.030000 0.116802 3380.000000 2.000000 0.354545 0.295454 0.256645
d1 0.030000 0.116802 3385.000000 2.000000 0.354545 0.295454 0.256648
d1 0.030000 0.116802 3390.000000 2.000000 0.354545 0.295454 0.256651
d1 0.030000 0.116802 3395.000000 2.000000 0.354545 0.295454 0.256654
d1 0.030000 0.116802 3400.000000 2.000000 0.354545 0.295454 0.256657
d1 0.030000 0.116802 3405.000000 2.000000 0.354545 0.295454 0.256660
d1 0.030000 0.116802 3410.000000 2.000000 0.354545 0.295454 0.256663
d1 0.030000 0.116802 3415.000000 2.000000 0.354545 0.295454 0.256666
d1 0.030000 0.116802 3420.000000 2.000000 0.354545 0.295454 0.256669
d1 0.030000 0.116802 3425.000000 2.000000 0.354545 0.295454 0.256671
d1 0.030000 0.116802 3430.000000 2.000000 0.354545 0.295454 0.256674
d1 0.030000 0.116802 3435.000000 2.000000 0.354545 0.295454 0.256677
d1 0.030000 0.116802 3440.000000 2.000000 0.354545 0.295454 0.256680
d1 0.030000 0.116802 3445.000000 2.000000 0.354545 0.295454 0.256682
d1 0.030000 0.116802 3450.000000 2.000000 0.354545 0.295454 0.256685
d1 0.030000 0.116802 3455.000000 2.000000 0.354545 0.295454 0.256688
d1 0.030000 0.116802 3460.000000 2.000000 0.354545 0.295454 0.256690
d1 0.030000 0.116802 3465.000000 2.000000 0.354545 0.295454 0.256693
d1 0.030000 0.116802 3470.000000 2.000000 0.354545 0.295454 0.256695
d1 0.030000 0.116802 3475.000000 2.000000 0.354545 0.295454 0.256698
d1 0.030000 0.116802 3480.000000 2.000000 0.354545 0.295454 0.256700
d1 0.030000 0.116802 3485.000000 2.000000 0.354545 0.295454 0.256703
d1 0.030000 0.116802 3490.000000 2.000000 0.354545 0.295454 0.256705
d1 0.030000 0.116802 3495.000000 2.000000 0.354545 0.295454 0.256708
d1 0.030000 0.116802 3500.000000 2.000000 0.354545 0.295454 0.256710
d1 0.030000 0.116802 3505.000000 2.000000 0.354545 0.295454 0.256713
d1 0.030000 0.116802 3510.000000 2.000000 0.354545 0.295454 0.256715
d1 0.030000 0.116802 3515.000000 2.000000 0.354545 0.295454 0.256717
d1 0.030000 0.116802 3520.000000 2.000000 0.354545 0.295454 0.256719
d1 0.030000 0.116802 3525.000000 2.000000 0.354545 0.295454 0.256722
d1 0.030000 0.116802 3530.000000 2.000000 0.354545 0.295454 0.256724
d1 0.030000 0.116802 3535.000000 2.000000 0.354545 0.295454 0.256726
d1 0.030000 0.116802 3540.000000 2.000000 0.354545 0.295454 0.256728
d1 0.030000 0.116802 3545.000000 2.000000 0.354545 0.295454 0.256730
d1 0.030000 0.116802 3550.000000 2.000000 0.354545 0.295454 0.256733
d1 0.030000 0.116802 3555.000000 2.000000 0.354545 0.295454 0.256735
d1 0.030000 0.116802 3560.000000 2.000000 0.354545 0.295454 0.256737
d1 0.030000 0.116802 3565.000000 2.000000 0.354545 0.295454 0.256739
d1 0.030000 0.116802 3570.000000 2.000000 0.354545 0.295454 0.256741
d1 0.030000 0.116802 3575.000000 2.000000 0.354545 0.295454 0.256743
d1 0.030000 0.116802 3580.000000 2.000000 0.354545 0.295454 0.256745
d1 0.030000 0.116802 3585.000000 2.000000 0.354545 0.295454 0.256747
d1 0.030000 0.116802 3590.000000 2.000000 0.354545 0.295454 0.256749
d1 0.030000 0.116802 3595.000000 2.000000 0.354545 0.295454 0.256751
d1 0.030000 0.116802 3600.000000 2.000000 0.354545 0.295454 0.256753
