HEADER DATE 31-Jul-2017 19:31:49
HEADER RANDSEED 1741981291
Param True_Value Sim_Value Sim_Time Input mRNA foldedP fluo
Vm1 0.041400 0.061151 0.000000 0.000000 0.001104 0.000920 0.000800
Vm1 0.041400 0.061151 5.000000 0.000000 0.001104 0.000920 0.000800
Vm1 0.041400 0.061151 10.000000 0.000000 0.001104 0.000920 0.000800
Vm1 0.041400 0.061151 15.000000 0.000000 0.001104 0.000920 0.000800
Vm1 0.041400 0.061151 20.000000 0.000000 0.001104 0.000920 0.000800
Vm1 0.041400 0.061151 25.000000 0.000000 0.001104 0.000920 0.000800
Vm1 0.041400 0.061151 30.000000 0.000000 0.001104 0.000920 0.000800
Vm1 0.041400 0.061151 35.000000 0.000000 0.001104 0.000920 0.000800
Vm1 0.041400 0.061151 40.000000 0.000000 0.001104 0.000920 0.000800
Vm1 0.041400 0.061151 45.000000 0.000000 0.001104 0.000920 0.000800
Vm1 0.041400 0.061151 50.000000 0.000000 0.001104 0.000920 0.000800
Vm1 0.041400 0.061151 55.000000 0.000000 0.001104 0.000920 0.000800
Vm1 0.041400 0.061151 60.000000 0.000000 0.001104 0.000920 0.000800
Vm1 0.041400 0.061151 65.000000 0.000000 0.001104 0.000920 0.000800
Vm1 0.041400 0.061151 70.000000 0.000000 0.001104 0.000920 0.000800
Vm1 0.041400 0.061151 75.000000 0.000000 0.001104 0.000920 0.000800
Vm1 0.041400 0.061151 80.000000 0.000000 0.001104 0.000920 0.000800
Vm1 0.041400 0.061151 85.000000 0.000000 0.001104 0.000920 0.000800
Vm1 0.041400 0.061151 90.000000 0.000000 0.001104 0.000920 0.000800
Vm1 0.041400 0.061151 95.000000 0.000000 0.001104 0.000920 0.000800
Vm1 0.041400 0.061151 100.000000 0.000000 0.001104 0.000920 0.000800
Vm1 0.041400 0.061151 105.000000 0.000000 0.001104 0.000920 0.000800
Vm1 0.041400 0.061151 110.000000 0.000000 0.001104 0.000920 0.000800
Vm1 0.041400 0.061151 115.000000 0.000000 0.001104 0.000920 0.000800
Vm1 0.041400 0.061151 120.000000 0.000000 0.001104 0.000920 0.000800
Vm1 0.041400 0.061151 125.000000 0.000000 0.001104 0.000920 0.000800
Vm1 0.041400 0.061151 130.000000 0.000000 0.001104 0.000920 0.000800
Vm1 0.041400 0.061151 135.000000 0.000000 0.001104 0.000920 0.000800
Vm1 0.041400 0.061151 140.000000 0.000000 0.001104 0.000920 0.000800
Vm1 0.041400 0.061151 145.000000 0.000000 0.001104 0.000920 0.000800
Vm1 0.041400 0.061151 150.000000 0.000000 0.001104 0.000920 0.000800
Vm1 0.041400 0.061151 155.000000 0.000000 0.001104 0.000920 0.000800
Vm1 0.041400 0.061151 160.000000 0.000000 0.001104 0.000920 0.000800
Vm1 0.041400 0.061151 165.000000 0.000000 0.001104 0.000920 0.000800
Vm1 0.041400 0.061151 170.000000 0.000000 0.001104 0.000920 0.000800
Vm1 0.041400 0.061151 175.000000 0.000000 0.001104 0.000920 0.000800
Vm1 0.041400 0.061151 180.000000 0.000000 0.001104 0.000920 0.000800
Vm1 0.041400 0.061151 185.000000 0.000000 0.001104 0.000920 0.000800
Vm1 0.041400 0.061151 190.000000 0.000000 0.001104 0.000920 0.000800
Vm1 0.041400 0.061151 195.000000 0.000000 0.001104 0.000920 0.000800
Vm1 0.041400 0.061151 200.000000 0.000000 0.001104 0.000920 0.000800
Vm1 0.041400 0.061151 205.000000 0.000000 0.001104 0.000920 0.000800
Vm1 0.041400 0.061151 210.000000 0.000000 0.001104 0.000920 0.000800
Vm1 0.041400 0.061151 215.000000 0.000000 0.001104 0.000920 0.000800
Vm1 0.041400 0.061151 220.000000 0.000000 0.001104 0.000920 0.000800
Vm1 0.041400 0.061151 225.000000 0.000000 0.001104 0.000920 0.000800
Vm1 0.041400 0.061151 230.000000 0.000000 0.001104 0.000920 0.000800
Vm1 0.041400 0.061151 235.000000 0.000000 0.001104 0.000920 0.000800
Vm1 0.041400 0.061151 240.000000 0.000000 0.001104 0.000920 0.000800
Vm1 0.041400 0.061151 245.000000 0.000000 0.001104 0.000920 0.000800
Vm1 0.041400 0.061151 250.000000 0.000000 0.001104 0.000920 0.000800
Vm1 0.041400 0.061151 255.000000 0.000000 0.001104 0.000920 0.000800
Vm1 0.041400 0.061151 260.000000 0.000000 0.001104 0.000920 0.000800
Vm1 0.041400 0.061151 265.000000 0.000000 0.001104 0.000920 0.000800
Vm1 0.041400 0.061151 270.000000 0.000000 0.001104 0.000920 0.000800
Vm1 0.041400 0.061151 275.000000 0.000000 0.001104 0.000920 0.000800
Vm1 0.041400 0.061151 280.000000 0.000000 0.001104 0.000920 0.000800
Vm1 0.041400 0.061151 285.000000 0.000000 0.001104 0.000920 0.000800
Vm1 0.041400 0.061151 290.000000 0.000000 0.001104 0.000920 0.000800
Vm1 0.041400 0.061151 295.000000 0.000000 0.001104 0.000920 0.000800
Vm1 0.041400 0.061151 300.000000 2.000000 0.001104 0.000920 0.000800
Vm1 0.041400 0.061151 305.000000 2.000000 0.284885 0.008047 0.000824
Vm1 0.041400 0.061151 310.000000 2.000000 0.529138 0.027538 0.000983
Vm1 0.041400 0.061151 315.000000 2.000000 0.739368 0.056892 0.001384
Vm1 0.041400 0.061151 320.000000 2.000000 0.920315 0.094005 0.002113
Vm1 0.041400 0.061151 325.000000 2.000000 1.076058 0.137104 0.003234
Vm1 0.041400 0.061151 330.000000 2.000000 1.210107 0.184706 0.004794
Vm1 0.041400 0.061151 335.000000 2.000000 1.325483 0.235573 0.006827
Vm1 0.041400 0.061151 340.000000 2.000000 1.424789 0.288674 0.009354
Vm1 0.041400 0.061151 345.000000 2.000000 1.510262 0.343154 0.012388
Vm1 0.041400 0.061151 350.000000 2.000000 1.583829 0.398310 0.015933
Vm1 0.041400 0.061151 355.000000 2.000000 1.647149 0.453567 0.019986
Vm1 0.041400 0.061151 360.000000 2.000000 1.701649 0.508457 0.024541
Vm1 0.041400 0.061151 365.000000 2.000000 1.748558 0.562606 0.029586
Vm1 0.041400 0.061151 370.000000 2.000000 1.788932 0.615713 0.035107
Vm1 0.041400 0.061151 375.000000 2.000000 1.823683 0.667545 0.041087
Vm1 0.041400 0.061151 380.000000 2.000000 1.853593 0.717924 0.047507
Vm1 0.041400 0.061151 385.000000 2.000000 1.879336 0.766717 0.054346
Vm1 0.041400 0.061151 390.000000 2.000000 1.901494 0.813827 0.061584
Vm1 0.041400 0.061151 395.000000 2.000000 1.920566 0.859191 0.069199
Vm1 0.041400 0.061151 400.000000 2.000000 1.936981 0.902772 0.077169
Vm1 0.041400 0.061151 405.000000 2.000000 1.951109 0.944555 0.085472
Vm1 0.041400 0.061151 410.000000 2.000000 1.963270 0.984540 0.094087
Vm1 0.041400 0.061151 415.000000 2.000000 1.973737 1.022744 0.102992
Vm1 0.041400 0.061151 420.000000 2.000000 1.982746 1.059195 0.112166
Vm1 0.041400 0.061151 425.000000 2.000000 1.990500 1.093929 0.121589
Vm1 0.041400 0.061151 430.000000 2.000000 1.997174 1.126989 0.131242
Vm1 0.041400 0.061151 435.000000 2.000000 2.002918 1.158425 0.141104
Vm1 0.041400 0.061151 440.000000 2.000000 2.007862 1.188289 0.151159
Vm1 0.041400 0.061151 445.000000 2.000000 2.012118 1.216636 0.161388
Vm1 0.041400 0.061151 450.000000 2.000000 2.015781 1.243523 0.171774
Vm1 0.041400 0.061151 455.000000 2.000000 2.018933 1.269010 0.182302
Vm1 0.041400 0.061151 460.000000 2.000000 2.021647 1.293155 0.192956
Vm1 0.041400 0.061151 465.000000 2.000000 2.023982 1.316016 0.203722
Vm1 0.041400 0.061151 470.000000 2.000000 2.025993 1.337651 0.214587
Vm1 0.041400 0.061151 475.000000 2.000000 2.027723 1.358116 0.225536
Vm1 0.041400 0.061151 480.000000 2.000000 2.029212 1.377467 0.236558
Vm1 0.041400 0.061151 485.000000 2.000000 2.030494 1.395759 0.247641
Vm1 0.041400 0.061151 490.000000 2.000000 2.031597 1.413043 0.258774
Vm1 0.041400 0.061151 495.000000 2.000000 2.032547 1.429370 0.269946
Vm1 0.041400 0.061151 500.000000 2.000000 2.033364 1.444789 0.281149
Vm1 0.041400 0.061151 505.000000 2.000000 2.034067 1.459347 0.292373
Vm1 0.041400 0.061151 510.000000 2.000000 2.034673 1.473089 0.303609
Vm1 0.041400 0.061151 515.000000 2.000000 2.035194 1.486058 0.314849
Vm1 0.041400 0.061151 520.000000 2.000000 2.035642 1.498295 0.326086
Vm1 0.041400 0.061151 525.000000 2.000000 2.036028 1.509840 0.337312
Vm1 0.041400 0.061151 530.000000 2.000000 2.036361 1.520729 0.348522
Vm1 0.041400 0.061151 535.000000 2.000000 2.036647 1.531000 0.359709
Vm1 0.041400 0.061151 540.000000 2.000000 2.036893 1.540685 0.370867
Vm1 0.041400 0.061151 545.000000 2.000000 2.037105 1.549817 0.381991
Vm1 0.041400 0.061151 550.000000 2.000000 2.037287 1.558427 0.393076
Vm1 0.041400 0.061151 555.000000 2.000000 2.037444 1.566544 0.404117
Vm1 0.041400 0.061151 560.000000 2.000000 2.037579 1.574195 0.415111
Vm1 0.041400 0.061151 565.000000 2.000000 2.037696 1.581407 0.426053
Vm1 0.041400 0.061151 570.000000 2.000000 2.037796 1.588204 0.436939
Vm1 0.041400 0.061151 575.000000 2.000000 2.037882 1.594610 0.447766
Vm1 0.041400 0.061151 580.000000 2.000000 2.037956 1.600646 0.458531
Vm1 0.041400 0.061151 585.000000 2.000000 2.038020 1.606335 0.469232
Vm1 0.041400 0.061151 590.000000 2.000000 2.038075 1.611695 0.479865
Vm1 0.041400 0.061151 595.000000 2.000000 2.038122 1.616745 0.490428
Vm1 0.041400 0.061151 600.000000 2.000000 2.038163 1.621503 0.500919
Vm1 0.041400 0.061151 605.000000 2.000000 2.038198 1.625986 0.511336
Vm1 0.041400 0.061151 610.000000 2.000000 2.038228 1.630210 0.521678
Vm1 0.041400 0.061151 615.000000 2.000000 2.038254 1.634189 0.531941
Vm1 0.041400 0.061151 620.000000 2.000000 2.038276 1.637937 0.542126
Vm1 0.041400 0.061151 625.000000 2.000000 2.038295 1.641468 0.552231
Vm1 0.041400 0.061151 630.000000 2.000000 2.038312 1.644794 0.562254
Vm1 0.041400 0.061151 635.000000 2.000000 2.038326 1.647928 0.572195
Vm1 0.041400 0.061151 640.000000 2.000000 2.038338 1.650879 0.582052
Vm1 0.041400 0.061151 645.000000 2.000000 2.038349 1.653659 0.591825
Vm1 0.041400 0.061151 650.000000 2.000000 2.038358 1.656278 0.601513
Vm1 0.041400 0.061151 655.000000 2.000000 2.038366 1.658745 0.611115
Vm1 0.041400 0.061151 660.000000 2.000000 2.038373 1.661068 0.620632
Vm1 0.041400 0.061151 665.000000 2.000000 2.038378 1.663256 0.630062
Vm1 0.041400 0.061151 670.000000 2.000000 2.038383 1.665318 0.639406
Vm1 0.041400 0.061151 675.000000 2.000000 2.038388 1.667259 0.648662
Vm1 0.041400 0.061151 680.000000 2.000000 2.038391 1.669087 0.657831
Vm1 0.041400 0.061151 685.000000 2.000000 2.038395 1.670810 0.666914
Vm1 0.041400 0.061151 690.000000 2.000000 2.038397 1.672432 0.675909
Vm1 0.041400 0.061151 695.000000 2.000000 2.038400 1.673959 0.684816
Vm1 0.041400 0.061151 700.000000 2.000000 2.038402 1.675398 0.693637
Vm1 0.041400 0.061151 705.000000 2.000000 2.038404 1.676753 0.702371
Vm1 0.041400 0.061151 710.000000 2.000000 2.038405 1.678030 0.711018
Vm1 0.041400 0.061151 715.000000 2.000000 2.038406 1.679232 0.719578
Vm1 0.041400 0.061151 720.000000 2.000000 2.038407 1.680364 0.728052
Vm1 0.041400 0.061151 725.000000 2.000000 2.038408 1.681430 0.736440
Vm1 0.041400 0.061151 730.000000 2.000000 2.038409 1.682434 0.744743
Vm1 0.041400 0.061151 735.000000 2.000000 2.038410 1.683380 0.752960
Vm1 0.041400 0.061151 740.000000 2.000000 2.038411 1.684271 0.761092
Vm1 0.041400 0.061151 745.000000 2.000000 2.038411 1.685110 0.769140
Vm1 0.041400 0.061151 750.000000 2.000000 2.038412 1.685900 0.777105
Vm1 0.041400 0.061151 755.000000 2.000000 2.038412 1.686644 0.784985
Vm1 0.041400 0.061151 760.000000 2.000000 2.038412 1.687345 0.792783
Vm1 0.041400 0.061151 765.000000 2.000000 2.038413 1.688004 0.800498
Vm1 0.041400 0.061151 770.000000 2.000000 2.038413 1.688626 0.808132
Vm1 0.041400 0.061151 775.000000 2.000000 2.038413 1.689211 0.815684
Vm1 0.041400 0.061151 780.000000 2.000000 2.038413 1.689763 0.823155
Vm1 0.041400 0.061151 785.000000 2.000000 2.038413 1.690282 0.830547
Vm1 0.041400 0.061151 790.000000 2.000000 2.038414 1.690771 0.837859
Vm1 0.041400 0.061151 795.000000 2.000000 2.038414 1.691231 0.845092
Vm1 0.041400 0.061151 800.000000 2.000000 2.038414 1.691665 0.852246
Vm1 0.041400 0.061151 805.000000 2.000000 2.038414 1.692073 0.859324
Vm1 0.041400 0.061151 810.000000 2.000000 2.038414 1.692458 0.866324
Vm1 0.041400 0.061151 815.000000 2.000000 2.038414 1.692820 0.873248
Vm1 0.041400 0.061151 820.000000 2.000000 2.038414 1.693161 0.880096
Vm1 0.041400 0.061151 825.000000 2.000000 2.038414 1.693483 0.886869
Vm1 0.041400 0.061151 830.000000 2.000000 2.038414 1.693785 0.893568
Vm1 0.041400 0.061151 835.000000 2.000000 2.038414 1.694070 0.900193
Vm1 0.041400 0.061151 840.000000 2.000000 2.038414 1.694338 0.906745
Vm1 0.041400 0.061151 845.000000 2.000000 2.038414 1.694591 0.913225
Vm1 0.041400 0.061151 850.000000 2.000000 2.038414 1.694829 0.919633
Vm1 0.041400 0.061151 855.000000 2.000000 2.038414 1.695053 0.925970
Vm1 0.041400 0.061151 860.000000 2.000000 2.038414 1.695264 0.932237
Vm1 0.041400 0.061151 865.000000 2.000000 2.038414 1.695463 0.938434
Vm1 0.041400 0.061151 870.000000 2.000000 2.038414 1.695650 0.944562
Vm1 0.041400 0.061151 875.000000 2.000000 2.038414 1.695827 0.950622
Vm1 0.041400 0.061151 880.000000 2.000000 2.038414 1.695993 0.956615
Vm1 0.041400 0.061151 885.000000 2.000000 2.038414 1.696149 0.962540
Vm1 0.041400 0.061151 890.000000 2.000000 2.038414 1.696296 0.968399
Vm1 0.041400 0.061151 895.000000 2.000000 2.038414 1.696435 0.974193
Vm1 0.041400 0.061151 900.000000 2.000000 2.038414 1.696566 0.979922
Vm1 0.041400 0.061151 905.000000 2.000000 2.038414 1.696689 0.985586
Vm1 0.041400 0.061151 910.000000 2.000000 2.038414 1.696805 0.991187
Vm1 0.041400 0.061151 915.000000 2.000000 2.038414 1.696914 0.996725
Vm1 0.041400 0.061151 920.000000 2.000000 2.038414 1.697017 1.002201
Vm1 0.041400 0.061151 925.000000 2.000000 2.038414 1.697113 1.007615
Vm1 0.041400 0.061151 930.000000 2.000000 2.038414 1.697204 1.012969
Vm1 0.041400 0.061151 935.000000 2.000000 2.038414 1.697290 1.018261
Vm1 0.041400 0.061151 940.000000 2.000000 2.038414 1.697371 1.023495
Vm1 0.041400 0.061151 945.000000 2.000000 2.038414 1.697447 1.028669
Vm1 0.041400 0.061151 950.000000 2.000000 2.038414 1.697519 1.033784
Vm1 0.041400 0.061151 955.000000 2.000000 2.038414 1.697587 1.038842
Vm1 0.041400 0.061151 960.000000 2.000000 2.038414 1.697650 1.043843
Vm1 0.041400 0.061151 965.000000 2.000000 2.038414 1.697710 1.048787
Vm1 0.041400 0.061151 970.000000 2.000000 2.038414 1.697766 1.053675
Vm1 0.041400 0.061151 975.000000 2.000000 2.038414 1.697820 1.058508
Vm1 0.041400 0.061151 980.000000 2.000000 2.038414 1.697870 1.063286
Vm1 0.041400 0.061151 985.000000 2.000000 2.038414 1.697917 1.068010
Vm1 0.041400 0.061151 990.000000 2.000000 2.038414 1.697961 1.072680
Vm1 0.041400 0.061151 995.000000 2.000000 2.038414 1.698003 1.077298
Vm1 0.041400 0.061151 1000.000000 2.000000 2.038414 1.698042 1.081863
Vm1 0.041400 0.061151 1005.000000 2.000000 2.038414 1.698079 1.086376
Vm1 0.041400 0.061151 1010.000000 2.000000 2.038414 1.698114 1.090838
Vm1 0.041400 0.061151 1015.000000 2.000000 2.038414 1.698147 1.095249
Vm1 0.041400 0.061151 1020.000000 2.000000 2.038414 1.698178 1.099610
Vm1 0.041400 0.061151 1025.000000 2.000000 2.038414 1.698207 1.103922
Vm1 0.041400 0.061151 1030.000000 2.000000 2.038414 1.698235 1.108184
Vm1 0.041400 0.061151 1035.000000 2.000000 2.038414 1.698260 1.112399
Vm1 0.041400 0.061151 1040.000000 2.000000 2.038414 1.698285 1.116565
Vm1 0.041400 0.061151 1045.000000 2.000000 2.038414 1.698308 1.120683
Vm1 0.041400 0.061151 1050.000000 2.000000 2.038414 1.698329 1.124755
Vm1 0.041400 0.061151 1055.000000 2.000000 2.038414 1.698350 1.128781
Vm1 0.041400 0.061151 1060.000000 2.000000 2.038414 1.698369 1.132761
Vm1 0.041400 0.061151 1065.000000 2.000000 2.038414 1.698387 1.136695
Vm1 0.041400 0.061151 1070.000000 2.000000 2.038414 1.698404 1.140584
Vm1 0.041400 0.061151 1075.000000 2.000000 2.038414 1.698420 1.144430
Vm1 0.041400 0.061151 1080.000000 2.000000 2.038414 1.698435 1.148231
Vm1 0.041400 0.061151 1085.000000 2.000000 2.038414 1.698449 1.151989
Vm1 0.041400 0.061151 1090.000000 2.000000 2.038414 1.698462 1.155705
Vm1 0.041400 0.061151 1095.000000 2.000000 2.038414 1.698475 1.159377
Vm1 0.041400 0.061151 1100.000000 2.000000 2.038414 1.698487 1.163009
Vm1 0.041400 0.061151 1105.000000 2.000000 2.038414 1.698498 1.166598
Vm1 0.041400 0.061151 1110.000000 2.000000 2.038414 1.698509 1.170147
Vm1 0.041400 0.061151 1115.000000 2.000000 2.038414 1.698518 1.173655
Vm1 0.041400 0.061151 1120.000000 2.000000 2.038414 1.698528 1.177123
Vm1 0.041400 0.061151 1125.000000 2.000000 2.038414 1.698536 1.180552
Vm1 0.041400 0.061151 1130.000000 2.000000 2.038414 1.698545 1.183942
Vm1 0.041400 0.061151 1135.000000 2.000000 2.038414 1.698553 1.187292
Vm1 0.041400 0.061151 1140.000000 2.000000 2.038414 1.698560 1.190605
Vm1 0.041400 0.061151 1145.000000 2.000000 2.038414 1.698567 1.193880
Vm1 0.041400 0.061151 1150.000000 2.000000 2.038414 1.698573 1.197117
Vm1 0.041400 0.061151 1155.000000 2.000000 2.038414 1.698579 1.200318
Vm1 0.041400 0.061151 1160.000000 2.000000 2.038414 1.698585 1.203482
Vm1 0.041400 0.061151 1165.000000 2.000000 2.038414 1.698591 1.206610
Vm1 0.041400 0.061151 1170.000000 2.000000 2.038414 1.698596 1.209702
Vm1 0.041400 0.061151 1175.000000 2.000000 2.038414 1.698601 1.212758
Vm1 0.041400 0.061151 1180.000000 2.000000 2.038414 1.698605 1.215780
Vm1 0.041400 0.061151 1185.000000 2.000000 2.038414 1.698609 1.218768
Vm1 0.041400 0.061151 1190.000000 2.000000 2.038414 1.698613 1.221721
Vm1 0.041400 0.061151 1195.000000 2.000000 2.038414 1.698617 1.224641
Vm1 0.041400 0.061151 1200.000000 2.000000 2.038414 1.698621 1.227527
Vm1 0.041400 0.061151 1205.000000 2.000000 2.038414 1.698624 1.230380
Vm1 0.041400 0.061151 1210.000000 2.000000 2.038414 1.698627 1.233201
Vm1 0.041400 0.061151 1215.000000 2.000000 2.038414 1.698630 1.235989
Vm1 0.041400 0.061151 1220.000000 2.000000 2.038414 1.698633 1.238746
Vm1 0.041400 0.061151 1225.000000 2.000000 2.038414 1.698636 1.241471
Vm1 0.041400 0.061151 1230.000000 2.000000 2.038414 1.698638 1.244165
Vm1 0.041400 0.061151 1235.000000 2.000000 2.038414 1.698641 1.246828
Vm1 0.041400 0.061151 1240.000000 2.000000 2.038414 1.698643 1.249460
Vm1 0.041400 0.061151 1245.000000 2.000000 2.038414 1.698645 1.252063
Vm1 0.041400 0.061151 1250.000000 2.000000 2.038414 1.698647 1.254636
Vm1 0.041400 0.061151 1255.000000 2.000000 2.038414 1.698649 1.257180
Vm1 0.041400 0.061151 1260.000000 2.000000 2.038414 1.698650 1.259694
Vm1 0.041400 0.061151 1265.000000 2.000000 2.038414 1.698652 1.262180
Vm1 0.041400 0.061151 1270.000000 2.000000 2.038414 1.698654 1.264637
Vm1 0.041400 0.061151 1275.000000 2.000000 2.038414 1.698655 1.267066
Vm1 0.041400 0.061151 1280.000000 2.000000 2.038414 1.698656 1.269468
Vm1 0.041400 0.061151 1285.000000 2.000000 2.038414 1.698658 1.271842
Vm1 0.041400 0.061151 1290.000000 2.000000 2.038414 1.698659 1.274189
Vm1 0.041400 0.061151 1295.000000 2.000000 2.038414 1.698660 1.276509
Vm1 0.041400 0.061151 1300.000000 2.000000 2.038414 1.698661 1.278802
Vm1 0.041400 0.061151 1305.000000 2.000000 2.038414 1.698662 1.281070
Vm1 0.041400 0.061151 1310.000000 2.000000 2.038414 1.698663 1.283311
Vm1 0.041400 0.061151 1315.000000 2.000000 2.038414 1.698664 1.285527
Vm1 0.041400 0.061151 1320.000000 2.000000 2.038414 1.698665 1.287717
Vm1 0.041400 0.061151 1325.000000 2.000000 2.038414 1.698665 1.289883
Vm1 0.041400 0.061151 1330.000000 2.000000 2.038414 1.698666 1.292023
Vm1 0.041400 0.061151 1335.000000 2.000000 2.038414 1.698667 1.294140
Vm1 0.041400 0.061151 1340.000000 2.000000 2.038414 1.698667 1.296232
Vm1 0.041400 0.061151 1345.000000 2.000000 2.038414 1.698668 1.298300
Vm1 0.041400 0.061151 1350.000000 2.000000 2.038414 1.698669 1.300344
Vm1 0.041400 0.061151 1355.000000 2.000000 2.038414 1.698669 1.302365
Vm1 0.041400 0.061151 1360.000000 2.000000 2.038414 1.698670 1.304363
Vm1 0.041400 0.061151 1365.000000 2.000000 2.038414 1.698670 1.306338
Vm1 0.041400 0.061151 1370.000000 2.000000 2.038414 1.698671 1.308291
Vm1 0.041400 0.061151 1375.000000 2.000000 2.038414 1.698671 1.310221
Vm1 0.041400 0.061151 1380.000000 2.000000 2.038414 1.698672 1.312129
Vm1 0.041400 0.061151 1385.000000 2.000000 2.038414 1.698672 1.314016
Vm1 0.041400 0.061151 1390.000000 2.000000 2.038414 1.698672 1.315880
Vm1 0.041400 0.061151 1395.000000 2.000000 2.038414 1.698673 1.317724
Vm1 0.041400 0.061151 1400.000000 2.000000 2.038414 1.698673 1.319546
Vm1 0.041400 0.061151 1405.000000 2.000000 2.038414 1.698673 1.321348
Vm1 0.041400 0.061151 1410.000000 2.000000 2.038414 1.698674 1.323129
Vm1 0.041400 0.061151 1415.000000 2.000000 2.038414 1.698674 1.324889
Vm1 0.041400 0.061151 1420.000000 2.000000 2.038414 1.698674 1.326630
Vm1 0.041400 0.061151 1425.000000 2.000000 2.038414 1.698675 1.328351
Vm1 0.041400 0.061151 1430.000000 2.000000 2.038414 1.698675 1.330051
Vm1 0.041400 0.061151 1435.000000 2.000000 2.038414 1.698675 1.331733
Vm1 0.041400 0.061151 1440.000000 2.000000 2.038414 1.698675 1.333395
Vm1 0.041400 0.061151 1445.000000 2.000000 2.038414 1.698675 1.335038
Vm1 0.041400 0.061151 1450.000000 2.000000 2.038414 1.698676 1.336663
Vm1 0.041400 0.061151 1455.000000 2.000000 2.038414 1.698676 1.338269
Vm1 0.041400 0.061151 1460.000000 2.000000 2.038414 1.698676 1.339856
Vm1 0.041400 0.061151 1465.000000 2.000000 2.038414 1.698676 1.341426
Vm1 0.041400 0.061151 1470.000000 2.000000 2.038414 1.698676 1.342977
Vm1 0.041400 0.061151 1475.000000 2.000000 2.038414 1.698676 1.344511
Vm1 0.041400 0.061151 1480.000000 2.000000 2.038414 1.698677 1.346027
Vm1 0.041400 0.061151 1485.000000 2.000000 2.038414 1.698677 1.347526
Vm1 0.041400 0.061151 1490.000000 2.000000 2.038414 1.698677 1.349007
Vm1 0.041400 0.061151 1495.000000 2.000000 2.038414 1.698677 1.350472
Vm1 0.041400 0.061151 1500.000000 2.000000 2.038414 1.698677 1.351920
Vm1 0.041400 0.061151 1505.000000 2.000000 2.038414 1.698677 1.353352
Vm1 0.041400 0.061151 1510.000000 2.000000 2.038414 1.698677 1.354767
Vm1 0.041400 0.061151 1515.000000 2.000000 2.038414 1.698677 1.356166
Vm1 0.041400 0.061151 1520.000000 2.000000 2.038414 1.698677 1.357548
Vm1 0.041400 0.061151 1525.000000 2.000000 2.038414 1.698677 1.358916
Vm1 0.041400 0.061151 1530.000000 2.000000 2.038414 1.698677 1.360267
Vm1 0.041400 0.061151 1535.000000 2.000000 2.038414 1.698678 1.361603
Vm1 0.041400 0.061151 1540.000000 2.000000 2.038414 1.698678 1.362924
Vm1 0.041400 0.061151 1545.000000 2.000000 2.038414 1.698678 1.364229
Vm1 0.041400 0.061151 1550.000000 2.000000 2.038414 1.698678 1.365520
Vm1 0.041400 0.061151 1555.000000 2.000000 2.038414 1.698678 1.366796
Vm1 0.041400 0.061151 1560.000000 2.000000 2.038414 1.698678 1.368057
Vm1 0.041400 0.061151 1565.000000 2.000000 2.038414 1.698678 1.369304
Vm1 0.041400 0.061151 1570.000000 2.000000 2.038414 1.698678 1.370537
Vm1 0.041400 0.061151 1575.000000 2.000000 2.038414 1.698678 1.371756
Vm1 0.041400 0.061151 1580.000000 2.000000 2.038414 1.698678 1.372960
Vm1 0.041400 0.061151 1585.000000 2.000000 2.038414 1.698678 1.374151
Vm1 0.041400 0.061151 1590.000000 2.000000 2.038414 1.698678 1.375328
Vm1 0.041400 0.061151 1595.000000 2.000000 2.038414 1.698678 1.376492
Vm1 0.041400 0.061151 1600.000000 2.000000 2.038414 1.698678 1.377643
Vm1 0.041400 0.061151 1605.000000 2.000000 2.038414 1.698678 1.378780
Vm1 0.041400 0.061151 1610.000000 2.000000 2.038414 1.698678 1.379904
Vm1 0.041400 0.061151 1615.000000 2.000000 2.038414 1.698678 1.381016
Vm1 0.041400 0.061151 1620.000000 2.000000 2.038414 1.698678 1.382115
Vm1 0.041400 0.061151 1625.000000 2.000000 2.038414 1.698678 1.383201
Vm1 0.041400 0.061151 1630.000000 2.000000 2.038414 1.698678 1.384275
Vm1 0.041400 0.061151 1635.000000 2.000000 2.038414 1.698678 1.385336
Vm1 0.041400 0.061151 1640.000000 2.000000 2.038414 1.698678 1.386385
Vm1 0.041400 0.061151 1645.000000 2.000000 2.038414 1.698678 1.387423
Vm1 0.041400 0.061151 1650.000000 2.000000 2.038414 1.698678 1.388448
Vm1 0.041400 0.061151 1655.000000 2.000000 2.038414 1.698678 1.389462
Vm1 0.041400 0.061151 1660.000000 2.000000 2.038414 1.698678 1.390464
Vm1 0.041400 0.061151 1665.000000 2.000000 2.038414 1.698678 1.391455
Vm1 0.041400 0.061151 1670.000000 2.000000 2.038414 1.698678 1.392434
Vm1 0.041400 0.061151 1675.000000 2.000000 2.038414 1.698678 1.393403
Vm1 0.041400 0.061151 1680.000000 2.000000 2.038414 1.698678 1.394360
Vm1 0.041400 0.061151 1685.000000 2.000000 2.038414 1.698678 1.395306
Vm1 0.041400 0.061151 1690.000000 2.000000 2.038414 1.698679 1.396241
Vm1 0.041400 0.061151 1695.000000 2.000000 2.038414 1.698679 1.397166
Vm1 0.041400 0.061151 1700.000000 2.000000 2.038414 1.698679 1.398080
Vm1 0.041400 0.061151 1705.000000 2.000000 2.038414 1.698679 1.398984
Vm1 0.041400 0.061151 1710.000000 2.000000 2.038414 1.698679 1.399877
Vm1 0.041400 0.061151 1715.000000 2.000000 2.038414 1.698679 1.400760
Vm1 0.041400 0.061151 1720.000000 2.000000 2.038414 1.698679 1.401633
Vm1 0.041400 0.061151 1725.000000 2.000000 2.038414 1.698679 1.402496
Vm1 0.041400 0.061151 1730.000000 2.000000 2.038414 1.698679 1.403349
Vm1 0.041400 0.061151 1735.000000 2.000000 2.038414 1.698679 1.404193
Vm1 0.041400 0.061151 1740.000000 2.000000 2.038414 1.698679 1.405027
Vm1 0.041400 0.061151 1745.000000 2.000000 2.038414 1.698679 1.405851
Vm1 0.041400 0.061151 1750.000000 2.000000 2.038414 1.698679 1.406666
Vm1 0.041400 0.061151 1755.000000 2.000000 2.038414 1.698679 1.407471
Vm1 0.041400 0.061151 1760.000000 2.000000 2.038414 1.698679 1.408267
Vm1 0.041400 0.061151 1765.000000 2.000000 2.038414 1.698679 1.409055
Vm1 0.041400 0.061151 1770.000000 2.000000 2.038414 1.698679 1.409833
Vm1 0.041400 0.061151 1775.000000 2.000000 2.038414 1.698679 1.410602
Vm1 0.041400 0.061151 1780.000000 2.000000 2.038414 1.698679 1.411362
Vm1 0.041400 0.061151 1785.000000 2.000000 2.038414 1.698679 1.412114
Vm1 0.041400 0.061151 1790.000000 2.000000 2.038414 1.698679 1.412857
Vm1 0.041400 0.061151 1795.000000 2.000000 2.038414 1.698679 1.413592
Vm1 0.041400 0.061151 1800.000000 2.000000 2.038414 1.698679 1.414318
Vm1 0.041400 0.061151 1805.000000 2.000000 2.038414 1.698679 1.415036
Vm1 0.041400 0.061151 1810.000000 2.000000 2.038414 1.698679 1.415746
Vm1 0.041400 0.061151 1815.000000 2.000000 2.038414 1.698679 1.416448
Vm1 0.041400 0.061151 1820.000000 2.000000 2.038414 1.698679 1.417141
Vm1 0.041400 0.061151 1825.000000 2.000000 2.038414 1.698679 1.417827
Vm1 0.041400 0.061151 1830.000000 2.000000 2.038414 1.698679 1.418505
Vm1 0.041400 0.061151 1835.000000 2.000000 2.038414 1.698679 1.419175
Vm1 0.041400 0.061151 1840.000000 2.000000 2.038414 1.698679 1.419838
Vm1 0.041400 0.061151 1845.000000 2.000000 2.038414 1.698679 1.420493
Vm1 0.041400 0.061151 1850.000000 2.000000 2.038414 1.698679 1.421140
Vm1 0.041400 0.061151 1855.000000 2.000000 2.038414 1.698679 1.421780
Vm1 0.041400 0.061151 1860.000000 2.000000 2.038414 1.698679 1.422413
Vm1 0.041400 0.061151 1865.000000 2.000000 2.038414 1.698679 1.423038
Vm1 0.041400 0.061151 1870.000000 2.000000 2.038414 1.698679 1.423656
Vm1 0.041400 0.061151 1875.000000 2.000000 2.038414 1.698679 1.424268
Vm1 0.041400 0.061151 1880.000000 2.000000 2.038414 1.698679 1.424872
Vm1 0.041400 0.061151 1885.000000 2.000000 2.038414 1.698679 1.425469
Vm1 0.041400 0.061151 1890.000000 2.000000 2.038414 1.698679 1.426060
Vm1 0.041400 0.061151 1895.000000 2.000000 2.038414 1.698679 1.426643
Vm1 0.041400 0.061151 1900.000000 2.000000 2.038414 1.698679 1.427220
Vm1 0.041400 0.061151 1905.000000 2.000000 2.038414 1.698679 1.427791
Vm1 0.041400 0.061151 1910.000000 2.000000 2.038414 1.698679 1.428355
Vm1 0.041400 0.061151 1915.000000 2.000000 2.038414 1.698679 1.428912
Vm1 0.041400 0.061151 1920.000000 2.000000 2.038414 1.698679 1.429463
Vm1 0.041400 0.061151 1925.000000 2.000000 2.038414 1.698679 1.430008
Vm1 0.041400 0.061151 1930.000000 2.000000 2.038414 1.698679 1.430547
Vm1 0.041400 0.061151 1935.000000 2.000000 2.038414 1.698679 1.431079
Vm1 0.041400 0.061151 1940.000000 2.000000 2.038414 1.698679 1.431606
Vm1 0.041400 0.061151 1945.000000 2.000000 2.038414 1.698679 1.432126
Vm1 0.041400 0.061151 1950.000000 2.000000 2.038414 1.698679 1.432640
Vm1 0.041400 0.061151 1955.000000 2.000000 2.038414 1.698679 1.433149
Vm1 0.041400 0.061151 1960.000000 2.000000 2.038414 1.698679 1.433651
Vm1 0.041400 0.061151 1965.000000 2.000000 2.038414 1.698679 1.434148
Vm1 0.041400 0.061151 1970.000000 2.000000 2.038414 1.698679 1.434640
Vm1 0.041400 0.061151 1975.000000 2.000000 2.038414 1.698679 1.435125
Vm1 0.041400 0.061151 1980.000000 2.000000 2.038414 1.698679 1.435605
Vm1 0.041400 0.061151 1985.000000 2.000000 2.038414 1.698679 1.436080
Vm1 0.041400 0.061151 1990.000000 2.000000 2.038414 1.698679 1.436549
Vm1 0.041400 0.061151 1995.000000 2.000000 2.038414 1.698679 1.437013
Vm1 0.041400 0.061151 2000.000000 2.000000 2.038414 1.698679 1.437471
Vm1 0.041400 0.061151 2005.000000 2.000000 2.038414 1.698679 1.437925
Vm1 0.041400 0.061151 2010.000000 2.000000 2.038414 1.698679 1.438373
Vm1 0.041400 0.061151 2015.000000 2.000000 2.038414 1.698679 1.438816
Vm1 0.041400 0.061151 2020.000000 2.000000 2.038414 1.698679 1.439253
Vm1 0.041400 0.061151 2025.000000 2.000000 2.038414 1.698679 1.439686
Vm1 0.041400 0.061151 2030.000000 2.000000 2.038414 1.698679 1.440114
Vm1 0.041400 0.061151 2035.000000 2.000000 2.038414 1.698679 1.440537
Vm1 0.041400 0.061151 2040.000000 2.000000 2.038414 1.698679 1.440955
Vm1 0.041400 0.061151 2045.000000 2.000000 2.038414 1.698679 1.441369
Vm1 0.041400 0.061151 2050.000000 2.000000 2.038414 1.698679 1.441778
Vm1 0.041400 0.061151 2055.000000 2.000000 2.038414 1.698679 1.442182
Vm1 0.041400 0.061151 2060.000000 2.000000 2.038414 1.698679 1.442581
Vm1 0.041400 0.061151 2065.000000 2.000000 2.038414 1.698679 1.442976
Vm1 0.041400 0.061151 2070.000000 2.000000 2.038414 1.698679 1.443366
Vm1 0.041400 0.061151 2075.000000 2.000000 2.038414 1.698679 1.443752
Vm1 0.041400 0.061151 2080.000000 2.000000 2.038414 1.698679 1.444133
Vm1 0.041400 0.061151 2085.000000 2.000000 2.038414 1.698679 1.444510
Vm1 0.041400 0.061151 2090.000000 2.000000 2.038414 1.698679 1.444883
Vm1 0.041400 0.061151 2095.000000 2.000000 2.038414 1.698679 1.445252
Vm1 0.041400 0.061151 2100.000000 2.000000 2.038414 1.698679 1.445616
Vm1 0.041400 0.061151 2105.000000 2.000000 2.038414 1.698679 1.445976
Vm1 0.041400 0.061151 2110.000000 2.000000 2.038414 1.698679 1.446332
Vm1 0.041400 0.061151 2115.000000 2.000000 2.038414 1.698679 1.446684
Vm1 0.041400 0.061151 2120.000000 2.000000 2.038414 1.698679 1.447032
Vm1 0.041400 0.061151 2125.000000 2.000000 2.038414 1.698679 1.447376
Vm1 0.041400 0.061151 2130.000000 2.000000 2.038414 1.698679 1.447716
Vm1 0.041400 0.061151 2135.000000 2.000000 2.038414 1.698679 1.448052
Vm1 0.041400 0.061151 2140.000000 2.000000 2.038414 1.698679 1.448384
Vm1 0.041400 0.061151 2145.000000 2.000000 2.038414 1.698679 1.448713
Vm1 0.041400 0.061151 2150.000000 2.000000 2.038414 1.698679 1.449037
Vm1 0.041400 0.061151 2155.000000 2.000000 2.038414 1.698679 1.449358
Vm1 0.041400 0.061151 2160.000000 2.000000 2.038414 1.698679 1.449676
Vm1 0.041400 0.061151 2165.000000 2.000000 2.038414 1.698679 1.449989
Vm1 0.041400 0.061151 2170.000000 2.000000 2.038414 1.698679 1.450299
Vm1 0.041400 0.061151 2175.000000 2.000000 2.038414 1.698679 1.450606
Vm1 0.041400 0.061151 2180.000000 2.000000 2.038414 1.698679 1.450909
Vm1 0.041400 0.061151 2185.000000 2.000000 2.038414 1.698679 1.451209
Vm1 0.041400 0.061151 2190.000000 2.000000 2.038414 1.698679 1.451505
Vm1 0.041400 0.061151 2195.000000 2.000000 2.038414 1.698679 1.451798
Vm1 0.041400 0.061151 2200.000000 2.000000 2.038414 1.698679 1.452087
Vm1 0.041400 0.061151 2205.000000 2.000000 2.038414 1.698679 1.452373
Vm1 0.041400 0.061151 2210.000000 2.000000 2.038414 1.698679 1.452656
Vm1 0.041400 0.061151 2215.000000 2.000000 2.038414 1.698679 1.452936
Vm1 0.041400 0.061151 2220.000000 2.000000 2.038414 1.698679 1.453212
Vm1 0.041400 0.061151 2225.000000 2.000000 2.038414 1.698679 1.453485
Vm1 0.041400 0.061151 2230.000000 2.000000 2.038414 1.698679 1.453756
Vm1 0.041400 0.061151 2235.000000 2.000000 2.038414 1.698679 1.454023
Vm1 0.041400 0.061151 2240.000000 2.000000 2.038414 1.698679 1.454287
Vm1 0.041400 0.061151 2245.000000 2.000000 2.038414 1.698679 1.454548
Vm1 0.041400 0.061151 2250.000000 2.000000 2.038414 1.698679 1.454806
Vm1 0.041400 0.061151 2255.000000 2.000000 2.038414 1.698679 1.455061
Vm1 0.041400 0.061151 2260.000000 2.000000 2.038414 1.698679 1.455313
Vm1 0.041400 0.061151 2265.000000 2.000000 2.038414 1.698679 1.455562
Vm1 0.041400 0.061151 2270.000000 2.000000 2.038414 1.698679 1.455808
Vm1 0.041400 0.061151 2275.000000 2.000000 2.038414 1.698679 1.456052
Vm1 0.041400 0.061151 2280.000000 2.000000 2.038414 1.698679 1.456293
Vm1 0.041400 0.061151 2285.000000 2.000000 2.038414 1.698679 1.456531
Vm1 0.041400 0.061151 2290.000000 2.000000 2.038414 1.698679 1.456766
Vm1 0.041400 0.061151 2295.000000 2.000000 2.038414 1.698679 1.456999
Vm1 0.041400 0.061151 2300.000000 2.000000 2.038414 1.698679 1.457229
Vm1 0.041400 0.061151 2305.000000 2.000000 2.038414 1.698679 1.457456
Vm1 0.041400 0.061151 2310.000000 2.000000 2.038414 1.698679 1.457681
Vm1 0.041400 0.061151 2315.000000 2.000000 2.038414 1.698679 1.457903
Vm1 0.041400 0.061151 2320.000000 2.000000 2.038414 1.698679 1.458123
Vm1 0.041400 0.061151 2325.000000 2.000000 2.038414 1.698679 1.458340
Vm1 0.041400 0.061151 2330.000000 2.000000 2.038414 1.698679 1.458554
Vm1 0.041400 0.061151 2335.000000 2.000000 2.038414 1.698679 1.458767
Vm1 0.041400 0.061151 2340.000000 2.000000 2.038414 1.698679 1.458976
Vm1 0.041400 0.061151 2345.000000 2.000000 2.038414 1.698679 1.459184
Vm1 0.041400 0.061151 2350.000000 2.000000 2.038414 1.698679 1.459389
Vm1 0.041400 0.061151 2355.000000 2.000000 2.038414 1.698679 1.459591
Vm1 0.041400 0.061151 2360.000000 2.000000 2.038414 1.698679 1.459792
Vm1 0.041400 0.061151 2365.000000 2.000000 2.038414 1.698679 1.459990
Vm1 0.041400 0.061151 2370.000000 2.000000 2.038414 1.698679 1.460185
Vm1 0.041400 0.061151 2375.000000 2.000000 2.038414 1.698679 1.460379
Vm1 0.041400 0.061151 2380.000000 2.000000 2.038414 1.698679 1.460570
Vm1 0.041400 0.061151 2385.000000 2.000000 2.038414 1.698679 1.460759
Vm1 0.041400 0.061151 2390.000000 2.000000 2.038414 1.698679 1.460946
Vm1 0.041400 0.061151 2395.000000 2.000000 2.038414 1.698679 1.461131
Vm1 0.041400 0.061151 2400.000000 2.000000 2.038414 1.698679 1.461314
Vm1 0.041400 0.061151 2405.000000 2.000000 2.038414 1.698679 1.461495
Vm1 0.041400 0.061151 2410.000000 2.000000 2.038414 1.698679 1.461673
Vm1 0.041400 0.061151 2415.000000 2.000000 2.038414 1.698679 1.461850
Vm1 0.041400 0.061151 2420.000000 2.000000 2.038414 1.698679 1.462024
Vm1 0.041400 0.061151 2425.000000 2.000000 2.038414 1.698679 1.462197
Vm1 0.041400 0.061151 2430.000000 2.000000 2.038414 1.698679 1.462367
Vm1 0.041400 0.061151 2435.000000 2.000000 2.038414 1.698679 1.462536
Vm1 0.041400 0.061151 2440.000000 2.000000 2.038414 1.698679 1.462703
Vm1 0.041400 0.061151 2445.000000 2.000000 2.038414 1.698679 1.462867
Vm1 0.041400 0.061151 2450.000000 2.000000 2.038414 1.698679 1.463030
Vm1 0.041400 0.061151 2455.000000 2.000000 2.038414 1.698679 1.463191
Vm1 0.041400 0.061151 2460.000000 2.000000 2.038414 1.698679 1.463350
Vm1 0.041400 0.061151 2465.000000 2.000000 2.038414 1.698679 1.463508
Vm1 0.041400 0.061151 2470.000000 2.000000 2.038414 1.698679 1.463663
Vm1 0.041400 0.061151 2475.000000 2.000000 2.038414 1.698679 1.463817
Vm1 0.041400 0.061151 2480.000000 2.000000 2.038414 1.698679 1.463969
Vm1 0.041400 0.061151 2485.000000 2.000000 2.038414 1.698679 1.464119
Vm1 0.041400 0.061151 2490.000000 2.000000 2.038414 1.698679 1.464268
Vm1 0.041400 0.061151 2495.000000 2.000000 2.038414 1.698679 1.464415
Vm1 0.041400 0.061151 2500.000000 2.000000 2.038414 1.698679 1.464560
Vm1 0.041400 0.061151 2505.000000 2.000000 2.038414 1.698679 1.464703
Vm1 0.041400 0.061151 2510.000000 2.000000 2.038414 1.698679 1.464845
Vm1 0.041400 0.061151 2515.000000 2.000000 2.038414 1.698679 1.464986
Vm1 0.041400 0.061151 2520.000000 2.000000 2.038414 1.698679 1.465124
Vm1 0.041400 0.061151 2525.000000 2.000000 2.038414 1.698679 1.465261
Vm1 0.041400 0.061151 2530.000000 2.000000 2.038414 1.698679 1.465397
Vm1 0.041400 0.061151 2535.000000 2.000000 2.038414 1.698679 1.465531
Vm1 0.041400 0.061151 2540.000000 2.000000 2.038414 1.698679 1.465663
Vm1 0.041400 0.061151 2545.000000 2.000000 2.038414 1.698679 1.465794
Vm1 0.041400 0.061151 2550.000000 2.000000 2.038414 1.698679 1.465923
Vm1 0.041400 0.061151 2555.000000 2.000000 2.038414 1.698679 1.466051
Vm1 0.041400 0.061151 2560.000000 2.000000 2.038414 1.698679 1.466178
Vm1 0.041400 0.061151 2565.000000 2.000000 2.038414 1.698679 1.466303
Vm1 0.041400 0.061151 2570.000000 2.000000 2.038414 1.698679 1.466426
Vm1 0.041400 0.061151 2575.000000 2.000000 2.038414 1.698679 1.466549
Vm1 0.041400 0.061151 2580.000000 2.000000 2.038414 1.698679 1.466669
Vm1 0.041400 0.061151 2585.000000 2.000000 2.038414 1.698679 1.466789
Vm1 0.041400 0.061151 2590.000000 2.000000 2.038414 1.698679 1.466907
Vm1 0.041400 0.061151 2595.000000 2.000000 2.038414 1.698679 1.467023
Vm1 0.041400 0.061151 2600.000000 2.000000 2.038414 1.698679 1.467139
Vm1 0.041400 0.061151 2605.000000 2.000000 2.038414 1.698679 1.467253
Vm1 0.041400 0.061151 2610.000000 2.000000 2.038414 1.698679 1.467366
Vm1 0.041400 0.061151 2615.000000 2.000000 2.038414 1.698679 1.467477
Vm1 0.041400 0.061151 2620.000000 2.000000 2.038414 1.698679 1.467587
Vm1 0.041400 0.061151 2625.000000 2.000000 2.038414 1.698679 1.467696
Vm1 0.041400 0.061151 2630.000000 2.000000 2.038414 1.698679 1.467804
Vm1 0.041400 0.061151 2635.000000 2.000000 2.038414 1.698679 1.467910
Vm1 0.041400 0.061151 2640.000000 2.000000 2.038414 1.698679 1.468015
Vm1 0.041400 0.061151 2645.000000 2.000000 2.038414 1.698679 1.468119
Vm1 0.041400 0.061151 2650.000000 2.000000 2.038414 1.698679 1.468222
Vm1 0.041400 0.061151 2655.000000 2.000000 2.038414 1.698679 1.468324
Vm1 0.041400 0.061151 2660.000000 2.000000 2.038414 1.698679 1.468424
Vm1 0.041400 0.061151 2665.000000 2.000000 2.038414 1.698679 1.468524
Vm1 0.041400 0.061151 2670.000000 2.000000 2.038414 1.698679 1.468622
Vm1 0.041400 0.061151 2675.000000 2.000000 2.038414 1.698679 1.468719
Vm1 0.041400 0.061151 2680.000000 2.000000 2.038414 1.698679 1.468815
Vm1 0.041400 0.061151 2685.000000 2.000000 2.038414 1.698679 1.468910
Vm1 0.041400 0.061151 2690.000000 2.000000 2.038414 1.698679 1.469004
Vm1 0.041400 0.061151 2695.000000 2.000000 2.038414 1.698679 1.469096
Vm1 0.041400 0.061151 2700.000000 2.000000 2.038414 1.698679 1.469188
Vm1 0.041400 0.061151 2705.000000 2.000000 2.038414 1.698679 1.469279
Vm1 0.041400 0.061151 2710.000000 2.000000 2.038414 1.698679 1.469368
Vm1 0.041400 0.061151 2715.000000 2.000000 2.038414 1.698679 1.469457
Vm1 0.041400 0.061151 2720.000000 2.000000 2.038414 1.698679 1.469544
Vm1 0.041400 0.061151 2725.000000 2.000000 2.038414 1.698679 1.469631
Vm1 0.041400 0.061151 2730.000000 2.000000 2.038414 1.698679 1.469716
Vm1 0.041400 0.061151 2735.000000 2.000000 2.038414 1.698679 1.469801
Vm1 0.041400 0.061151 2740.000000 2.000000 2.038414 1.698679 1.469884
Vm1 0.041400 0.061151 2745.000000 2.000000 2.038414 1.698679 1.469967
Vm1 0.041400 0.061151 2750.000000 2.000000 2.038414 1.698679 1.470049
Vm1 0.041400 0.061151 2755.000000 2.000000 2.038414 1.698679 1.470129
Vm1 0.041400 0.061151 2760.000000 2.000000 2.038414 1.698679 1.470209
Vm1 0.041400 0.061151 2765.000000 2.000000 2.038414 1.698679 1.470288
Vm1 0.041400 0.061151 2770.000000 2.000000 2.038414 1.698679 1.470366
Vm1 0.041400 0.061151 2775.000000 2.000000 2.038414 1.698679 1.470443
Vm1 0.041400 0.061151 2780.000000 2.000000 2.038414 1.698679 1.470520
Vm1 0.041400 0.061151 2785.000000 2.000000 2.038414 1.698679 1.470595
Vm1 0.041400 0.061151 2790.000000 2.000000 2.038414 1.698679 1.470670
Vm1 0.041400 0.061151 2795.000000 2.000000 2.038414 1.698679 1.470743
Vm1 0.041400 0.061151 2800.000000 2.000000 2.038414 1.698679 1.470816
Vm1 0.041400 0.061151 2805.000000 2.000000 2.038414 1.698679 1.470888
Vm1 0.041400 0.061151 2810.000000 2.000000 2.038414 1.698679 1.470959
Vm1 0.041400 0.061151 2815.000000 2.000000 2.038414 1.698679 1.471030
Vm1 0.041400 0.061151 2820.000000 2.000000 2.038414 1.698679 1.471099
Vm1 0.041400 0.061151 2825.000000 2.000000 2.038414 1.698679 1.471168
Vm1 0.041400 0.061151 2830.000000 2.000000 2.038414 1.698679 1.471236
Vm1 0.041400 0.061151 2835.000000 2.000000 2.038414 1.698679 1.471303
Vm1 0.041400 0.061151 2840.000000 2.000000 2.038414 1.698679 1.471369
Vm1 0.041400 0.061151 2845.000000 2.000000 2.038414 1.698679 1.471435
Vm1 0.041400 0.061151 2850.000000 2.000000 2.038414 1.698679 1.471500
Vm1 0.041400 0.061151 2855.000000 2.000000 2.038414 1.698679 1.471564
Vm1 0.041400 0.061151 2860.000000 2.000000 2.038414 1.698679 1.471628
Vm1 0.041400 0.061151 2865.000000 2.000000 2.038414 1.698679 1.471690
Vm1 0.041400 0.061151 2870.000000 2.000000 2.038414 1.698679 1.471752
Vm1 0.041400 0.061151 2875.000000 2.000000 2.038414 1.698679 1.471814
Vm1 0.041400 0.061151 2880.000000 2.000000 2.038414 1.698679 1.471874
Vm1 0.041400 0.061151 2885.000000 2.000000 2.038414 1.698679 1.471934
Vm1 0.041400 0.061151 2890.000000 2.000000 2.038414 1.698679 1.471993
Vm1 0.041400 0.061151 2895.000000 2.000000 2.038414 1.698679 1.472052
Vm1 0.041400 0.061151 2900.000000 2.000000 2.038414 1.698679 1.472110
Vm1 0.041400 0.061151 2905.000000 2.000000 2.038414 1.698679 1.472167
Vm1 0.041400 0.061151 2910.000000 2.000000 2.038414 1.698679 1.472223
Vm1 0.041400 0.061151 2915.000000 2.000000 2.038414 1.698679 1.472279
Vm1 0.041400 0.061151 2920.000000 2.000000 2.038414 1.698679 1.472334
Vm1 0.041400 0.061151 2925.000000 2.000000 2.038414 1.698679 1.472389
Vm1 0.041400 0.061151 2930.000000 2.000000 2.038414 1.698679 1.472443
Vm1 0.041400 0.061151 2935.000000 2.000000 2.038414 1.698679 1.472496
Vm1 0.041400 0.061151 2940.000000 2.000000 2.038414 1.698679 1.472549
Vm1 0.041400 0.061151 2945.000000 2.000000 2.038414 1.698679 1.472601
Vm1 0.041400 0.061151 2950.000000 2.000000 2.038414 1.698679 1.472653
Vm1 0.041400 0.061151 2955.000000 2.000000 2.038414 1.698679 1.472704
Vm1 0.041400 0.061151 2960.000000 2.000000 2.038414 1.698679 1.472754
Vm1 0.041400 0.061151 2965.000000 2.000000 2.038414 1.698679 1.472804
Vm1 0.041400 0.061151 2970.000000 2.000000 2.038414 1.698679 1.472853
Vm1 0.041400 0.061151 2975.000000 2.000000 2.038414 1.698679 1.472902
Vm1 0.041400 0.061151 2980.000000 2.000000 2.038414 1.698679 1.472950
Vm1 0.041400 0.061151 2985.000000 2.000000 2.038414 1.698679 1.472998
Vm1 0.041400 0.061151 2990.000000 2.000000 2.038414 1.698679 1.473045
Vm1 0.041400 0.061151 2995.000000 2.000000 2.038414 1.698679 1.473091
Vm1 0.041400 0.061151 3000.000000 2.000000 2.038414 1.698679 1.473137
Vm1 0.041400 0.061151 3005.000000 2.000000 2.038414 1.698679 1.473183
Vm1 0.041400 0.061151 3010.000000 2.000000 2.038414 1.698679 1.473228
Vm1 0.041400 0.061151 3015.000000 2.000000 2.038414 1.698679 1.473272
Vm1 0.041400 0.061151 3020.000000 2.000000 2.038414 1.698679 1.473316
Vm1 0.041400 0.061151 3025.000000 2.000000 2.038414 1.698679 1.473359
Vm1 0.041400 0.061151 3030.000000 2.000000 2.038414 1.698679 1.473402
Vm1 0.041400 0.061151 3035.000000 2.000000 2.038414 1.698679 1.473445
Vm1 0.041400 0.061151 3040.000000 2.000000 2.038414 1.698679 1.473487
Vm1 0.041400 0.061151 3045.000000 2.000000 2.038414 1.698679 1.473528
Vm1 0.041400 0.061151 3050.000000 2.000000 2.038414 1.698679 1.473569
Vm1 0.041400 0.061151 3055.000000 2.000000 2.038414 1.698679 1.473610
Vm1 0.041400 0.061151 3060.000000 2.000000 2.038414 1.698679 1.473650
Vm1 0.041400 0.061151 3065.000000 2.000000 2.038414 1.698679 1.473689
Vm1 0.041400 0.061151 3070.000000 2.000000 2.038414 1.698679 1.473728
Vm1 0.041400 0.061151 3075.000000 2.000000 2.038414 1.698679 1.473767
Vm1 0.041400 0.061151 3080.000000 2.000000 2.038414 1.698679 1.473805
Vm1 0.041400 0.061151 3085.000000 2.000000 2.038414 1.698679 1.473843
Vm1 0.041400 0.061151 3090.000000 2.000000 2.038414 1.698679 1.473880
Vm1 0.041400 0.061151 3095.000000 2.000000 2.038414 1.698679 1.473917
Vm1 0.041400 0.061151 3100.000000 2.000000 2.038414 1.698679 1.473954
Vm1 0.041400 0.061151 3105.000000 2.000000 2.038414 1.698679 1.473990
Vm1 0.041400 0.061151 3110.000000 2.000000 2.038414 1.698679 1.474026
Vm1 0.041400 0.061151 3115.000000 2.000000 2.038414 1.698679 1.474061
Vm1 0.041400 0.061151 3120.000000 2.000000 2.038414 1.698679 1.474096
Vm1 0.041400 0.061151 3125.000000 2.000000 2.038414 1.698679 1.474130
Vm1 0.041400 0.061151 3130.000000 2.000000 2.038414 1.698679 1.474164
Vm1 0.041400 0.061151 3135.000000 2.000000 2.038414 1.698679 1.474198
Vm1 0.041400 0.061151 3140.000000 2.000000 2.038414 1.698679 1.474231
Vm1 0.041400 0.061151 3145.000000 2.000000 2.038414 1.698679 1.474264
Vm1 0.041400 0.061151 3150.000000 2.000000 2.038414 1.698679 1.474297
Vm1 0.041400 0.061151 3155.000000 2.000000 2.038414 1.698679 1.474329
Vm1 0.041400 0.061151 3160.000000 2.000000 2.038414 1.698679 1.474361
Vm1 0.041400 0.061151 3165.000000 2.000000 2.038414 1.698679 1.474392
Vm1 0.041400 0.061151 3170.000000 2.000000 2.038414 1.698679 1.474423
Vm1 0.041400 0.061151 3175.000000 2.000000 2.038414 1.698679 1.474454
Vm1 0.041400 0.061151 3180.000000 2.000000 2.038414 1.698679 1.474485
Vm1 0.041400 0.061151 3185.000000 2.000000 2.038414 1.698679 1.474515
Vm1 0.041400 0.061151 3190.000000 2.000000 2.038414 1.698679 1.474544
Vm1 0.041400 0.061151 3195.000000 2.000000 2.038414 1.698679 1.474574
Vm1 0.041400 0.061151 3200.000000 2.000000 2.038414 1.698679 1.474603
Vm1 0.041400 0.061151 3205.000000 2.000000 2.038414 1.698679 1.474631
Vm1 0.041400 0.061151 3210.000000 2.000000 2.038414 1.698679 1.474660
Vm1 0.041400 0.061151 3215.000000 2.000000 2.038414 1.698679 1.474688
Vm1 0.041400 0.061151 3220.000000 2.000000 2.038414 1.698679 1.474715
Vm1 0.041400 0.061151 3225.000000 2.000000 2.038414 1.698679 1.474743
Vm1 0.041400 0.061151 3230.000000 2.000000 2.038414 1.698679 1.474770
Vm1 0.041400 0.061151 3235.000000 2.000000 2.038414 1.698679 1.474797
Vm1 0.041400 0.061151 3240.000000 2.000000 2.038414 1.698679 1.474823
Vm1 0.041400 0.061151 3245.000000 2.000000 2.038414 1.698679 1.474849
Vm1 0.041400 0.061151 3250.000000 2.000000 2.038414 1.698679 1.474875
Vm1 0.041400 0.061151 3255.000000 2.000000 2.038414 1.698679 1.474901
Vm1 0.041400 0.061151 3260.000000 2.000000 2.038414 1.698679 1.474926
Vm1 0.041400 0.061151 3265.000000 2.000000 2.038414 1.698679 1.474951
Vm1 0.041400 0.061151 3270.000000 2.000000 2.038414 1.698679 1.474976
Vm1 0.041400 0.061151 3275.000000 2.000000 2.038414 1.698679 1.475000
Vm1 0.041400 0.061151 3280.000000 2.000000 2.038414 1.698679 1.475024
Vm1 0.041400 0.061151 3285.000000 2.000000 2.038414 1.698679 1.475048
Vm1 0.041400 0.061151 3290.000000 2.000000 2.038414 1.698679 1.475072
Vm1 0.041400 0.061151 3295.000000 2.000000 2.038414 1.698679 1.475095
Vm1 0.041400 0.061151 3300.000000 2.000000 2.038414 1.698679 1.475118
Vm1 0.041400 0.061151 3305.000000 2.000000 2.038414 1.698679 1.475141
Vm1 0.041400 0.061151 3310.000000 2.000000 2.038414 1.698679 1.475163
Vm1 0.041400 0.061151 3315.000000 2.000000 2.038414 1.698679 1.475186
Vm1 0.041400 0.061151 3320.000000 2.000000 2.038414 1.698679 1.475208
Vm1 0.041400 0.061151 3325.000000 2.000000 2.038414 1.698679 1.475229
Vm1 0.041400 0.061151 3330.000000 2.000000 2.038414 1.698679 1.475251
Vm1 0.041400 0.061151 3335.000000 2.000000 2.038414 1.698679 1.475272
Vm1 0.041400 0.061151 3340.000000 2.000000 2.038414 1.698679 1.475293
Vm1 0.041400 0.061151 3345.000000 2.000000 2.038414 1.698679 1.475314
Vm1 0.041400 0.061151 3350.000000 2.000000 2.038414 1.698679 1.475335
Vm1 0.041400 0.061151 3355.000000 2.000000 2.038414 1.698679 1.475355
Vm1 0.041400 0.061151 3360.000000 2.000000 2.038414 1.698679 1.475375
Vm1 0.041400 0.061151 3365.000000 2.000000 2.038414 1.698679 1.475395
Vm1 0.041400 0.061151 3370.000000 2.000000 2.038414 1.698679 1.475414
Vm1 0.041400 0.061151 3375.000000 2.000000 2.038414 1.698679 1.475434
Vm1 0.041400 0.061151 3380.000000 2.000000 2.038414 1.698679 1.475453
Vm1 0.041400 0.061151 3385.000000 2.000000 2.038414 1.698679 1.475472
Vm1 0.041400 0.061151 3390.000000 2.000000 2.038414 1.698679 1.475491
Vm1 0.041400 0.061151 3395.000000 2.000000 2.038414 1.698679 1.475509
Vm1 0.041400 0.061151 3400.000000 2.000000 2.038414 1.698679 1.475528
Vm1 0.041400 0.061151 3405.000000 2.000000 2.038414 1.698679 1.475546
Vm1 0.041400 0.061151 3410.000000 2.000000 2.038414 1.698679 1.475564
Vm1 0.041400 0.061151 3415.000000 2.000000 2.038414 1.698679 1.475581
Vm1 0.041400 0.061151 3420.000000 2.000000 2.038414 1.698679 1.475599
Vm1 0.041400 0.061151 3425.000000 2.000000 2.038414 1.698679 1.475616
Vm1 0.041400 0.061151 3430.000000 2.000000 2.038414 1.698679 1.475633
Vm1 0.041400 0.061151 3435.000000 2.000000 2.038414 1.698679 1.475650
Vm1 0.041400 0.061151 3440.000000 2.000000 2.038414 1.698679 1.475667
Vm1 0.041400 0.061151 3445.000000 2.000000 2.038414 1.698679 1.475683
Vm1 0.041400 0.061151 3450.000000 2.000000 2.038414 1.698679 1.475700
Vm1 0.041400 0.061151 3455.000000 2.000000 2.038414 1.698679 1.475716
Vm1 0.041400 0.061151 3460.000000 2.000000 2.038414 1.698679 1.475732
Vm1 0.041400 0.061151 3465.000000 2.000000 2.038414 1.698679 1.475748
Vm1 0.041400 0.061151 3470.000000 2.000000 2.038414 1.698679 1.475763
Vm1 0.041400 0.061151 3475.000000 2.000000 2.038414 1.698679 1.475779
Vm1 0.041400 0.061151 3480.000000 2.000000 2.038414 1.698679 1.475794
Vm1 0.041400 0.061151 3485.000000 2.000000 2.038414 1.698679 1.475809
Vm1 0.041400 0.061151 3490.000000 2.000000 2.038414 1.698679 1.475824
Vm1 0.041400 0.061151 3495.000000 2.000000 2.038414 1.698679 1.475839
Vm1 0.041400 0.061151 3500.000000 2.000000 2.038414 1.698679 1.475853
Vm1 0.041400 0.061151 3505.000000 2.000000 2.038414 1.698679 1.475867
Vm1 0.041400 0.061151 3510.000000 2.000000 2.038414 1.698679 1.475882
Vm1 0.041400 0.061151 3515.000000 2.000000 2.038414 1.698679 1.475896
Vm1 0.041400 0.061151 3520.000000 2.000000 2.038414 1.698679 1.475910
Vm1 0.041400 0.061151 3525.000000 2.000000 2.038414 1.698679 1.475923
Vm1 0.041400 0.061151 3530.000000 2.000000 2.038414 1.698679 1.475937
Vm1 0.041400 0.061151 3535.000000 2.000000 2.038414 1.698679 1.475950
Vm1 0.041400 0.061151 3540.000000 2.000000 2.038414 1.698679 1.475964
Vm1 0.041400 0.061151 3545.000000 2.000000 2.038414 1.698679 1.475977
Vm1 0.041400 0.061151 3550.000000 2.000000 2.038414 1.698679 1.475990
Vm1 0.041400 0.061151 3555.000000 2.000000 2.038414 1.698679 1.476003
Vm1 0.041400 0.061151 3560.000000 2.000000 2.038414 1.698679 1.476015
Vm1 0.041400 0.061151 3565.000000 2.000000 2.038414 1.698679 1.476028
Vm1 0.041400 0.061151 3570.000000 2.000000 2.038414 1.698679 1.476040
Vm1 0.041400 0.061151 3575.000000 2.000000 2.038414 1.698679 1.476053
Vm1 0.041400 0.061151 3580.000000 2.000000 2.038414 1.698679 1.476065
Vm1 0.041400 0.061151 3585.000000 2.000000 2.038414 1.698679 1.476077
Vm1 0.041400 0.061151 3590.000000 2.000000 2.038414 1.698679 1.476088
Vm1 0.041400 0.061151 3595.000000 2.000000 2.038414 1.698679 1.476100
Vm1 0.041400 0.061151 3600.000000 2.000000 2.038414 1.698679 1.476112
