HEADER DATE 31-Jul-2017 20:22:16
HEADER RANDSEED 1742283943
Param True_Value Sim_Value Sim_Time Input mRNA foldedP fluo
Kf 0.002000 0.015437 0.000000 0.000000 0.001104 0.000434 0.002913
Kf 0.002000 0.015437 5.000000 0.000000 0.001104 0.000434 0.002913
Kf 0.002000 0.015437 10.000000 0.000000 0.001104 0.000434 0.002913
Kf 0.002000 0.015437 15.000000 0.000000 0.001104 0.000434 0.002913
Kf 0.002000 0.015437 20.000000 0.000000 0.001104 0.000434 0.002913
Kf 0.002000 0.015437 25.000000 0.000000 0.001104 0.000434 0.002913
Kf 0.002000 0.015437 30.000000 0.000000 0.001104 0.000434 0.002913
Kf 0.002000 0.015437 35.000000 0.000000 0.001104 0.000434 0.002913
Kf 0.002000 0.015437 40.000000 0.000000 0.001104 0.000434 0.002913
Kf 0.002000 0.015437 45.000000 0.000000 0.001104 0.000434 0.002913
Kf 0.002000 0.015437 50.000000 0.000000 0.001104 0.000434 0.002913
Kf 0.002000 0.015437 55.000000 0.000000 0.001104 0.000434 0.002913
Kf 0.002000 0.015437 60.000000 0.000000 0.001104 0.000434 0.002913
Kf 0.002000 0.015437 65.000000 0.000000 0.001104 0.000434 0.002913
Kf 0.002000 0.015437 70.000000 0.000000 0.001104 0.000434 0.002913
Kf 0.002000 0.015437 75.000000 0.000000 0.001104 0.000434 0.002913
Kf 0.002000 0.015437 80.000000 0.000000 0.001104 0.000434 0.002913
Kf 0.002000 0.015437 85.000000 0.000000 0.001104 0.000434 0.002913
Kf 0.002000 0.015437 90.000000 0.000000 0.001104 0.000434 0.002913
Kf 0.002000 0.015437 95.000000 0.000000 0.001104 0.000434 0.002913
Kf 0.002000 0.015437 100.000000 0.000000 0.001104 0.000434 0.002913
Kf 0.002000 0.015437 105.000000 0.000000 0.001104 0.000434 0.002913
Kf 0.002000 0.015437 110.000000 0.000000 0.001104 0.000434 0.002913
Kf 0.002000 0.015437 115.000000 0.000000 0.001104 0.000434 0.002913
Kf 0.002000 0.015437 120.000000 0.000000 0.001104 0.000434 0.002913
Kf 0.002000 0.015437 125.000000 0.000000 0.001104 0.000434 0.002913
Kf 0.002000 0.015437 130.000000 0.000000 0.001104 0.000434 0.002913
Kf 0.002000 0.015437 135.000000 0.000000 0.001104 0.000434 0.002913
Kf 0.002000 0.015437 140.000000 0.000000 0.001104 0.000434 0.002913
Kf 0.002000 0.015437 145.000000 0.000000 0.001104 0.000434 0.002913
Kf 0.002000 0.015437 150.000000 0.000000 0.001104 0.000434 0.002913
Kf 0.002000 0.015437 155.000000 0.000000 0.001104 0.000434 0.002913
Kf 0.002000 0.015437 160.000000 0.000000 0.001104 0.000434 0.002913
Kf 0.002000 0.015437 165.000000 0.000000 0.001104 0.000434 0.002913
Kf 0.002000 0.015437 170.000000 0.000000 0.001104 0.000434 0.002913
Kf 0.002000 0.015437 175.000000 0.000000 0.001104 0.000434 0.002913
Kf 0.002000 0.015437 180.000000 0.000000 0.001104 0.000434 0.002913
Kf 0.002000 0.015437 185.000000 0.000000 0.001104 0.000434 0.002913
Kf 0.002000 0.015437 190.000000 0.000000 0.001104 0.000434 0.002913
Kf 0.002000 0.015437 195.000000 0.000000 0.001104 0.000434 0.002913
Kf 0.002000 0.015437 200.000000 0.000000 0.001104 0.000434 0.002913
Kf 0.002000 0.015437 205.000000 0.000000 0.001104 0.000434 0.002913
Kf 0.002000 0.015437 210.000000 0.000000 0.001104 0.000434 0.002913
Kf 0.002000 0.015437 215.000000 0.000000 0.001104 0.000434 0.002913
Kf 0.002000 0.015437 220.000000 0.000000 0.001104 0.000434 0.002913
Kf 0.002000 0.015437 225.000000 0.000000 0.001104 0.000434 0.002913
Kf 0.002000 0.015437 230.000000 0.000000 0.001104 0.000434 0.002913
Kf 0.002000 0.015437 235.000000 0.000000 0.001104 0.000434 0.002913
Kf 0.002000 0.015437 240.000000 0.000000 0.001104 0.000434 0.002913
Kf 0.002000 0.015437 245.000000 0.000000 0.001104 0.000434 0.002913
Kf 0.002000 0.015437 250.000000 0.000000 0.001104 0.000434 0.002913
Kf 0.002000 0.015437 255.000000 0.000000 0.001104 0.000434 0.002913
Kf 0.002000 0.015437 260.000000 0.000000 0.001104 0.000434 0.002913
Kf 0.002000 0.015437 265.000000 0.000000 0.001104 0.000434 0.002913
Kf 0.002000 0.015437 270.000000 0.000000 0.001104 0.000434 0.002913
Kf 0.002000 0.015437 275.000000 0.000000 0.001104 0.000434 0.002913
Kf 0.002000 0.015437 280.000000 0.000000 0.001104 0.000434 0.002913
Kf 0.002000 0.015437 285.000000 0.000000 0.001104 0.000434 0.002913
Kf 0.002000 0.015437 290.000000 0.000000 0.001104 0.000434 0.002913
Kf 0.002000 0.015437 295.000000 0.000000 0.001104 0.000434 0.002913
Kf 0.002000 0.015437 300.000000 2.000000 0.001104 0.000434 0.002913
Kf 0.002000 0.015437 305.000000 2.000000 0.193226 0.005152 0.003037
Kf 0.002000 0.015437 310.000000 2.000000 0.358586 0.017671 0.003836
Kf 0.002000 0.015437 315.000000 2.000000 0.500914 0.035892 0.005818
Kf 0.002000 0.015437 320.000000 2.000000 0.623417 0.058132 0.009340
Kf 0.002000 0.015437 325.000000 2.000000 0.728856 0.083049 0.014639
Kf 0.002000 0.015437 330.000000 2.000000 0.819608 0.109579 0.021858
Kf 0.002000 0.015437 335.000000 2.000000 0.897719 0.136892 0.031065
Kf 0.002000 0.015437 340.000000 2.000000 0.964950 0.164342 0.042272
Kf 0.002000 0.015437 345.000000 2.000000 1.022816 0.191442 0.055446
Kf 0.002000 0.015437 350.000000 2.000000 1.072621 0.217823 0.070524
Kf 0.002000 0.015437 355.000000 2.000000 1.115489 0.243222 0.087418
Kf 0.002000 0.015437 360.000000 2.000000 1.152386 0.267453 0.106023
Kf 0.002000 0.015437 365.000000 2.000000 1.184144 0.290397 0.126227
Kf 0.002000 0.015437 370.000000 2.000000 1.211478 0.311983 0.147909
Kf 0.002000 0.015437 375.000000 2.000000 1.235005 0.332180 0.170946
Kf 0.002000 0.015437 380.000000 2.000000 1.255254 0.350990 0.195216
Kf 0.002000 0.015437 385.000000 2.000000 1.272683 0.368434 0.220600
Kf 0.002000 0.015437 390.000000 2.000000 1.287684 0.384554 0.246981
Kf 0.002000 0.015437 395.000000 2.000000 1.300596 0.399402 0.274248
Kf 0.002000 0.015437 400.000000 2.000000 1.311709 0.413038 0.302296
Kf 0.002000 0.015437 405.000000 2.000000 1.321274 0.425530 0.331025
Kf 0.002000 0.015437 410.000000 2.000000 1.329507 0.436946 0.360343
Kf 0.002000 0.015437 415.000000 2.000000 1.336593 0.447357 0.390162
Kf 0.002000 0.015437 420.000000 2.000000 1.342692 0.456833 0.420403
Kf 0.002000 0.015437 425.000000 2.000000 1.347942 0.465443 0.450992
Kf 0.002000 0.015437 430.000000 2.000000 1.352460 0.473253 0.481860
Kf 0.002000 0.015437 435.000000 2.000000 1.356349 0.480327 0.512946
Kf 0.002000 0.015437 440.000000 2.000000 1.359696 0.486725 0.544194
Kf 0.002000 0.015437 445.000000 2.000000 1.362577 0.492505 0.575551
Kf 0.002000 0.015437 450.000000 2.000000 1.365057 0.497720 0.606971
Kf 0.002000 0.015437 455.000000 2.000000 1.367191 0.502421 0.638412
Kf 0.002000 0.015437 460.000000 2.000000 1.369028 0.506652 0.669835
Kf 0.002000 0.015437 465.000000 2.000000 1.370609 0.510459 0.701208
Kf 0.002000 0.015437 470.000000 2.000000 1.371970 0.513879 0.732499
Kf 0.002000 0.015437 475.000000 2.000000 1.373141 0.516950 0.763681
Kf 0.002000 0.015437 480.000000 2.000000 1.374149 0.519706 0.794730
Kf 0.002000 0.015437 485.000000 2.000000 1.375017 0.522176 0.825624
Kf 0.002000 0.015437 490.000000 2.000000 1.375764 0.524389 0.856344
Kf 0.002000 0.015437 495.000000 2.000000 1.376407 0.526370 0.886874
Kf 0.002000 0.015437 500.000000 2.000000 1.376960 0.528143 0.917199
Kf 0.002000 0.015437 505.000000 2.000000 1.377436 0.529728 0.947306
Kf 0.002000 0.015437 510.000000 2.000000 1.377846 0.531144 0.977183
Kf 0.002000 0.015437 515.000000 2.000000 1.378199 0.532409 1.006822
Kf 0.002000 0.015437 520.000000 2.000000 1.378503 0.533538 1.036213
Kf 0.002000 0.015437 525.000000 2.000000 1.378764 0.534546 1.065351
Kf 0.002000 0.015437 530.000000 2.000000 1.378989 0.535445 1.094228
Kf 0.002000 0.015437 535.000000 2.000000 1.379183 0.536246 1.122840
Kf 0.002000 0.015437 540.000000 2.000000 1.379349 0.536960 1.151183
Kf 0.002000 0.015437 545.000000 2.000000 1.379493 0.537596 1.179254
Kf 0.002000 0.015437 550.000000 2.000000 1.379616 0.538162 1.207050
Kf 0.002000 0.015437 555.000000 2.000000 1.379722 0.538666 1.234569
Kf 0.002000 0.015437 560.000000 2.000000 1.379814 0.539114 1.261810
Kf 0.002000 0.015437 565.000000 2.000000 1.379893 0.539513 1.288772
Kf 0.002000 0.015437 570.000000 2.000000 1.379960 0.539868 1.315454
Kf 0.002000 0.015437 575.000000 2.000000 1.380019 0.540183 1.341857
Kf 0.002000 0.015437 580.000000 2.000000 1.380069 0.540463 1.367981
Kf 0.002000 0.015437 585.000000 2.000000 1.380112 0.540712 1.393827
Kf 0.002000 0.015437 590.000000 2.000000 1.380149 0.540933 1.419395
Kf 0.002000 0.015437 595.000000 2.000000 1.380181 0.541129 1.444686
Kf 0.002000 0.015437 600.000000 2.000000 1.380209 0.541303 1.469703
Kf 0.002000 0.015437 605.000000 2.000000 1.380233 0.541458 1.494446
Kf 0.002000 0.015437 610.000000 2.000000 1.380253 0.541595 1.518918
Kf 0.002000 0.015437 615.000000 2.000000 1.380271 0.541717 1.543119
Kf 0.002000 0.015437 620.000000 2.000000 1.380286 0.541825 1.567053
Kf 0.002000 0.015437 625.000000 2.000000 1.380299 0.541920 1.590721
Kf 0.002000 0.015437 630.000000 2.000000 1.380310 0.542005 1.614125
Kf 0.002000 0.015437 635.000000 2.000000 1.380320 0.542080 1.637268
Kf 0.002000 0.015437 640.000000 2.000000 1.380328 0.542147 1.660151
Kf 0.002000 0.015437 645.000000 2.000000 1.380335 0.542206 1.682778
Kf 0.002000 0.015437 650.000000 2.000000 1.380341 0.542258 1.705150
Kf 0.002000 0.015437 655.000000 2.000000 1.380347 0.542304 1.727270
Kf 0.002000 0.015437 660.000000 2.000000 1.380351 0.542345 1.749141
Kf 0.002000 0.015437 665.000000 2.000000 1.380355 0.542382 1.770764
Kf 0.002000 0.015437 670.000000 2.000000 1.380358 0.542414 1.792143
Kf 0.002000 0.015437 675.000000 2.000000 1.380361 0.542442 1.813280
Kf 0.002000 0.015437 680.000000 2.000000 1.380364 0.542468 1.834177
Kf 0.002000 0.015437 685.000000 2.000000 1.380366 0.542490 1.854837
Kf 0.002000 0.015437 690.000000 2.000000 1.380368 0.542510 1.875262
Kf 0.002000 0.015437 695.000000 2.000000 1.380369 0.542527 1.895455
Kf 0.002000 0.015437 700.000000 2.000000 1.380371 0.542542 1.915419
Kf 0.002000 0.015437 705.000000 2.000000 1.380372 0.542556 1.935155
Kf 0.002000 0.015437 710.000000 2.000000 1.380373 0.542568 1.954667
Kf 0.002000 0.015437 715.000000 2.000000 1.380374 0.542579 1.973957
Kf 0.002000 0.015437 720.000000 2.000000 1.380375 0.542588 1.993026
Kf 0.002000 0.015437 725.000000 2.000000 1.380375 0.542597 2.011879
Kf 0.002000 0.015437 730.000000 2.000000 1.380376 0.542604 2.030516
Kf 0.002000 0.015437 735.000000 2.000000 1.380376 0.542610 2.048941
Kf 0.002000 0.015437 740.000000 2.000000 1.380377 0.542616 2.067156
Kf 0.002000 0.015437 745.000000 2.000000 1.380377 0.542621 2.085162
Kf 0.002000 0.015437 750.000000 2.000000 1.380377 0.542626 2.102964
Kf 0.002000 0.015437 755.000000 2.000000 1.380378 0.542630 2.120562
Kf 0.002000 0.015437 760.000000 2.000000 1.380378 0.542633 2.137959
Kf 0.002000 0.015437 765.000000 2.000000 1.380378 0.542636 2.155157
Kf 0.002000 0.015437 770.000000 2.000000 1.380378 0.542639 2.172159
Kf 0.002000 0.015437 775.000000 2.000000 1.380378 0.542641 2.188967
Kf 0.002000 0.015437 780.000000 2.000000 1.380378 0.542644 2.205583
Kf 0.002000 0.015437 785.000000 2.000000 1.380379 0.542645 2.222009
Kf 0.002000 0.015437 790.000000 2.000000 1.380379 0.542647 2.238247
Kf 0.002000 0.015437 795.000000 2.000000 1.380379 0.542649 2.254300
Kf 0.002000 0.015437 800.000000 2.000000 1.380379 0.542650 2.270169
Kf 0.002000 0.015437 805.000000 2.000000 1.380379 0.542651 2.285857
Kf 0.002000 0.015437 810.000000 2.000000 1.380379 0.542652 2.301366
Kf 0.002000 0.015437 815.000000 2.000000 1.380379 0.542653 2.316697
Kf 0.002000 0.015437 820.000000 2.000000 1.380379 0.542654 2.331853
Kf 0.002000 0.015437 825.000000 2.000000 1.380379 0.542655 2.346836
Kf 0.002000 0.015437 830.000000 2.000000 1.380379 0.542655 2.361648
Kf 0.002000 0.015437 835.000000 2.000000 1.380379 0.542656 2.376290
Kf 0.002000 0.015437 840.000000 2.000000 1.380379 0.542656 2.390765
Kf 0.002000 0.015437 845.000000 2.000000 1.380379 0.542657 2.405075
Kf 0.002000 0.015437 850.000000 2.000000 1.380379 0.542657 2.419221
Kf 0.002000 0.015437 855.000000 2.000000 1.380379 0.542657 2.433205
Kf 0.002000 0.015437 860.000000 2.000000 1.380379 0.542657 2.447029
Kf 0.002000 0.015437 865.000000 2.000000 1.380379 0.542658 2.460695
Kf 0.002000 0.015437 870.000000 2.000000 1.380379 0.542658 2.474205
Kf 0.002000 0.015437 875.000000 2.000000 1.380379 0.542658 2.487561
Kf 0.002000 0.015437 880.000000 2.000000 1.380379 0.542658 2.500764
Kf 0.002000 0.015437 885.000000 2.000000 1.380379 0.542658 2.513816
Kf 0.002000 0.015437 890.000000 2.000000 1.380379 0.542658 2.526719
Kf 0.002000 0.015437 895.000000 2.000000 1.380379 0.542658 2.539474
Kf 0.002000 0.015437 900.000000 2.000000 1.380379 0.542659 2.552083
Kf 0.002000 0.015437 905.000000 2.000000 1.380379 0.542659 2.564548
Kf 0.002000 0.015437 910.000000 2.000000 1.380379 0.542659 2.576871
Kf 0.002000 0.015437 915.000000 2.000000 1.380379 0.542659 2.589052
Kf 0.002000 0.015437 920.000000 2.000000 1.380379 0.542659 2.601095
Kf 0.002000 0.015437 925.000000 2.000000 1.380379 0.542659 2.613000
Kf 0.002000 0.015437 930.000000 2.000000 1.380379 0.542659 2.624768
Kf 0.002000 0.015437 935.000000 2.000000 1.380379 0.542659 2.636402
Kf 0.002000 0.015437 940.000000 2.000000 1.380379 0.542659 2.647903
Kf 0.002000 0.015437 945.000000 2.000000 1.380379 0.542659 2.659273
Kf 0.002000 0.015437 950.000000 2.000000 1.380379 0.542660 2.670512
Kf 0.002000 0.015437 955.000000 2.000000 1.380379 0.542660 2.681623
Kf 0.002000 0.015437 960.000000 2.000000 1.380379 0.542660 2.692607
Kf 0.002000 0.015437 965.000000 2.000000 1.380379 0.542660 2.703466
Kf 0.002000 0.015437 970.000000 2.000000 1.380379 0.542660 2.714200
Kf 0.002000 0.015437 975.000000 2.000000 1.380379 0.542660 2.724812
Kf 0.002000 0.015437 980.000000 2.000000 1.380379 0.542660 2.735302
Kf 0.002000 0.015437 985.000000 2.000000 1.380379 0.542660 2.745672
Kf 0.002000 0.015437 990.000000 2.000000 1.380379 0.542660 2.755924
Kf 0.002000 0.015437 995.000000 2.000000 1.380379 0.542660 2.766058
Kf 0.002000 0.015437 1000.000000 2.000000 1.380379 0.542660 2.776077
Kf 0.002000 0.015437 1005.000000 2.000000 1.380379 0.542660 2.785981
Kf 0.002000 0.015437 1010.000000 2.000000 1.380379 0.542660 2.795772
Kf 0.002000 0.015437 1015.000000 2.000000 1.380379 0.542660 2.805451
Kf 0.002000 0.015437 1020.000000 2.000000 1.380379 0.542659 2.815019
Kf 0.002000 0.015437 1025.000000 2.000000 1.380379 0.542659 2.824478
Kf 0.002000 0.015437 1030.000000 2.000000 1.380379 0.542659 2.833828
Kf 0.002000 0.015437 1035.000000 2.000000 1.380379 0.542659 2.843072
Kf 0.002000 0.015437 1040.000000 2.000000 1.380379 0.542659 2.852210
Kf 0.002000 0.015437 1045.000000 2.000000 1.380379 0.542659 2.861243
Kf 0.002000 0.015437 1050.000000 2.000000 1.380379 0.542660 2.870174
Kf 0.002000 0.015437 1055.000000 2.000000 1.380379 0.542660 2.879002
Kf 0.002000 0.015437 1060.000000 2.000000 1.380379 0.542660 2.887729
Kf 0.002000 0.015437 1065.000000 2.000000 1.380379 0.542660 2.896356
Kf 0.002000 0.015437 1070.000000 2.000000 1.380379 0.542660 2.904885
Kf 0.002000 0.015437 1075.000000 2.000000 1.380379 0.542660 2.913316
Kf 0.002000 0.015437 1080.000000 2.000000 1.380379 0.542660 2.921651
Kf 0.002000 0.015437 1085.000000 2.000000 1.380379 0.542660 2.929890
Kf 0.002000 0.015437 1090.000000 2.000000 1.380379 0.542660 2.938036
Kf 0.002000 0.015437 1095.000000 2.000000 1.380379 0.542660 2.946088
Kf 0.002000 0.015437 1100.000000 2.000000 1.380379 0.542660 2.954048
Kf 0.002000 0.015437 1105.000000 2.000000 1.380379 0.542660 2.961917
Kf 0.002000 0.015437 1110.000000 2.000000 1.380379 0.542660 2.969696
Kf 0.002000 0.015437 1115.000000 2.000000 1.380379 0.542660 2.977386
Kf 0.002000 0.015437 1120.000000 2.000000 1.380379 0.542660 2.984988
Kf 0.002000 0.015437 1125.000000 2.000000 1.380379 0.542660 2.992504
Kf 0.002000 0.015437 1130.000000 2.000000 1.380379 0.542660 2.999933
Kf 0.002000 0.015437 1135.000000 2.000000 1.380379 0.542660 3.007277
Kf 0.002000 0.015437 1140.000000 2.000000 1.380379 0.542660 3.014538
Kf 0.002000 0.015437 1145.000000 2.000000 1.380379 0.542660 3.021715
Kf 0.002000 0.015437 1150.000000 2.000000 1.380379 0.542660 3.028811
Kf 0.002000 0.015437 1155.000000 2.000000 1.380379 0.542660 3.035825
Kf 0.002000 0.015437 1160.000000 2.000000 1.380379 0.542660 3.042759
Kf 0.002000 0.015437 1165.000000 2.000000 1.380379 0.542660 3.049614
Kf 0.002000 0.015437 1170.000000 2.000000 1.380379 0.542660 3.056390
Kf 0.002000 0.015437 1175.000000 2.000000 1.380379 0.542660 3.063089
Kf 0.002000 0.015437 1180.000000 2.000000 1.380379 0.542660 3.069711
Kf 0.002000 0.015437 1185.000000 2.000000 1.380379 0.542660 3.076258
Kf 0.002000 0.015437 1190.000000 2.000000 1.380379 0.542660 3.082730
Kf 0.002000 0.015437 1195.000000 2.000000 1.380379 0.542660 3.089127
Kf 0.002000 0.015437 1200.000000 2.000000 1.380379 0.542660 3.095452
Kf 0.002000 0.015437 1205.000000 2.000000 1.380379 0.542660 3.101704
Kf 0.002000 0.015437 1210.000000 2.000000 1.380379 0.542660 3.107885
Kf 0.002000 0.015437 1215.000000 2.000000 1.380379 0.542660 3.113995
Kf 0.002000 0.015437 1220.000000 2.000000 1.380379 0.542660 3.120035
Kf 0.002000 0.015437 1225.000000 2.000000 1.380379 0.542660 3.126007
Kf 0.002000 0.015437 1230.000000 2.000000 1.380379 0.542660 3.131909
Kf 0.002000 0.015437 1235.000000 2.000000 1.380379 0.542660 3.137745
Kf 0.002000 0.015437 1240.000000 2.000000 1.380379 0.542660 3.143513
Kf 0.002000 0.015437 1245.000000 2.000000 1.380379 0.542660 3.149216
Kf 0.002000 0.015437 1250.000000 2.000000 1.380379 0.542660 3.154854
Kf 0.002000 0.015437 1255.000000 2.000000 1.380379 0.542660 3.160427
Kf 0.002000 0.015437 1260.000000 2.000000 1.380379 0.542660 3.165936
Kf 0.002000 0.015437 1265.000000 2.000000 1.380379 0.542660 3.171382
Kf 0.002000 0.015437 1270.000000 2.000000 1.380379 0.542660 3.176766
Kf 0.002000 0.015437 1275.000000 2.000000 1.380379 0.542660 3.182089
Kf 0.002000 0.015437 1280.000000 2.000000 1.380379 0.542660 3.187350
Kf 0.002000 0.015437 1285.000000 2.000000 1.380379 0.542660 3.192552
Kf 0.002000 0.015437 1290.000000 2.000000 1.380379 0.542660 3.197694
Kf 0.002000 0.015437 1295.000000 2.000000 1.380379 0.542660 3.202777
Kf 0.002000 0.015437 1300.000000 2.000000 1.380379 0.542660 3.207802
Kf 0.002000 0.015437 1305.000000 2.000000 1.380379 0.542660 3.212770
Kf 0.002000 0.015437 1310.000000 2.000000 1.380379 0.542660 3.217680
Kf 0.002000 0.015437 1315.000000 2.000000 1.380379 0.542660 3.222535
Kf 0.002000 0.015437 1320.000000 2.000000 1.380379 0.542660 3.227334
Kf 0.002000 0.015437 1325.000000 2.000000 1.380379 0.542660 3.232079
Kf 0.002000 0.015437 1330.000000 2.000000 1.380379 0.542660 3.236769
Kf 0.002000 0.015437 1335.000000 2.000000 1.380379 0.542660 3.241405
Kf 0.002000 0.015437 1340.000000 2.000000 1.380379 0.542660 3.245988
Kf 0.002000 0.015437 1345.000000 2.000000 1.380379 0.542660 3.250519
Kf 0.002000 0.015437 1350.000000 2.000000 1.380379 0.542660 3.254999
Kf 0.002000 0.015437 1355.000000 2.000000 1.380379 0.542660 3.259426
Kf 0.002000 0.015437 1360.000000 2.000000 1.380379 0.542660 3.263804
Kf 0.002000 0.015437 1365.000000 2.000000 1.380379 0.542660 3.268131
Kf 0.002000 0.015437 1370.000000 2.000000 1.380379 0.542660 3.272409
Kf 0.002000 0.015437 1375.000000 2.000000 1.380379 0.542660 3.276638
Kf 0.002000 0.015437 1380.000000 2.000000 1.380379 0.542660 3.280818
Kf 0.002000 0.015437 1385.000000 2.000000 1.380379 0.542660 3.284951
Kf 0.002000 0.015437 1390.000000 2.000000 1.380379 0.542660 3.289037
Kf 0.002000 0.015437 1395.000000 2.000000 1.380379 0.542660 3.293075
Kf 0.002000 0.015437 1400.000000 2.000000 1.380379 0.542660 3.297068
Kf 0.002000 0.015437 1405.000000 2.000000 1.380379 0.542660 3.301015
Kf 0.002000 0.015437 1410.000000 2.000000 1.380379 0.542660 3.304917
Kf 0.002000 0.015437 1415.000000 2.000000 1.380379 0.542660 3.308774
Kf 0.002000 0.015437 1420.000000 2.000000 1.380379 0.542660 3.312587
Kf 0.002000 0.015437 1425.000000 2.000000 1.380379 0.542660 3.316357
Kf 0.002000 0.015437 1430.000000 2.000000 1.380379 0.542660 3.320083
Kf 0.002000 0.015437 1435.000000 2.000000 1.380379 0.542660 3.323767
Kf 0.002000 0.015437 1440.000000 2.000000 1.380379 0.542660 3.327408
Kf 0.002000 0.015437 1445.000000 2.000000 1.380379 0.542660 3.331009
Kf 0.002000 0.015437 1450.000000 2.000000 1.380379 0.542660 3.334567
Kf 0.002000 0.015437 1455.000000 2.000000 1.380379 0.542660 3.338086
Kf 0.002000 0.015437 1460.000000 2.000000 1.380379 0.542660 3.341564
Kf 0.002000 0.015437 1465.000000 2.000000 1.380379 0.542660 3.345002
Kf 0.002000 0.015437 1470.000000 2.000000 1.380379 0.542660 3.348401
Kf 0.002000 0.015437 1475.000000 2.000000 1.380379 0.542660 3.351761
Kf 0.002000 0.015437 1480.000000 2.000000 1.380379 0.542660 3.355082
Kf 0.002000 0.015437 1485.000000 2.000000 1.380379 0.542660 3.358366
Kf 0.002000 0.015437 1490.000000 2.000000 1.380379 0.542660 3.361612
Kf 0.002000 0.015437 1495.000000 2.000000 1.380379 0.542660 3.364821
Kf 0.002000 0.015437 1500.000000 2.000000 1.380379 0.542660 3.367993
Kf 0.002000 0.015437 1505.000000 2.000000 1.380379 0.542660 3.371129
Kf 0.002000 0.015437 1510.000000 2.000000 1.380379 0.542660 3.374229
Kf 0.002000 0.015437 1515.000000 2.000000 1.380379 0.542660 3.377294
Kf 0.002000 0.015437 1520.000000 2.000000 1.380379 0.542660 3.380323
Kf 0.002000 0.015437 1525.000000 2.000000 1.380379 0.542660 3.383318
Kf 0.002000 0.015437 1530.000000 2.000000 1.380379 0.542660 3.386279
Kf 0.002000 0.015437 1535.000000 2.000000 1.380379 0.542660 3.389206
Kf 0.002000 0.015437 1540.000000 2.000000 1.380379 0.542660 3.392099
Kf 0.002000 0.015437 1545.000000 2.000000 1.380379 0.542660 3.394960
Kf 0.002000 0.015437 1550.000000 2.000000 1.380379 0.542660 3.397787
Kf 0.002000 0.015437 1555.000000 2.000000 1.380379 0.542660 3.400583
Kf 0.002000 0.015437 1560.000000 2.000000 1.380379 0.542660 3.403346
Kf 0.002000 0.015437 1565.000000 2.000000 1.380379 0.542660 3.406078
Kf 0.002000 0.015437 1570.000000 2.000000 1.380379 0.542660 3.408778
Kf 0.002000 0.015437 1575.000000 2.000000 1.380379 0.542660 3.411448
Kf 0.002000 0.015437 1580.000000 2.000000 1.380379 0.542660 3.414087
Kf 0.002000 0.015437 1585.000000 2.000000 1.380379 0.542660 3.416696
Kf 0.002000 0.015437 1590.000000 2.000000 1.380379 0.542660 3.419275
Kf 0.002000 0.015437 1595.000000 2.000000 1.380379 0.542660 3.421825
Kf 0.002000 0.015437 1600.000000 2.000000 1.380379 0.542660 3.424345
Kf 0.002000 0.015437 1605.000000 2.000000 1.380379 0.542660 3.426837
Kf 0.002000 0.015437 1610.000000 2.000000 1.380379 0.542660 3.429300
Kf 0.002000 0.015437 1615.000000 2.000000 1.380379 0.542660 3.431735
Kf 0.002000 0.015437 1620.000000 2.000000 1.380379 0.542660 3.434142
Kf 0.002000 0.015437 1625.000000 2.000000 1.380379 0.542660 3.436522
Kf 0.002000 0.015437 1630.000000 2.000000 1.380379 0.542660 3.438874
Kf 0.002000 0.015437 1635.000000 2.000000 1.380379 0.542660 3.441200
Kf 0.002000 0.015437 1640.000000 2.000000 1.380379 0.542660 3.443499
Kf 0.002000 0.015437 1645.000000 2.000000 1.380379 0.542660 3.445771
Kf 0.002000 0.015437 1650.000000 2.000000 1.380379 0.542660 3.448018
Kf 0.002000 0.015437 1655.000000 2.000000 1.380379 0.542660 3.450239
Kf 0.002000 0.015437 1660.000000 2.000000 1.380379 0.542660 3.452434
Kf 0.002000 0.015437 1665.000000 2.000000 1.380379 0.542660 3.454605
Kf 0.002000 0.015437 1670.000000 2.000000 1.380379 0.542660 3.456751
Kf 0.002000 0.015437 1675.000000 2.000000 1.380379 0.542660 3.458872
Kf 0.002000 0.015437 1680.000000 2.000000 1.380379 0.542660 3.460969
Kf 0.002000 0.015437 1685.000000 2.000000 1.380379 0.542660 3.463041
Kf 0.002000 0.015437 1690.000000 2.000000 1.380379 0.542660 3.465091
Kf 0.002000 0.015437 1695.000000 2.000000 1.380379 0.542660 3.467116
Kf 0.002000 0.015437 1700.000000 2.000000 1.380379 0.542660 3.469119
Kf 0.002000 0.015437 1705.000000 2.000000 1.380379 0.542660 3.471099
Kf 0.002000 0.015437 1710.000000 2.000000 1.380379 0.542660 3.473056
Kf 0.002000 0.015437 1715.000000 2.000000 1.380379 0.542660 3.474990
Kf 0.002000 0.015437 1720.000000 2.000000 1.380379 0.542660 3.476903
Kf 0.002000 0.015437 1725.000000 2.000000 1.380379 0.542660 3.478794
Kf 0.002000 0.015437 1730.000000 2.000000 1.380379 0.542660 3.480663
Kf 0.002000 0.015437 1735.000000 2.000000 1.380379 0.542660 3.482510
Kf 0.002000 0.015437 1740.000000 2.000000 1.380379 0.542660 3.484337
Kf 0.002000 0.015437 1745.000000 2.000000 1.380379 0.542660 3.486143
Kf 0.002000 0.015437 1750.000000 2.000000 1.380379 0.542660 3.487928
Kf 0.002000 0.015437 1755.000000 2.000000 1.380379 0.542660 3.489692
Kf 0.002000 0.015437 1760.000000 2.000000 1.380379 0.542660 3.491437
Kf 0.002000 0.015437 1765.000000 2.000000 1.380379 0.542660 3.493161
Kf 0.002000 0.015437 1770.000000 2.000000 1.380379 0.542660 3.494866
Kf 0.002000 0.015437 1775.000000 2.000000 1.380379 0.542660 3.496551
Kf 0.002000 0.015437 1780.000000 2.000000 1.380379 0.542660 3.498217
Kf 0.002000 0.015437 1785.000000 2.000000 1.380379 0.542660 3.499864
Kf 0.002000 0.015437 1790.000000 2.000000 1.380379 0.542660 3.501493
Kf 0.002000 0.015437 1795.000000 2.000000 1.380379 0.542660 3.503102
Kf 0.002000 0.015437 1800.000000 2.000000 1.380379 0.542660 3.504693
Kf 0.002000 0.015437 1805.000000 2.000000 1.380379 0.542660 3.506266
Kf 0.002000 0.015437 1810.000000 2.000000 1.380379 0.542660 3.507821
Kf 0.002000 0.015437 1815.000000 2.000000 1.380379 0.542660 3.509358
Kf 0.002000 0.015437 1820.000000 2.000000 1.380379 0.542660 3.510878
Kf 0.002000 0.015437 1825.000000 2.000000 1.380379 0.542660 3.512380
Kf 0.002000 0.015437 1830.000000 2.000000 1.380379 0.542660 3.513865
Kf 0.002000 0.015437 1835.000000 2.000000 1.380379 0.542660 3.515333
Kf 0.002000 0.015437 1840.000000 2.000000 1.380379 0.542660 3.516784
Kf 0.002000 0.015437 1845.000000 2.000000 1.380379 0.542660 3.518219
Kf 0.002000 0.015437 1850.000000 2.000000 1.380379 0.542660 3.519637
Kf 0.002000 0.015437 1855.000000 2.000000 1.380379 0.542660 3.521040
Kf 0.002000 0.015437 1860.000000 2.000000 1.380379 0.542660 3.522426
Kf 0.002000 0.015437 1865.000000 2.000000 1.380379 0.542660 3.523796
Kf 0.002000 0.015437 1870.000000 2.000000 1.380379 0.542660 3.525150
Kf 0.002000 0.015437 1875.000000 2.000000 1.380379 0.542660 3.526489
Kf 0.002000 0.015437 1880.000000 2.000000 1.380379 0.542660 3.527813
Kf 0.002000 0.015437 1885.000000 2.000000 1.380379 0.542660 3.529122
Kf 0.002000 0.015437 1890.000000 2.000000 1.380379 0.542660 3.530415
Kf 0.002000 0.015437 1895.000000 2.000000 1.380379 0.542660 3.531694
Kf 0.002000 0.015437 1900.000000 2.000000 1.380379 0.542660 3.532958
Kf 0.002000 0.015437 1905.000000 2.000000 1.380379 0.542660 3.534208
Kf 0.002000 0.015437 1910.000000 2.000000 1.380379 0.542660 3.535443
Kf 0.002000 0.015437 1915.000000 2.000000 1.380379 0.542660 3.536665
Kf 0.002000 0.015437 1920.000000 2.000000 1.380379 0.542660 3.537872
Kf 0.002000 0.015437 1925.000000 2.000000 1.380379 0.542660 3.539066
Kf 0.002000 0.015437 1930.000000 2.000000 1.380379 0.542660 3.540246
Kf 0.002000 0.015437 1935.000000 2.000000 1.380379 0.542660 3.541412
Kf 0.002000 0.015437 1940.000000 2.000000 1.380379 0.542660 3.542565
Kf 0.002000 0.015437 1945.000000 2.000000 1.380379 0.542660 3.543705
Kf 0.002000 0.015437 1950.000000 2.000000 1.380379 0.542660 3.544832
Kf 0.002000 0.015437 1955.000000 2.000000 1.380379 0.542660 3.545946
Kf 0.002000 0.015437 1960.000000 2.000000 1.380379 0.542660 3.547047
Kf 0.002000 0.015437 1965.000000 2.000000 1.380379 0.542660 3.548136
Kf 0.002000 0.015437 1970.000000 2.000000 1.380379 0.542660 3.549212
Kf 0.002000 0.015437 1975.000000 2.000000 1.380379 0.542660 3.550276
Kf 0.002000 0.015437 1980.000000 2.000000 1.380379 0.542660 3.551328
Kf 0.002000 0.015437 1985.000000 2.000000 1.380379 0.542660 3.552367
Kf 0.002000 0.015437 1990.000000 2.000000 1.380379 0.542660 3.553395
Kf 0.002000 0.015437 1995.000000 2.000000 1.380379 0.542660 3.554411
Kf 0.002000 0.015437 2000.000000 2.000000 1.380379 0.542660 3.555416
Kf 0.002000 0.015437 2005.000000 2.000000 1.380379 0.542660 3.556409
Kf 0.002000 0.015437 2010.000000 2.000000 1.380379 0.542660 3.557390
Kf 0.002000 0.015437 2015.000000 2.000000 1.380379 0.542660 3.558361
Kf 0.002000 0.015437 2020.000000 2.000000 1.380379 0.542660 3.559320
Kf 0.002000 0.015437 2025.000000 2.000000 1.380379 0.542660 3.560268
Kf 0.002000 0.015437 2030.000000 2.000000 1.380379 0.542660 3.561206
Kf 0.002000 0.015437 2035.000000 2.000000 1.380379 0.542660 3.562133
Kf 0.002000 0.015437 2040.000000 2.000000 1.380379 0.542660 3.563049
Kf 0.002000 0.015437 2045.000000 2.000000 1.380379 0.542660 3.563954
Kf 0.002000 0.015437 2050.000000 2.000000 1.380379 0.542660 3.564850
Kf 0.002000 0.015437 2055.000000 2.000000 1.380379 0.542660 3.565735
Kf 0.002000 0.015437 2060.000000 2.000000 1.380379 0.542660 3.566610
Kf 0.002000 0.015437 2065.000000 2.000000 1.380379 0.542660 3.567475
Kf 0.002000 0.015437 2070.000000 2.000000 1.380379 0.542660 3.568330
Kf 0.002000 0.015437 2075.000000 2.000000 1.380379 0.542660 3.569175
Kf 0.002000 0.015437 2080.000000 2.000000 1.380379 0.542660 3.570011
Kf 0.002000 0.015437 2085.000000 2.000000 1.380379 0.542660 3.570837
Kf 0.002000 0.015437 2090.000000 2.000000 1.380379 0.542660 3.571653
Kf 0.002000 0.015437 2095.000000 2.000000 1.380379 0.542660 3.572461
Kf 0.002000 0.015437 2100.000000 2.000000 1.380379 0.542660 3.573259
Kf 0.002000 0.015437 2105.000000 2.000000 1.380379 0.542660 3.574048
Kf 0.002000 0.015437 2110.000000 2.000000 1.380379 0.542660 3.574828
Kf 0.002000 0.015437 2115.000000 2.000000 1.380379 0.542660 3.575599
Kf 0.002000 0.015437 2120.000000 2.000000 1.380379 0.542660 3.576361
Kf 0.002000 0.015437 2125.000000 2.000000 1.380379 0.542660 3.577114
Kf 0.002000 0.015437 2130.000000 2.000000 1.380379 0.542660 3.577859
Kf 0.002000 0.015437 2135.000000 2.000000 1.380379 0.542660 3.578595
Kf 0.002000 0.015437 2140.000000 2.000000 1.380379 0.542660 3.579323
Kf 0.002000 0.015437 2145.000000 2.000000 1.380379 0.542660 3.580043
Kf 0.002000 0.015437 2150.000000 2.000000 1.380379 0.542660 3.580754
Kf 0.002000 0.015437 2155.000000 2.000000 1.380379 0.542660 3.581458
Kf 0.002000 0.015437 2160.000000 2.000000 1.380379 0.542660 3.582153
Kf 0.002000 0.015437 2165.000000 2.000000 1.380379 0.542660 3.582840
Kf 0.002000 0.015437 2170.000000 2.000000 1.380379 0.542660 3.583519
Kf 0.002000 0.015437 2175.000000 2.000000 1.380379 0.542660 3.584191
Kf 0.002000 0.015437 2180.000000 2.000000 1.380379 0.542660 3.584855
Kf 0.002000 0.015437 2185.000000 2.000000 1.380379 0.542660 3.585511
Kf 0.002000 0.015437 2190.000000 2.000000 1.380379 0.542660 3.586160
Kf 0.002000 0.015437 2195.000000 2.000000 1.380379 0.542660 3.586801
Kf 0.002000 0.015437 2200.000000 2.000000 1.380379 0.542660 3.587435
Kf 0.002000 0.015437 2205.000000 2.000000 1.380379 0.542660 3.588062
Kf 0.002000 0.015437 2210.000000 2.000000 1.380379 0.542660 3.588682
Kf 0.002000 0.015437 2215.000000 2.000000 1.380379 0.542660 3.589295
Kf 0.002000 0.015437 2220.000000 2.000000 1.380379 0.542660 3.589900
Kf 0.002000 0.015437 2225.000000 2.000000 1.380379 0.542660 3.590499
Kf 0.002000 0.015437 2230.000000 2.000000 1.380379 0.542660 3.591091
Kf 0.002000 0.015437 2235.000000 2.000000 1.380379 0.542660 3.591676
Kf 0.002000 0.015437 2240.000000 2.000000 1.380379 0.542660 3.592254
Kf 0.002000 0.015437 2245.000000 2.000000 1.380379 0.542660 3.592826
Kf 0.002000 0.015437 2250.000000 2.000000 1.380379 0.542660 3.593391
Kf 0.002000 0.015437 2255.000000 2.000000 1.380379 0.542660 3.593950
Kf 0.002000 0.015437 2260.000000 2.000000 1.380379 0.542660 3.594502
Kf 0.002000 0.015437 2265.000000 2.000000 1.380379 0.542660 3.595048
Kf 0.002000 0.015437 2270.000000 2.000000 1.380379 0.542660 3.595588
Kf 0.002000 0.015437 2275.000000 2.000000 1.380379 0.542660 3.596121
Kf 0.002000 0.015437 2280.000000 2.000000 1.380379 0.542660 3.596649
Kf 0.002000 0.015437 2285.000000 2.000000 1.380379 0.542660 3.597170
Kf 0.002000 0.015437 2290.000000 2.000000 1.380379 0.542660 3.597686
Kf 0.002000 0.015437 2295.000000 2.000000 1.380379 0.542660 3.598196
Kf 0.002000 0.015437 2300.000000 2.000000 1.380379 0.542660 3.598699
Kf 0.002000 0.015437 2305.000000 2.000000 1.380379 0.542660 3.599198
Kf 0.002000 0.015437 2310.000000 2.000000 1.380379 0.542660 3.599690
Kf 0.002000 0.015437 2315.000000 2.000000 1.380379 0.542660 3.600177
Kf 0.002000 0.015437 2320.000000 2.000000 1.380379 0.542660 3.600658
Kf 0.002000 0.015437 2325.000000 2.000000 1.380379 0.542660 3.601133
Kf 0.002000 0.015437 2330.000000 2.000000 1.380379 0.542660 3.601604
Kf 0.002000 0.015437 2335.000000 2.000000 1.380379 0.542660 3.602068
Kf 0.002000 0.015437 2340.000000 2.000000 1.380379 0.542660 3.602528
Kf 0.002000 0.015437 2345.000000 2.000000 1.380379 0.542660 3.602982
Kf 0.002000 0.015437 2350.000000 2.000000 1.380379 0.542660 3.603431
Kf 0.002000 0.015437 2355.000000 2.000000 1.380379 0.542660 3.603875
Kf 0.002000 0.015437 2360.000000 2.000000 1.380379 0.542660 3.604314
Kf 0.002000 0.015437 2365.000000 2.000000 1.380379 0.542660 3.604748
Kf 0.002000 0.015437 2370.000000 2.000000 1.380379 0.542660 3.605177
Kf 0.002000 0.015437 2375.000000 2.000000 1.380379 0.542660 3.605601
Kf 0.002000 0.015437 2380.000000 2.000000 1.380379 0.542660 3.606020
Kf 0.002000 0.015437 2385.000000 2.000000 1.380379 0.542660 3.606434
Kf 0.002000 0.015437 2390.000000 2.000000 1.380379 0.542660 3.606844
Kf 0.002000 0.015437 2395.000000 2.000000 1.380379 0.542660 3.607249
Kf 0.002000 0.015437 2400.000000 2.000000 1.380379 0.542660 3.607649
Kf 0.002000 0.015437 2405.000000 2.000000 1.380379 0.542660 3.608045
Kf 0.002000 0.015437 2410.000000 2.000000 1.380379 0.542660 3.608436
Kf 0.002000 0.015437 2415.000000 2.000000 1.380379 0.542660 3.608823
Kf 0.002000 0.015437 2420.000000 2.000000 1.380379 0.542660 3.609205
Kf 0.002000 0.015437 2425.000000 2.000000 1.380379 0.542660 3.609583
Kf 0.002000 0.015437 2430.000000 2.000000 1.380379 0.542660 3.609957
Kf 0.002000 0.015437 2435.000000 2.000000 1.380379 0.542660 3.610326
Kf 0.002000 0.015437 2440.000000 2.000000 1.380379 0.542660 3.610691
Kf 0.002000 0.015437 2445.000000 2.000000 1.380379 0.542660 3.611052
Kf 0.002000 0.015437 2450.000000 2.000000 1.380379 0.542660 3.611409
Kf 0.002000 0.015437 2455.000000 2.000000 1.380379 0.542660 3.611762
Kf 0.002000 0.015437 2460.000000 2.000000 1.380379 0.542660 3.612110
Kf 0.002000 0.015437 2465.000000 2.000000 1.380379 0.542660 3.612455
Kf 0.002000 0.015437 2470.000000 2.000000 1.380379 0.542660 3.612796
Kf 0.002000 0.015437 2475.000000 2.000000 1.380379 0.542660 3.613133
Kf 0.002000 0.015437 2480.000000 2.000000 1.380379 0.542660 3.613466
Kf 0.002000 0.015437 2485.000000 2.000000 1.380379 0.542660 3.613795
Kf 0.002000 0.015437 2490.000000 2.000000 1.380379 0.542660 3.614120
Kf 0.002000 0.015437 2495.000000 2.000000 1.380379 0.542660 3.614442
Kf 0.002000 0.015437 2500.000000 2.000000 1.380379 0.542660 3.614760
Kf 0.002000 0.015437 2505.000000 2.000000 1.380379 0.542660 3.615075
Kf 0.002000 0.015437 2510.000000 2.000000 1.380379 0.542660 3.615385
Kf 0.002000 0.015437 2515.000000 2.000000 1.380379 0.542660 3.615693
Kf 0.002000 0.015437 2520.000000 2.000000 1.380379 0.542660 3.615996
Kf 0.002000 0.015437 2525.000000 2.000000 1.380379 0.542660 3.616297
Kf 0.002000 0.015437 2530.000000 2.000000 1.380379 0.542660 3.616593
Kf 0.002000 0.015437 2535.000000 2.000000 1.380379 0.542660 3.616887
Kf 0.002000 0.015437 2540.000000 2.000000 1.380379 0.542660 3.617177
Kf 0.002000 0.015437 2545.000000 2.000000 1.380379 0.542660 3.617464
Kf 0.002000 0.015437 2550.000000 2.000000 1.380379 0.542660 3.617747
Kf 0.002000 0.015437 2555.000000 2.000000 1.380379 0.542660 3.618028
Kf 0.002000 0.015437 2560.000000 2.000000 1.380379 0.542660 3.618305
Kf 0.002000 0.015437 2565.000000 2.000000 1.380379 0.542660 3.618578
Kf 0.002000 0.015437 2570.000000 2.000000 1.380379 0.542660 3.618849
Kf 0.002000 0.015437 2575.000000 2.000000 1.380379 0.542660 3.619117
Kf 0.002000 0.015437 2580.000000 2.000000 1.380379 0.542660 3.619382
Kf 0.002000 0.015437 2585.000000 2.000000 1.380379 0.542660 3.619643
Kf 0.002000 0.015437 2590.000000 2.000000 1.380379 0.542660 3.619902
Kf 0.002000 0.015437 2595.000000 2.000000 1.380379 0.542660 3.620157
Kf 0.002000 0.015437 2600.000000 2.000000 1.380379 0.542660 3.620410
Kf 0.002000 0.015437 2605.000000 2.000000 1.380379 0.542660 3.620660
Kf 0.002000 0.015437 2610.000000 2.000000 1.380379 0.542660 3.620907
Kf 0.002000 0.015437 2615.000000 2.000000 1.380379 0.542660 3.621151
Kf 0.002000 0.015437 2620.000000 2.000000 1.380379 0.542660 3.621392
Kf 0.002000 0.015437 2625.000000 2.000000 1.380379 0.542660 3.621631
Kf 0.002000 0.015437 2630.000000 2.000000 1.380379 0.542660 3.621867
Kf 0.002000 0.015437 2635.000000 2.000000 1.380379 0.542660 3.622100
Kf 0.002000 0.015437 2640.000000 2.000000 1.380379 0.542660 3.622330
Kf 0.002000 0.015437 2645.000000 2.000000 1.380379 0.542660 3.622558
Kf 0.002000 0.015437 2650.000000 2.000000 1.380379 0.542660 3.622783
Kf 0.002000 0.015437 2655.000000 2.000000 1.380379 0.542660 3.623006
Kf 0.002000 0.015437 2660.000000 2.000000 1.380379 0.542660 3.623226
Kf 0.002000 0.015437 2665.000000 2.000000 1.380379 0.542660 3.623444
Kf 0.002000 0.015437 2670.000000 2.000000 1.380379 0.542660 3.623659
Kf 0.002000 0.015437 2675.000000 2.000000 1.380379 0.542660 3.623872
Kf 0.002000 0.015437 2680.000000 2.000000 1.380379 0.542660 3.624082
Kf 0.002000 0.015437 2685.000000 2.000000 1.380379 0.542660 3.624290
Kf 0.002000 0.015437 2690.000000 2.000000 1.380379 0.542660 3.624495
Kf 0.002000 0.015437 2695.000000 2.000000 1.380379 0.542660 3.624698
Kf 0.002000 0.015437 2700.000000 2.000000 1.380379 0.542660 3.624899
Kf 0.002000 0.015437 2705.000000 2.000000 1.380379 0.542660 3.625098
Kf 0.002000 0.015437 2710.000000 2.000000 1.380379 0.542660 3.625294
Kf 0.002000 0.015437 2715.000000 2.000000 1.380379 0.542660 3.625488
Kf 0.002000 0.015437 2720.000000 2.000000 1.380379 0.542660 3.625679
Kf 0.002000 0.015437 2725.000000 2.000000 1.380379 0.542660 3.625869
Kf 0.002000 0.015437 2730.000000 2.000000 1.380379 0.542660 3.626056
Kf 0.002000 0.015437 2735.000000 2.000000 1.380379 0.542660 3.626242
Kf 0.002000 0.015437 2740.000000 2.000000 1.380379 0.542660 3.626425
Kf 0.002000 0.015437 2745.000000 2.000000 1.380379 0.542660 3.626606
Kf 0.002000 0.015437 2750.000000 2.000000 1.380379 0.542660 3.626785
Kf 0.002000 0.015437 2755.000000 2.000000 1.380379 0.542660 3.626962
Kf 0.002000 0.015437 2760.000000 2.000000 1.380379 0.542660 3.627137
Kf 0.002000 0.015437 2765.000000 2.000000 1.380379 0.542660 3.627310
Kf 0.002000 0.015437 2770.000000 2.000000 1.380379 0.542660 3.627480
Kf 0.002000 0.015437 2775.000000 2.000000 1.380379 0.542660 3.627649
Kf 0.002000 0.015437 2780.000000 2.000000 1.380379 0.542660 3.627816
Kf 0.002000 0.015437 2785.000000 2.000000 1.380379 0.542660 3.627982
Kf 0.002000 0.015437 2790.000000 2.000000 1.380379 0.542660 3.628145
Kf 0.002000 0.015437 2795.000000 2.000000 1.380379 0.542660 3.628306
Kf 0.002000 0.015437 2800.000000 2.000000 1.380379 0.542660 3.628466
Kf 0.002000 0.015437 2805.000000 2.000000 1.380379 0.542660 3.628623
Kf 0.002000 0.015437 2810.000000 2.000000 1.380379 0.542660 3.628779
Kf 0.002000 0.015437 2815.000000 2.000000 1.380379 0.542660 3.628933
Kf 0.002000 0.015437 2820.000000 2.000000 1.380379 0.542660 3.629086
Kf 0.002000 0.015437 2825.000000 2.000000 1.380379 0.542660 3.629236
Kf 0.002000 0.015437 2830.000000 2.000000 1.380379 0.542660 3.629385
Kf 0.002000 0.015437 2835.000000 2.000000 1.380379 0.542660 3.629533
Kf 0.002000 0.015437 2840.000000 2.000000 1.380379 0.542660 3.629678
Kf 0.002000 0.015437 2845.000000 2.000000 1.380379 0.542660 3.629822
Kf 0.002000 0.015437 2850.000000 2.000000 1.380379 0.542660 3.629964
Kf 0.002000 0.015437 2855.000000 2.000000 1.380379 0.542660 3.630105
Kf 0.002000 0.015437 2860.000000 2.000000 1.380379 0.542660 3.630244
Kf 0.002000 0.015437 2865.000000 2.000000 1.380379 0.542660 3.630381
Kf 0.002000 0.015437 2870.000000 2.000000 1.380379 0.542660 3.630517
Kf 0.002000 0.015437 2875.000000 2.000000 1.380379 0.542660 3.630651
Kf 0.002000 0.015437 2880.000000 2.000000 1.380379 0.542660 3.630784
Kf 0.002000 0.015437 2885.000000 2.000000 1.380379 0.542660 3.630915
Kf 0.002000 0.015437 2890.000000 2.000000 1.380379 0.542660 3.631045
Kf 0.002000 0.015437 2895.000000 2.000000 1.380379 0.542660 3.631173
Kf 0.002000 0.015437 2900.000000 2.000000 1.380379 0.542660 3.631300
Kf 0.002000 0.015437 2905.000000 2.000000 1.380379 0.542660 3.631425
Kf 0.002000 0.015437 2910.000000 2.000000 1.380379 0.542660 3.631549
Kf 0.002000 0.015437 2915.000000 2.000000 1.380379 0.542660 3.631671
Kf 0.002000 0.015437 2920.000000 2.000000 1.380379 0.542660 3.631792
Kf 0.002000 0.015437 2925.000000 2.000000 1.380379 0.542660 3.631912
Kf 0.002000 0.015437 2930.000000 2.000000 1.380379 0.542660 3.632030
Kf 0.002000 0.015437 2935.000000 2.000000 1.380379 0.542660 3.632147
Kf 0.002000 0.015437 2940.000000 2.000000 1.380379 0.542660 3.632263
Kf 0.002000 0.015437 2945.000000 2.000000 1.380379 0.542660 3.632377
Kf 0.002000 0.015437 2950.000000 2.000000 1.380379 0.542660 3.632490
Kf 0.002000 0.015437 2955.000000 2.000000 1.380379 0.542660 3.632602
Kf 0.002000 0.015437 2960.000000 2.000000 1.380379 0.542660 3.632712
Kf 0.002000 0.015437 2965.000000 2.000000 1.380379 0.542660 3.632821
Kf 0.002000 0.015437 2970.000000 2.000000 1.380379 0.542660 3.632929
Kf 0.002000 0.015437 2975.000000 2.000000 1.380379 0.542660 3.633036
Kf 0.002000 0.015437 2980.000000 2.000000 1.380379 0.542660 3.633141
Kf 0.002000 0.015437 2985.000000 2.000000 1.380379 0.542660 3.633246
Kf 0.002000 0.015437 2990.000000 2.000000 1.380379 0.542660 3.633349
Kf 0.002000 0.015437 2995.000000 2.000000 1.380379 0.542660 3.633451
Kf 0.002000 0.015437 3000.000000 2.000000 1.380379 0.542660 3.633551
Kf 0.002000 0.015437 3005.000000 2.000000 1.380379 0.542660 3.633651
Kf 0.002000 0.015437 3010.000000 2.000000 1.380379 0.542660 3.633749
Kf 0.002000 0.015437 3015.000000 2.000000 1.380379 0.542660 3.633847
Kf 0.002000 0.015437 3020.000000 2.000000 1.380379 0.542660 3.633943
Kf 0.002000 0.015437 3025.000000 2.000000 1.380379 0.542660 3.634038
Kf 0.002000 0.015437 3030.000000 2.000000 1.380379 0.542660 3.634132
Kf 0.002000 0.015437 3035.000000 2.000000 1.380379 0.542660 3.634225
Kf 0.002000 0.015437 3040.000000 2.000000 1.380379 0.542660 3.634317
Kf 0.002000 0.015437 3045.000000 2.000000 1.380379 0.542660 3.634407
Kf 0.002000 0.015437 3050.000000 2.000000 1.380379 0.542660 3.634497
Kf 0.002000 0.015437 3055.000000 2.000000 1.380379 0.542660 3.634586
Kf 0.002000 0.015437 3060.000000 2.000000 1.380379 0.542660 3.634674
Kf 0.002000 0.015437 3065.000000 2.000000 1.380379 0.542660 3.634760
Kf 0.002000 0.015437 3070.000000 2.000000 1.380379 0.542660 3.634846
Kf 0.002000 0.015437 3075.000000 2.000000 1.380379 0.542660 3.634931
Kf 0.002000 0.015437 3080.000000 2.000000 1.380379 0.542660 3.635015
Kf 0.002000 0.015437 3085.000000 2.000000 1.380379 0.542660 3.635097
Kf 0.002000 0.015437 3090.000000 2.000000 1.380379 0.542660 3.635179
Kf 0.002000 0.015437 3095.000000 2.000000 1.380379 0.542660 3.635260
Kf 0.002000 0.015437 3100.000000 2.000000 1.380379 0.542660 3.635340
Kf 0.002000 0.015437 3105.000000 2.000000 1.380379 0.542660 3.635419
Kf 0.002000 0.015437 3110.000000 2.000000 1.380379 0.542660 3.635498
Kf 0.002000 0.015437 3115.000000 2.000000 1.380379 0.542660 3.635575
Kf 0.002000 0.015437 3120.000000 2.000000 1.380379 0.542660 3.635651
Kf 0.002000 0.015437 3125.000000 2.000000 1.380379 0.542660 3.635727
Kf 0.002000 0.015437 3130.000000 2.000000 1.380379 0.542660 3.635802
Kf 0.002000 0.015437 3135.000000 2.000000 1.380379 0.542660 3.635875
Kf 0.002000 0.015437 3140.000000 2.000000 1.380379 0.542660 3.635948
Kf 0.002000 0.015437 3145.000000 2.000000 1.380379 0.542660 3.636020
Kf 0.002000 0.015437 3150.000000 2.000000 1.380379 0.542660 3.636092
Kf 0.002000 0.015437 3155.000000 2.000000 1.380379 0.542660 3.636162
Kf 0.002000 0.015437 3160.000000 2.000000 1.380379 0.542660 3.636232
Kf 0.002000 0.015437 3165.000000 2.000000 1.380379 0.542660 3.636301
Kf 0.002000 0.015437 3170.000000 2.000000 1.380379 0.542660 3.636369
Kf 0.002000 0.015437 3175.000000 2.000000 1.380379 0.542660 3.636436
Kf 0.002000 0.015437 3180.000000 2.000000 1.380379 0.542660 3.636503
Kf 0.002000 0.015437 3185.000000 2.000000 1.380379 0.542660 3.636569
Kf 0.002000 0.015437 3190.000000 2.000000 1.380379 0.542660 3.636634
Kf 0.002000 0.015437 3195.000000 2.000000 1.380379 0.542660 3.636698
Kf 0.002000 0.015437 3200.000000 2.000000 1.380379 0.542660 3.636762
Kf 0.002000 0.015437 3205.000000 2.000000 1.380379 0.542660 3.636824
Kf 0.002000 0.015437 3210.000000 2.000000 1.380379 0.542660 3.636887
Kf 0.002000 0.015437 3215.000000 2.000000 1.380379 0.542660 3.636948
Kf 0.002000 0.015437 3220.000000 2.000000 1.380379 0.542660 3.637009
Kf 0.002000 0.015437 3225.000000 2.000000 1.380379 0.542660 3.637069
Kf 0.002000 0.015437 3230.000000 2.000000 1.380379 0.542660 3.637128
Kf 0.002000 0.015437 3235.000000 2.000000 1.380379 0.542660 3.637187
Kf 0.002000 0.015437 3240.000000 2.000000 1.380379 0.542660 3.637245
Kf 0.002000 0.015437 3245.000000 2.000000 1.380379 0.542660 3.637302
Kf 0.002000 0.015437 3250.000000 2.000000 1.380379 0.542660 3.637359
Kf 0.002000 0.015437 3255.000000 2.000000 1.380379 0.542660 3.637415
Kf 0.002000 0.015437 3260.000000 2.000000 1.380379 0.542660 3.637470
Kf 0.002000 0.015437 3265.000000 2.000000 1.380379 0.542660 3.637525
Kf 0.002000 0.015437 3270.000000 2.000000 1.380379 0.542660 3.637579
Kf 0.002000 0.015437 3275.000000 2.000000 1.380379 0.542660 3.637632
Kf 0.002000 0.015437 3280.000000 2.000000 1.380379 0.542660 3.637685
Kf 0.002000 0.015437 3285.000000 2.000000 1.380379 0.542660 3.637738
Kf 0.002000 0.015437 3290.000000 2.000000 1.380379 0.542660 3.637789
Kf 0.002000 0.015437 3295.000000 2.000000 1.380379 0.542660 3.637840
Kf 0.002000 0.015437 3300.000000 2.000000 1.380379 0.542660 3.637891
Kf 0.002000 0.015437 3305.000000 2.000000 1.380379 0.542660 3.637941
Kf 0.002000 0.015437 3310.000000 2.000000 1.380379 0.542660 3.637990
Kf 0.002000 0.015437 3315.000000 2.000000 1.380379 0.542660 3.638039
Kf 0.002000 0.015437 3320.000000 2.000000 1.380379 0.542660 3.638087
Kf 0.002000 0.015437 3325.000000 2.000000 1.380379 0.542660 3.638135
Kf 0.002000 0.015437 3330.000000 2.000000 1.380379 0.542660 3.638182
Kf 0.002000 0.015437 3335.000000 2.000000 1.380379 0.542660 3.638229
Kf 0.002000 0.015437 3340.000000 2.000000 1.380379 0.542660 3.638275
Kf 0.002000 0.015437 3345.000000 2.000000 1.380379 0.542660 3.638320
Kf 0.002000 0.015437 3350.000000 2.000000 1.380379 0.542660 3.638365
Kf 0.002000 0.015437 3355.000000 2.000000 1.380379 0.542660 3.638410
Kf 0.002000 0.015437 3360.000000 2.000000 1.380379 0.542660 3.638454
Kf 0.002000 0.015437 3365.000000 2.000000 1.380379 0.542660 3.638497
Kf 0.002000 0.015437 3370.000000 2.000000 1.380379 0.542660 3.638540
Kf 0.002000 0.015437 3375.000000 2.000000 1.380379 0.542660 3.638583
Kf 0.002000 0.015437 3380.000000 2.000000 1.380379 0.542660 3.638625
Kf 0.002000 0.015437 3385.000000 2.000000 1.380379 0.542660 3.638666
Kf 0.002000 0.015437 3390.000000 2.000000 1.380379 0.542660 3.638707
Kf 0.002000 0.015437 3395.000000 2.000000 1.380379 0.542660 3.638748
Kf 0.002000 0.015437 3400.000000 2.000000 1.380379 0.542660 3.638788
Kf 0.002000 0.015437 3405.000000 2.000000 1.380379 0.542660 3.638828
Kf 0.002000 0.015437 3410.000000 2.000000 1.380379 0.542660 3.638867
Kf 0.002000 0.015437 3415.000000 2.000000 1.380379 0.542660 3.638906
Kf 0.002000 0.015437 3420.000000 2.000000 1.380379 0.542660 3.638944
Kf 0.002000 0.015437 3425.000000 2.000000 1.380379 0.542660 3.638982
Kf 0.002000 0.015437 3430.000000 2.000000 1.380379 0.542660 3.639019
Kf 0.002000 0.015437 3435.000000 2.000000 1.380379 0.542660 3.639056
Kf 0.002000 0.015437 3440.000000 2.000000 1.380379 0.542660 3.639093
Kf 0.002000 0.015437 3445.000000 2.000000 1.380379 0.542660 3.639129
Kf 0.002000 0.015437 3450.000000 2.000000 1.380379 0.542660 3.639165
Kf 0.002000 0.015437 3455.000000 2.000000 1.380379 0.542660 3.639200
Kf 0.002000 0.015437 3460.000000 2.000000 1.380379 0.542660 3.639235
Kf 0.002000 0.015437 3465.000000 2.000000 1.380379 0.542660 3.639270
Kf 0.002000 0.015437 3470.000000 2.000000 1.380379 0.542660 3.639304
Kf 0.002000 0.015437 3475.000000 2.000000 1.380379 0.542660 3.639338
Kf 0.002000 0.015437 3480.000000 2.000000 1.380379 0.542660 3.639371
Kf 0.002000 0.015437 3485.000000 2.000000 1.380379 0.542660 3.639404
Kf 0.002000 0.015437 3490.000000 2.000000 1.380379 0.542660 3.639437
Kf 0.002000 0.015437 3495.000000 2.000000 1.380379 0.542660 3.639469
Kf 0.002000 0.015437 3500.000000 2.000000 1.380379 0.542660 3.639501
Kf 0.002000 0.015437 3505.000000 2.000000 1.380379 0.542660 3.639532
Kf 0.002000 0.015437 3510.000000 2.000000 1.380379 0.542660 3.639563
Kf 0.002000 0.015437 3515.000000 2.000000 1.380379 0.542660 3.639594
Kf 0.002000 0.015437 3520.000000 2.000000 1.380379 0.542660 3.639625
Kf 0.002000 0.015437 3525.000000 2.000000 1.380379 0.542660 3.639655
Kf 0.002000 0.015437 3530.000000 2.000000 1.380379 0.542660 3.639685
Kf 0.002000 0.015437 3535.000000 2.000000 1.380379 0.542660 3.639714
Kf 0.002000 0.015437 3540.000000 2.000000 1.380379 0.542660 3.639743
Kf 0.002000 0.015437 3545.000000 2.000000 1.380379 0.542660 3.639772
Kf 0.002000 0.015437 3550.000000 2.000000 1.380379 0.542660 3.639800
Kf 0.002000 0.015437 3555.000000 2.000000 1.380379 0.542660 3.639828
Kf 0.002000 0.015437 3560.000000 2.000000 1.380379 0.542660 3.639856
Kf 0.002000 0.015437 3565.000000 2.000000 1.380379 0.542660 3.639884
Kf 0.002000 0.015437 3570.000000 2.000000 1.380379 0.542660 3.639911
Kf 0.002000 0.015437 3575.000000 2.000000 1.380379 0.542660 3.639938
Kf 0.002000 0.015437 3580.000000 2.000000 1.380379 0.542660 3.639964
Kf 0.002000 0.015437 3585.000000 2.000000 1.380379 0.542660 3.639990
Kf 0.002000 0.015437 3590.000000 2.000000 1.380379 0.542660 3.640016
Kf 0.002000 0.015437 3595.000000 2.000000 1.380379 0.542660 3.640042
Kf 0.002000 0.015437 3600.000000 2.000000 1.380379 0.542660 3.640067
