HEADER DATE 01-Aug-2017 16:12:35
HEADER RANDSEED 1749425835
Param True_Value Sim_Value Sim_Time Input mRNA foldedP fluo
d2 0.010000 0.076423 0.000000 2.000000 1.380379 0.176016 0.153058
d2 0.010000 0.076423 5.000000 2.000000 1.380379 0.176016 0.153058
d2 0.010000 0.076423 10.000000 2.000000 1.380379 0.176016 0.153058
d2 0.010000 0.076423 15.000000 2.000000 1.380379 0.176016 0.153058
d2 0.010000 0.076423 20.000000 2.000000 1.380379 0.176016 0.153058
d2 0.010000 0.076423 25.000000 2.000000 1.380379 0.176016 0.153058
d2 0.010000 0.076423 30.000000 2.000000 1.380379 0.176016 0.153058
d2 0.010000 0.076423 35.000000 2.000000 1.380379 0.176016 0.153058
d2 0.010000 0.076423 40.000000 2.000000 1.380379 0.176016 0.153058
d2 0.010000 0.076423 45.000000 2.000000 1.380379 0.176016 0.153058
d2 0.010000 0.076423 50.000000 2.000000 1.380379 0.176016 0.153058
d2 0.010000 0.076423 55.000000 2.000000 1.380379 0.176016 0.153058
d2 0.010000 0.076423 60.000000 2.000000 1.380379 0.176016 0.153058
d2 0.010000 0.076423 65.000000 2.000000 1.380379 0.176016 0.153058
d2 0.010000 0.076423 70.000000 2.000000 1.380379 0.176016 0.153058
d2 0.010000 0.076423 75.000000 2.000000 1.380379 0.176016 0.153058
d2 0.010000 0.076423 80.000000 2.000000 1.380379 0.176016 0.153058
d2 0.010000 0.076423 85.000000 2.000000 1.380379 0.176016 0.153058
d2 0.010000 0.076423 90.000000 2.000000 1.380379 0.176016 0.153058
d2 0.010000 0.076423 95.000000 2.000000 1.380379 0.176016 0.153058
d2 0.010000 0.076423 100.000000 2.000000 1.380379 0.176016 0.153058
d2 0.010000 0.076423 105.000000 2.000000 1.380379 0.176016 0.153058
d2 0.010000 0.076423 110.000000 2.000000 1.380379 0.176016 0.153058
d2 0.010000 0.076423 115.000000 2.000000 1.380379 0.176016 0.153058
d2 0.010000 0.076423 120.000000 2.000000 1.380379 0.176016 0.153058
d2 0.010000 0.076423 125.000000 2.000000 1.380379 0.176016 0.153058
d2 0.010000 0.076423 130.000000 2.000000 1.380379 0.176016 0.153058
d2 0.010000 0.076423 135.000000 2.000000 1.380379 0.176016 0.153058
d2 0.010000 0.076423 140.000000 2.000000 1.380379 0.176016 0.153058
d2 0.010000 0.076423 145.000000 2.000000 1.380379 0.176016 0.153058
d2 0.010000 0.076423 150.000000 2.000000 1.380379 0.176016 0.153058
d2 0.010000 0.076423 155.000000 2.000000 1.380379 0.176016 0.153058
d2 0.010000 0.076423 160.000000 2.000000 1.380379 0.176016 0.153058
d2 0.010000 0.076423 165.000000 2.000000 1.380379 0.176016 0.153058
d2 0.010000 0.076423 170.000000 2.000000 1.380379 0.176016 0.153058
d2 0.010000 0.076423 175.000000 2.000000 1.380379 0.176016 0.153058
d2 0.010000 0.076423 180.000000 2.000000 1.380379 0.176016 0.153058
d2 0.010000 0.076423 185.000000 2.000000 1.380379 0.176016 0.153058
d2 0.010000 0.076423 190.000000 2.000000 1.380379 0.176016 0.153058
d2 0.010000 0.076423 195.000000 2.000000 1.380379 0.176016 0.153058
d2 0.010000 0.076423 200.000000 2.000000 1.380379 0.176016 0.153058
d2 0.010000 0.076423 205.000000 2.000000 1.380379 0.176016 0.153058
d2 0.010000 0.076423 210.000000 2.000000 1.380379 0.176016 0.153058
d2 0.010000 0.076423 215.000000 2.000000 1.380379 0.176016 0.153058
d2 0.010000 0.076423 220.000000 2.000000 1.380379 0.176016 0.153058
d2 0.010000 0.076423 225.000000 2.000000 1.380379 0.176016 0.153058
d2 0.010000 0.076423 230.000000 2.000000 1.380379 0.176016 0.153058
d2 0.010000 0.076423 235.000000 2.000000 1.380379 0.176016 0.153058
d2 0.010000 0.076423 240.000000 2.000000 1.380379 0.176016 0.153058
d2 0.010000 0.076423 245.000000 2.000000 1.380379 0.176016 0.153058
d2 0.010000 0.076423 250.000000 2.000000 1.380379 0.176016 0.153058
d2 0.010000 0.076423 255.000000 2.000000 1.380379 0.176016 0.153058
d2 0.010000 0.076423 260.000000 2.000000 1.380379 0.176016 0.153058
d2 0.010000 0.076423 265.000000 2.000000 1.380379 0.176016 0.153058
d2 0.010000 0.076423 270.000000 2.000000 1.380379 0.176016 0.153058
d2 0.010000 0.076423 275.000000 2.000000 1.380379 0.176016 0.153058
d2 0.010000 0.076423 280.000000 2.000000 1.380379 0.176016 0.153058
d2 0.010000 0.076423 285.000000 2.000000 1.380379 0.176016 0.153058
d2 0.010000 0.076423 290.000000 2.000000 1.380379 0.176016 0.153058
d2 0.010000 0.076423 295.000000 2.000000 1.380379 0.176016 0.153058
d2 0.010000 0.076423 300.000000 2.000000 1.380379 0.176016 0.153058
d2 0.010000 0.076423 305.000000 0.000000 1.188258 0.171685 0.153043
d2 0.010000 0.076423 310.000000 0.000000 1.022896 0.161416 0.152952
d2 0.010000 0.076423 315.000000 0.000000 0.880569 0.148157 0.152744
d2 0.010000 0.076423 320.000000 0.000000 0.758066 0.133760 0.152399
d2 0.010000 0.076423 325.000000 0.000000 0.652628 0.119350 0.151914
d2 0.010000 0.076423 330.000000 0.000000 0.561875 0.105584 0.151295
d2 0.010000 0.076423 335.000000 0.000000 0.483764 0.092814 0.150550
d2 0.010000 0.076423 340.000000 0.000000 0.416534 0.081201 0.149693
d2 0.010000 0.076423 345.000000 0.000000 0.358668 0.070786 0.148735
d2 0.010000 0.076423 350.000000 0.000000 0.308862 0.061537 0.147692
d2 0.010000 0.076423 355.000000 0.000000 0.265994 0.053385 0.146573
d2 0.010000 0.076423 360.000000 0.000000 0.229097 0.046238 0.145392
d2 0.010000 0.076423 365.000000 0.000000 0.197339 0.040000 0.144157
d2 0.010000 0.076423 370.000000 0.000000 0.170005 0.034571 0.142879
d2 0.010000 0.076423 375.000000 0.000000 0.146479 0.029858 0.141565
d2 0.010000 0.076423 380.000000 0.000000 0.126229 0.025775 0.140222
d2 0.010000 0.076423 385.000000 0.000000 0.108801 0.022242 0.138857
d2 0.010000 0.076423 390.000000 0.000000 0.093799 0.019190 0.137475
d2 0.010000 0.076423 395.000000 0.000000 0.080888 0.016554 0.136081
d2 0.010000 0.076423 400.000000 0.000000 0.069774 0.014279 0.134678
d2 0.010000 0.076423 405.000000 0.000000 0.060209 0.012318 0.133270
d2 0.010000 0.076423 410.000000 0.000000 0.051976 0.010627 0.131860
d2 0.010000 0.076423 415.000000 0.000000 0.044890 0.009170 0.130450
d2 0.010000 0.076423 420.000000 0.000000 0.038791 0.007915 0.129043
d2 0.010000 0.076423 425.000000 0.000000 0.033542 0.006834 0.127641
d2 0.010000 0.076423 430.000000 0.000000 0.029023 0.005902 0.126245
d2 0.010000 0.076423 435.000000 0.000000 0.025134 0.005101 0.124856
d2 0.010000 0.076423 440.000000 0.000000 0.021787 0.004410 0.123475
d2 0.010000 0.076423 445.000000 0.000000 0.018906 0.003816 0.122104
d2 0.010000 0.076423 450.000000 0.000000 0.016427 0.003304 0.120744
d2 0.010000 0.076423 455.000000 0.000000 0.014292 0.002864 0.119394
d2 0.010000 0.076423 460.000000 0.000000 0.012455 0.002485 0.118055
d2 0.010000 0.076423 465.000000 0.000000 0.010874 0.002158 0.116728
d2 0.010000 0.076423 470.000000 0.000000 0.009513 0.001877 0.115413
d2 0.010000 0.076423 475.000000 0.000000 0.008342 0.001635 0.114111
d2 0.010000 0.076423 480.000000 0.000000 0.007334 0.001427 0.112822
d2 0.010000 0.076423 485.000000 0.000000 0.006466 0.001248 0.111545
d2 0.010000 0.076423 490.000000 0.000000 0.005719 0.001094 0.110281
d2 0.010000 0.076423 495.000000 0.000000 0.005076 0.000961 0.109030
d2 0.010000 0.076423 500.000000 0.000000 0.004523 0.000847 0.107793
d2 0.010000 0.076423 505.000000 0.000000 0.004047 0.000748 0.106568
d2 0.010000 0.076423 510.000000 0.000000 0.003637 0.000664 0.105357
d2 0.010000 0.076423 515.000000 0.000000 0.003284 0.000591 0.104158
d2 0.010000 0.076423 520.000000 0.000000 0.002980 0.000528 0.102973
d2 0.010000 0.076423 525.000000 0.000000 0.002719 0.000474 0.101800
d2 0.010000 0.076423 530.000000 0.000000 0.002494 0.000428 0.100641
d2 0.010000 0.076423 535.000000 0.000000 0.002301 0.000388 0.099494
d2 0.010000 0.076423 540.000000 0.000000 0.002134 0.000353 0.098360
d2 0.010000 0.076423 545.000000 0.000000 0.001990 0.000324 0.097239
d2 0.010000 0.076423 550.000000 0.000000 0.001867 0.000298 0.096130
d2 0.010000 0.076423 555.000000 0.000000 0.001761 0.000276 0.095034
d2 0.010000 0.076423 560.000000 0.000000 0.001669 0.000258 0.093950
d2 0.010000 0.076423 565.000000 0.000000 0.001591 0.000241 0.092878
d2 0.010000 0.076423 570.000000 0.000000 0.001523 0.000227 0.091818
d2 0.010000 0.076423 575.000000 0.000000 0.001464 0.000215 0.090771
d2 0.010000 0.076423 580.000000 0.000000 0.001414 0.000205 0.089735
d2 0.010000 0.076423 585.000000 0.000000 0.001371 0.000196 0.088711
d2 0.010000 0.076423 590.000000 0.000000 0.001334 0.000188 0.087698
d2 0.010000 0.076423 595.000000 0.000000 0.001302 0.000182 0.086698
d2 0.010000 0.076423 600.000000 0.000000 0.001274 0.000176 0.085708
d2 0.010000 0.076423 605.000000 0.000000 0.001251 0.000171 0.084730
d2 0.010000 0.076423 610.000000 0.000000 0.001230 0.000167 0.083763
d2 0.010000 0.076423 615.000000 0.000000 0.001213 0.000163 0.082807
d2 0.010000 0.076423 620.000000 0.000000 0.001198 0.000160 0.081861
d2 0.010000 0.076423 625.000000 0.000000 0.001184 0.000157 0.080927
d2 0.010000 0.076423 630.000000 0.000000 0.001173 0.000155 0.080003
d2 0.010000 0.076423 635.000000 0.000000 0.001164 0.000153 0.079090
d2 0.010000 0.076423 640.000000 0.000000 0.001155 0.000151 0.078187
d2 0.010000 0.076423 645.000000 0.000000 0.001148 0.000150 0.077295
d2 0.010000 0.076423 650.000000 0.000000 0.001142 0.000149 0.076412
d2 0.010000 0.076423 655.000000 0.000000 0.001137 0.000148 0.075540
d2 0.010000 0.076423 660.000000 0.000000 0.001132 0.000147 0.074678
d2 0.010000 0.076423 665.000000 0.000000 0.001128 0.000146 0.073825
d2 0.010000 0.076423 670.000000 0.000000 0.001125 0.000145 0.072983
d2 0.010000 0.076423 675.000000 0.000000 0.001122 0.000145 0.072150
d2 0.010000 0.076423 680.000000 0.000000 0.001120 0.000144 0.071326
d2 0.010000 0.076423 685.000000 0.000000 0.001117 0.000144 0.070512
d2 0.010000 0.076423 690.000000 0.000000 0.001116 0.000143 0.069707
d2 0.010000 0.076423 695.000000 0.000000 0.001114 0.000143 0.068911
d2 0.010000 0.076423 700.000000 0.000000 0.001113 0.000143 0.068125
d2 0.010000 0.076423 705.000000 0.000000 0.001111 0.000142 0.067347
d2 0.010000 0.076423 710.000000 0.000000 0.001110 0.000142 0.066579
d2 0.010000 0.076423 715.000000 0.000000 0.001109 0.000142 0.065819
d2 0.010000 0.076423 720.000000 0.000000 0.001109 0.000142 0.065068
d2 0.010000 0.076423 725.000000 0.000000 0.001108 0.000142 0.064325
d2 0.010000 0.076423 730.000000 0.000000 0.001108 0.000142 0.063591
d2 0.010000 0.076423 735.000000 0.000000 0.001107 0.000141 0.062865
d2 0.010000 0.076423 740.000000 0.000000 0.001107 0.000141 0.062148
d2 0.010000 0.076423 745.000000 0.000000 0.001106 0.000141 0.061439
d2 0.010000 0.076423 750.000000 0.000000 0.001106 0.000141 0.060738
d2 0.010000 0.076423 755.000000 0.000000 0.001106 0.000141 0.060045
d2 0.010000 0.076423 760.000000 0.000000 0.001106 0.000141 0.059359
d2 0.010000 0.076423 765.000000 0.000000 0.001105 0.000141 0.058682
d2 0.010000 0.076423 770.000000 0.000000 0.001105 0.000141 0.058013
d2 0.010000 0.076423 775.000000 0.000000 0.001105 0.000141 0.057351
d2 0.010000 0.076423 780.000000 0.000000 0.001105 0.000141 0.056696
d2 0.010000 0.076423 785.000000 0.000000 0.001105 0.000141 0.056049
d2 0.010000 0.076423 790.000000 0.000000 0.001105 0.000141 0.055410
d2 0.010000 0.076423 795.000000 0.000000 0.001105 0.000141 0.054778
d2 0.010000 0.076423 800.000000 0.000000 0.001105 0.000141 0.054153
d2 0.010000 0.076423 805.000000 0.000000 0.001105 0.000141 0.053535
d2 0.010000 0.076423 810.000000 0.000000 0.001104 0.000141 0.052924
d2 0.010000 0.076423 815.000000 0.000000 0.001104 0.000141 0.052321
d2 0.010000 0.076423 820.000000 0.000000 0.001104 0.000141 0.051724
d2 0.010000 0.076423 825.000000 0.000000 0.001104 0.000141 0.051134
d2 0.010000 0.076423 830.000000 0.000000 0.001104 0.000141 0.050550
d2 0.010000 0.076423 835.000000 0.000000 0.001104 0.000141 0.049974
d2 0.010000 0.076423 840.000000 0.000000 0.001104 0.000141 0.049404
d2 0.010000 0.076423 845.000000 0.000000 0.001104 0.000141 0.048840
d2 0.010000 0.076423 850.000000 0.000000 0.001104 0.000141 0.048283
d2 0.010000 0.076423 855.000000 0.000000 0.001104 0.000141 0.047733
d2 0.010000 0.076423 860.000000 0.000000 0.001104 0.000141 0.047188
d2 0.010000 0.076423 865.000000 0.000000 0.001104 0.000141 0.046650
d2 0.010000 0.076423 870.000000 0.000000 0.001104 0.000141 0.046118
d2 0.010000 0.076423 875.000000 0.000000 0.001104 0.000141 0.045592
d2 0.010000 0.076423 880.000000 0.000000 0.001104 0.000141 0.045072
d2 0.010000 0.076423 885.000000 0.000000 0.001104 0.000141 0.044558
d2 0.010000 0.076423 890.000000 0.000000 0.001104 0.000141 0.044050
d2 0.010000 0.076423 895.000000 0.000000 0.001104 0.000141 0.043548
d2 0.010000 0.076423 900.000000 0.000000 0.001104 0.000141 0.043051
d2 0.010000 0.076423 905.000000 0.000000 0.001104 0.000141 0.042561
d2 0.010000 0.076423 910.000000 0.000000 0.001104 0.000141 0.042075
d2 0.010000 0.076423 915.000000 0.000000 0.001104 0.000141 0.041596
d2 0.010000 0.076423 920.000000 0.000000 0.001104 0.000141 0.041121
d2 0.010000 0.076423 925.000000 0.000000 0.001104 0.000141 0.040653
d2 0.010000 0.076423 930.000000 0.000000 0.001104 0.000141 0.040189
d2 0.010000 0.076423 935.000000 0.000000 0.001104 0.000141 0.039731
d2 0.010000 0.076423 940.000000 0.000000 0.001104 0.000141 0.039278
d2 0.010000 0.076423 945.000000 0.000000 0.001104 0.000141 0.038830
d2 0.010000 0.076423 950.000000 0.000000 0.001104 0.000141 0.038388
d2 0.010000 0.076423 955.000000 0.000000 0.001104 0.000141 0.037950
d2 0.010000 0.076423 960.000000 0.000000 0.001104 0.000141 0.037518
d2 0.010000 0.076423 965.000000 0.000000 0.001104 0.000141 0.037090
d2 0.010000 0.076423 970.000000 0.000000 0.001104 0.000141 0.036668
d2 0.010000 0.076423 975.000000 0.000000 0.001104 0.000141 0.036250
d2 0.010000 0.076423 980.000000 0.000000 0.001104 0.000141 0.035837
d2 0.010000 0.076423 985.000000 0.000000 0.001104 0.000141 0.035428
d2 0.010000 0.076423 990.000000 0.000000 0.001104 0.000141 0.035025
d2 0.010000 0.076423 995.000000 0.000000 0.001104 0.000141 0.034625
d2 0.010000 0.076423 1000.000000 0.000000 0.001104 0.000141 0.034231
d2 0.010000 0.076423 1005.000000 0.000000 0.001104 0.000141 0.033841
d2 0.010000 0.076423 1010.000000 0.000000 0.001104 0.000141 0.033455
d2 0.010000 0.076423 1015.000000 0.000000 0.001104 0.000141 0.033074
d2 0.010000 0.076423 1020.000000 0.000000 0.001104 0.000141 0.032697
d2 0.010000 0.076423 1025.000000 0.000000 0.001104 0.000141 0.032325
d2 0.010000 0.076423 1030.000000 0.000000 0.001104 0.000141 0.031957
d2 0.010000 0.076423 1035.000000 0.000000 0.001104 0.000141 0.031593
d2 0.010000 0.076423 1040.000000 0.000000 0.001104 0.000141 0.031233
d2 0.010000 0.076423 1045.000000 0.000000 0.001104 0.000141 0.030877
d2 0.010000 0.076423 1050.000000 0.000000 0.001104 0.000141 0.030526
d2 0.010000 0.076423 1055.000000 0.000000 0.001104 0.000141 0.030178
d2 0.010000 0.076423 1060.000000 0.000000 0.001104 0.000141 0.029834
d2 0.010000 0.076423 1065.000000 0.000000 0.001104 0.000141 0.029495
d2 0.010000 0.076423 1070.000000 0.000000 0.001104 0.000141 0.029159
d2 0.010000 0.076423 1075.000000 0.000000 0.001104 0.000141 0.028827
d2 0.010000 0.076423 1080.000000 0.000000 0.001104 0.000141 0.028499
d2 0.010000 0.076423 1085.000000 0.000000 0.001104 0.000141 0.028174
d2 0.010000 0.076423 1090.000000 0.000000 0.001104 0.000141 0.027853
d2 0.010000 0.076423 1095.000000 0.000000 0.001104 0.000141 0.027536
d2 0.010000 0.076423 1100.000000 0.000000 0.001104 0.000141 0.027223
d2 0.010000 0.076423 1105.000000 0.000000 0.001104 0.000141 0.026913
d2 0.010000 0.076423 1110.000000 0.000000 0.001104 0.000141 0.026607
d2 0.010000 0.076423 1115.000000 0.000000 0.001104 0.000141 0.026304
d2 0.010000 0.076423 1120.000000 0.000000 0.001104 0.000141 0.026004
d2 0.010000 0.076423 1125.000000 0.000000 0.001104 0.000141 0.025708
d2 0.010000 0.076423 1130.000000 0.000000 0.001104 0.000141 0.025416
d2 0.010000 0.076423 1135.000000 0.000000 0.001104 0.000141 0.025127
d2 0.010000 0.076423 1140.000000 0.000000 0.001104 0.000141 0.024841
d2 0.010000 0.076423 1145.000000 0.000000 0.001104 0.000141 0.024558
d2 0.010000 0.076423 1150.000000 0.000000 0.001104 0.000141 0.024279
d2 0.010000 0.076423 1155.000000 0.000000 0.001104 0.000141 0.024003
d2 0.010000 0.076423 1160.000000 0.000000 0.001104 0.000141 0.023730
d2 0.010000 0.076423 1165.000000 0.000000 0.001104 0.000141 0.023460
d2 0.010000 0.076423 1170.000000 0.000000 0.001104 0.000141 0.023193
d2 0.010000 0.076423 1175.000000 0.000000 0.001104 0.000141 0.022929
d2 0.010000 0.076423 1180.000000 0.000000 0.001104 0.000141 0.022668
d2 0.010000 0.076423 1185.000000 0.000000 0.001104 0.000141 0.022410
d2 0.010000 0.076423 1190.000000 0.000000 0.001104 0.000141 0.022156
d2 0.010000 0.076423 1195.000000 0.000000 0.001104 0.000141 0.021904
d2 0.010000 0.076423 1200.000000 0.000000 0.001104 0.000141 0.021655
d2 0.010000 0.076423 1205.000000 0.000000 0.001104 0.000141 0.021408
d2 0.010000 0.076423 1210.000000 0.000000 0.001104 0.000141 0.021165
d2 0.010000 0.076423 1215.000000 0.000000 0.001104 0.000141 0.020924
d2 0.010000 0.076423 1220.000000 0.000000 0.001104 0.000141 0.020687
d2 0.010000 0.076423 1225.000000 0.000000 0.001104 0.000141 0.020451
d2 0.010000 0.076423 1230.000000 0.000000 0.001104 0.000141 0.020219
d2 0.010000 0.076423 1235.000000 0.000000 0.001104 0.000141 0.019989
d2 0.010000 0.076423 1240.000000 0.000000 0.001104 0.000141 0.019762
d2 0.010000 0.076423 1245.000000 0.000000 0.001104 0.000141 0.019537
d2 0.010000 0.076423 1250.000000 0.000000 0.001104 0.000141 0.019315
d2 0.010000 0.076423 1255.000000 0.000000 0.001104 0.000141 0.019096
d2 0.010000 0.076423 1260.000000 0.000000 0.001104 0.000141 0.018879
d2 0.010000 0.076423 1265.000000 0.000000 0.001104 0.000141 0.018665
d2 0.010000 0.076423 1270.000000 0.000000 0.001104 0.000141 0.018453
d2 0.010000 0.076423 1275.000000 0.000000 0.001104 0.000141 0.018243
d2 0.010000 0.076423 1280.000000 0.000000 0.001104 0.000141 0.018036
d2 0.010000 0.076423 1285.000000 0.000000 0.001104 0.000141 0.017831
d2 0.010000 0.076423 1290.000000 0.000000 0.001104 0.000141 0.017629
d2 0.010000 0.076423 1295.000000 0.000000 0.001104 0.000141 0.017428
d2 0.010000 0.076423 1300.000000 0.000000 0.001104 0.000141 0.017230
d2 0.010000 0.076423 1305.000000 0.000000 0.001104 0.000141 0.017035
d2 0.010000 0.076423 1310.000000 0.000000 0.001104 0.000141 0.016842
d2 0.010000 0.076423 1315.000000 0.000000 0.001104 0.000141 0.016650
d2 0.010000 0.076423 1320.000000 0.000000 0.001104 0.000141 0.016461
d2 0.010000 0.076423 1325.000000 0.000000 0.001104 0.000141 0.016275
d2 0.010000 0.076423 1330.000000 0.000000 0.001104 0.000141 0.016090
d2 0.010000 0.076423 1335.000000 0.000000 0.001104 0.000141 0.015907
d2 0.010000 0.076423 1340.000000 0.000000 0.001104 0.000141 0.015727
d2 0.010000 0.076423 1345.000000 0.000000 0.001104 0.000141 0.015548
d2 0.010000 0.076423 1350.000000 0.000000 0.001104 0.000141 0.015372
d2 0.010000 0.076423 1355.000000 0.000000 0.001104 0.000141 0.015198
d2 0.010000 0.076423 1360.000000 0.000000 0.001104 0.000141 0.015025
d2 0.010000 0.076423 1365.000000 0.000000 0.001104 0.000141 0.014855
d2 0.010000 0.076423 1370.000000 0.000000 0.001104 0.000141 0.014686
d2 0.010000 0.076423 1375.000000 0.000000 0.001104 0.000141 0.014520
d2 0.010000 0.076423 1380.000000 0.000000 0.001104 0.000141 0.014355
d2 0.010000 0.076423 1385.000000 0.000000 0.001104 0.000141 0.014193
d2 0.010000 0.076423 1390.000000 0.000000 0.001104 0.000141 0.014032
d2 0.010000 0.076423 1395.000000 0.000000 0.001104 0.000141 0.013873
d2 0.010000 0.076423 1400.000000 0.000000 0.001104 0.000141 0.013715
d2 0.010000 0.076423 1405.000000 0.000000 0.001104 0.000141 0.013560
d2 0.010000 0.076423 1410.000000 0.000000 0.001104 0.000141 0.013406
d2 0.010000 0.076423 1415.000000 0.000000 0.001104 0.000141 0.013254
d2 0.010000 0.076423 1420.000000 0.000000 0.001104 0.000141 0.013104
d2 0.010000 0.076423 1425.000000 0.000000 0.001104 0.000141 0.012956
d2 0.010000 0.076423 1430.000000 0.000000 0.001104 0.000141 0.012809
d2 0.010000 0.076423 1435.000000 0.000000 0.001104 0.000141 0.012664
d2 0.010000 0.076423 1440.000000 0.000000 0.001104 0.000141 0.012521
d2 0.010000 0.076423 1445.000000 0.000000 0.001104 0.000141 0.012379
d2 0.010000 0.076423 1450.000000 0.000000 0.001104 0.000141 0.012239
d2 0.010000 0.076423 1455.000000 0.000000 0.001104 0.000141 0.012100
d2 0.010000 0.076423 1460.000000 0.000000 0.001104 0.000141 0.011963
d2 0.010000 0.076423 1465.000000 0.000000 0.001104 0.000141 0.011828
d2 0.010000 0.076423 1470.000000 0.000000 0.001104 0.000141 0.011694
d2 0.010000 0.076423 1475.000000 0.000000 0.001104 0.000141 0.011562
d2 0.010000 0.076423 1480.000000 0.000000 0.001104 0.000141 0.011431
d2 0.010000 0.076423 1485.000000 0.000000 0.001104 0.000141 0.011302
d2 0.010000 0.076423 1490.000000 0.000000 0.001104 0.000141 0.011174
d2 0.010000 0.076423 1495.000000 0.000000 0.001104 0.000141 0.011047
d2 0.010000 0.076423 1500.000000 0.000000 0.001104 0.000141 0.010923
d2 0.010000 0.076423 1505.000000 0.000000 0.001104 0.000141 0.010799
d2 0.010000 0.076423 1510.000000 0.000000 0.001104 0.000141 0.010677
d2 0.010000 0.076423 1515.000000 0.000000 0.001104 0.000141 0.010556
d2 0.010000 0.076423 1520.000000 0.000000 0.001104 0.000141 0.010437
d2 0.010000 0.076423 1525.000000 0.000000 0.001104 0.000141 0.010319
d2 0.010000 0.076423 1530.000000 0.000000 0.001104 0.000141 0.010202
d2 0.010000 0.076423 1535.000000 0.000000 0.001104 0.000141 0.010087
d2 0.010000 0.076423 1540.000000 0.000000 0.001104 0.000141 0.009973
d2 0.010000 0.076423 1545.000000 0.000000 0.001104 0.000141 0.009861
d2 0.010000 0.076423 1550.000000 0.000000 0.001104 0.000141 0.009749
d2 0.010000 0.076423 1555.000000 0.000000 0.001104 0.000141 0.009639
d2 0.010000 0.076423 1560.000000 0.000000 0.001104 0.000141 0.009530
d2 0.010000 0.076423 1565.000000 0.000000 0.001104 0.000141 0.009423
d2 0.010000 0.076423 1570.000000 0.000000 0.001104 0.000141 0.009317
d2 0.010000 0.076423 1575.000000 0.000000 0.001104 0.000141 0.009211
d2 0.010000 0.076423 1580.000000 0.000000 0.001104 0.000141 0.009107
d2 0.010000 0.076423 1585.000000 0.000000 0.001104 0.000141 0.009005
d2 0.010000 0.076423 1590.000000 0.000000 0.001104 0.000141 0.008903
d2 0.010000 0.076423 1595.000000 0.000000 0.001104 0.000141 0.008803
d2 0.010000 0.076423 1600.000000 0.000000 0.001104 0.000141 0.008704
d2 0.010000 0.076423 1605.000000 0.000000 0.001104 0.000141 0.008605
d2 0.010000 0.076423 1610.000000 0.000000 0.001104 0.000141 0.008508
d2 0.010000 0.076423 1615.000000 0.000000 0.001104 0.000141 0.008413
d2 0.010000 0.076423 1620.000000 0.000000 0.001104 0.000141 0.008318
d2 0.010000 0.076423 1625.000000 0.000000 0.001104 0.000141 0.008224
d2 0.010000 0.076423 1630.000000 0.000000 0.001104 0.000141 0.008131
d2 0.010000 0.076423 1635.000000 0.000000 0.001104 0.000141 0.008040
d2 0.010000 0.076423 1640.000000 0.000000 0.001104 0.000141 0.007949
d2 0.010000 0.076423 1645.000000 0.000000 0.001104 0.000141 0.007860
d2 0.010000 0.076423 1650.000000 0.000000 0.001104 0.000141 0.007771
d2 0.010000 0.076423 1655.000000 0.000000 0.001104 0.000141 0.007684
d2 0.010000 0.076423 1660.000000 0.000000 0.001104 0.000141 0.007597
d2 0.010000 0.076423 1665.000000 0.000000 0.001104 0.000141 0.007512
d2 0.010000 0.076423 1670.000000 0.000000 0.001104 0.000141 0.007427
d2 0.010000 0.076423 1675.000000 0.000000 0.001104 0.000141 0.007344
d2 0.010000 0.076423 1680.000000 0.000000 0.001104 0.000141 0.007261
d2 0.010000 0.076423 1685.000000 0.000000 0.001104 0.000141 0.007180
d2 0.010000 0.076423 1690.000000 0.000000 0.001104 0.000141 0.007099
d2 0.010000 0.076423 1695.000000 0.000000 0.001104 0.000141 0.007019
d2 0.010000 0.076423 1700.000000 0.000000 0.001104 0.000141 0.006940
d2 0.010000 0.076423 1705.000000 0.000000 0.001104 0.000141 0.006862
d2 0.010000 0.076423 1710.000000 0.000000 0.001104 0.000141 0.006785
d2 0.010000 0.076423 1715.000000 0.000000 0.001104 0.000141 0.006709
d2 0.010000 0.076423 1720.000000 0.000000 0.001104 0.000141 0.006634
d2 0.010000 0.076423 1725.000000 0.000000 0.001104 0.000141 0.006559
d2 0.010000 0.076423 1730.000000 0.000000 0.001104 0.000141 0.006486
d2 0.010000 0.076423 1735.000000 0.000000 0.001104 0.000141 0.006413
d2 0.010000 0.076423 1740.000000 0.000000 0.001104 0.000141 0.006341
d2 0.010000 0.076423 1745.000000 0.000000 0.001104 0.000141 0.006270
d2 0.010000 0.076423 1750.000000 0.000000 0.001104 0.000141 0.006200
d2 0.010000 0.076423 1755.000000 0.000000 0.001104 0.000141 0.006130
d2 0.010000 0.076423 1760.000000 0.000000 0.001104 0.000141 0.006062
d2 0.010000 0.076423 1765.000000 0.000000 0.001104 0.000141 0.005994
d2 0.010000 0.076423 1770.000000 0.000000 0.001104 0.000141 0.005927
d2 0.010000 0.076423 1775.000000 0.000000 0.001104 0.000141 0.005860
d2 0.010000 0.076423 1780.000000 0.000000 0.001104 0.000141 0.005795
d2 0.010000 0.076423 1785.000000 0.000000 0.001104 0.000141 0.005730
d2 0.010000 0.076423 1790.000000 0.000000 0.001104 0.000141 0.005666
d2 0.010000 0.076423 1795.000000 0.000000 0.001104 0.000141 0.005602
d2 0.010000 0.076423 1800.000000 0.000000 0.001104 0.000141 0.005540
d2 0.010000 0.076423 1805.000000 0.000000 0.001104 0.000141 0.005478
d2 0.010000 0.076423 1810.000000 0.000000 0.001104 0.000141 0.005416
d2 0.010000 0.076423 1815.000000 0.000000 0.001104 0.000141 0.005356
d2 0.010000 0.076423 1820.000000 0.000000 0.001104 0.000141 0.005296
d2 0.010000 0.076423 1825.000000 0.000000 0.001104 0.000141 0.005237
d2 0.010000 0.076423 1830.000000 0.000000 0.001104 0.000141 0.005178
d2 0.010000 0.076423 1835.000000 0.000000 0.001104 0.000141 0.005121
d2 0.010000 0.076423 1840.000000 0.000000 0.001104 0.000141 0.005063
d2 0.010000 0.076423 1845.000000 0.000000 0.001104 0.000141 0.005007
d2 0.010000 0.076423 1850.000000 0.000000 0.001104 0.000141 0.004951
d2 0.010000 0.076423 1855.000000 0.000000 0.001104 0.000141 0.004896
d2 0.010000 0.076423 1860.000000 0.000000 0.001104 0.000141 0.004841
d2 0.010000 0.076423 1865.000000 0.000000 0.001104 0.000141 0.004787
d2 0.010000 0.076423 1870.000000 0.000000 0.001104 0.000141 0.004734
d2 0.010000 0.076423 1875.000000 0.000000 0.001104 0.000141 0.004681
d2 0.010000 0.076423 1880.000000 0.000000 0.001104 0.000141 0.004629
d2 0.010000 0.076423 1885.000000 0.000000 0.001104 0.000141 0.004578
d2 0.010000 0.076423 1890.000000 0.000000 0.001104 0.000141 0.004527
d2 0.010000 0.076423 1895.000000 0.000000 0.001104 0.000141 0.004476
d2 0.010000 0.076423 1900.000000 0.000000 0.001104 0.000141 0.004427
d2 0.010000 0.076423 1905.000000 0.000000 0.001104 0.000141 0.004377
d2 0.010000 0.076423 1910.000000 0.000000 0.001104 0.000141 0.004329
d2 0.010000 0.076423 1915.000000 0.000000 0.001104 0.000141 0.004281
d2 0.010000 0.076423 1920.000000 0.000000 0.001104 0.000141 0.004233
d2 0.010000 0.076423 1925.000000 0.000000 0.001104 0.000141 0.004186
d2 0.010000 0.076423 1930.000000 0.000000 0.001104 0.000141 0.004140
d2 0.010000 0.076423 1935.000000 0.000000 0.001104 0.000141 0.004094
d2 0.010000 0.076423 1940.000000 0.000000 0.001104 0.000141 0.004048
d2 0.010000 0.076423 1945.000000 0.000000 0.001104 0.000141 0.004003
d2 0.010000 0.076423 1950.000000 0.000000 0.001104 0.000141 0.003959
d2 0.010000 0.076423 1955.000000 0.000000 0.001104 0.000141 0.003915
d2 0.010000 0.076423 1960.000000 0.000000 0.001104 0.000141 0.003872
d2 0.010000 0.076423 1965.000000 0.000000 0.001104 0.000141 0.003829
d2 0.010000 0.076423 1970.000000 0.000000 0.001104 0.000141 0.003786
d2 0.010000 0.076423 1975.000000 0.000000 0.001104 0.000141 0.003745
d2 0.010000 0.076423 1980.000000 0.000000 0.001104 0.000141 0.003703
d2 0.010000 0.076423 1985.000000 0.000000 0.001104 0.000141 0.003662
d2 0.010000 0.076423 1990.000000 0.000000 0.001104 0.000141 0.003622
d2 0.010000 0.076423 1995.000000 0.000000 0.001104 0.000141 0.003582
d2 0.010000 0.076423 2000.000000 0.000000 0.001104 0.000141 0.003542
d2 0.010000 0.076423 2005.000000 0.000000 0.001104 0.000141 0.003503
d2 0.010000 0.076423 2010.000000 0.000000 0.001104 0.000141 0.003464
d2 0.010000 0.076423 2015.000000 0.000000 0.001104 0.000141 0.003426
d2 0.010000 0.076423 2020.000000 0.000000 0.001104 0.000141 0.003388
d2 0.010000 0.076423 2025.000000 0.000000 0.001104 0.000141 0.003351
d2 0.010000 0.076423 2030.000000 0.000000 0.001104 0.000141 0.003314
d2 0.010000 0.076423 2035.000000 0.000000 0.001104 0.000141 0.003278
d2 0.010000 0.076423 2040.000000 0.000000 0.001104 0.000141 0.003242
d2 0.010000 0.076423 2045.000000 0.000000 0.001104 0.000141 0.003206
d2 0.010000 0.076423 2050.000000 0.000000 0.001104 0.000141 0.003171
d2 0.010000 0.076423 2055.000000 0.000000 0.001104 0.000141 0.003136
d2 0.010000 0.076423 2060.000000 0.000000 0.001104 0.000141 0.003101
d2 0.010000 0.076423 2065.000000 0.000000 0.001104 0.000141 0.003067
d2 0.010000 0.076423 2070.000000 0.000000 0.001104 0.000141 0.003034
d2 0.010000 0.076423 2075.000000 0.000000 0.001104 0.000141 0.003000
d2 0.010000 0.076423 2080.000000 0.000000 0.001104 0.000141 0.002967
d2 0.010000 0.076423 2085.000000 0.000000 0.001104 0.000141 0.002935
d2 0.010000 0.076423 2090.000000 0.000000 0.001104 0.000141 0.002903
d2 0.010000 0.076423 2095.000000 0.000000 0.001104 0.000141 0.002871
d2 0.010000 0.076423 2100.000000 0.000000 0.001104 0.000141 0.002840
d2 0.010000 0.076423 2105.000000 0.000000 0.001104 0.000141 0.002808
d2 0.010000 0.076423 2110.000000 0.000000 0.001104 0.000141 0.002778
d2 0.010000 0.076423 2115.000000 0.000000 0.001104 0.000141 0.002747
d2 0.010000 0.076423 2120.000000 0.000000 0.001104 0.000141 0.002717
d2 0.010000 0.076423 2125.000000 0.000000 0.001104 0.000141 0.002688
d2 0.010000 0.076423 2130.000000 0.000000 0.001104 0.000141 0.002658
d2 0.010000 0.076423 2135.000000 0.000000 0.001104 0.000141 0.002629
d2 0.010000 0.076423 2140.000000 0.000000 0.001104 0.000141 0.002601
d2 0.010000 0.076423 2145.000000 0.000000 0.001104 0.000141 0.002572
d2 0.010000 0.076423 2150.000000 0.000000 0.001104 0.000141 0.002544
d2 0.010000 0.076423 2155.000000 0.000000 0.001104 0.000141 0.002517
d2 0.010000 0.076423 2160.000000 0.000000 0.001104 0.000141 0.002489
d2 0.010000 0.076423 2165.000000 0.000000 0.001104 0.000141 0.002462
d2 0.010000 0.076423 2170.000000 0.000000 0.001104 0.000141 0.002436
d2 0.010000 0.076423 2175.000000 0.000000 0.001104 0.000141 0.002409
d2 0.010000 0.076423 2180.000000 0.000000 0.001104 0.000141 0.002383
d2 0.010000 0.076423 2185.000000 0.000000 0.001104 0.000141 0.002357
d2 0.010000 0.076423 2190.000000 0.000000 0.001104 0.000141 0.002332
d2 0.010000 0.076423 2195.000000 0.000000 0.001104 0.000141 0.002306
d2 0.010000 0.076423 2200.000000 0.000000 0.001104 0.000141 0.002281
d2 0.010000 0.076423 2205.000000 0.000000 0.001104 0.000141 0.002257
d2 0.010000 0.076423 2210.000000 0.000000 0.001104 0.000141 0.002232
d2 0.010000 0.076423 2215.000000 0.000000 0.001104 0.000141 0.002208
d2 0.010000 0.076423 2220.000000 0.000000 0.001104 0.000141 0.002184
d2 0.010000 0.076423 2225.000000 0.000000 0.001104 0.000141 0.002161
d2 0.010000 0.076423 2230.000000 0.000000 0.001104 0.000141 0.002137
d2 0.010000 0.076423 2235.000000 0.000000 0.001104 0.000141 0.002114
d2 0.010000 0.076423 2240.000000 0.000000 0.001104 0.000141 0.002092
d2 0.010000 0.076423 2245.000000 0.000000 0.001104 0.000141 0.002069
d2 0.010000 0.076423 2250.000000 0.000000 0.001104 0.000141 0.002047
d2 0.010000 0.076423 2255.000000 0.000000 0.001104 0.000141 0.002025
d2 0.010000 0.076423 2260.000000 0.000000 0.001104 0.000141 0.002003
d2 0.010000 0.076423 2265.000000 0.000000 0.001104 0.000141 0.001982
d2 0.010000 0.076423 2270.000000 0.000000 0.001104 0.000141 0.001960
d2 0.010000 0.076423 2275.000000 0.000000 0.001104 0.000141 0.001939
d2 0.010000 0.076423 2280.000000 0.000000 0.001104 0.000141 0.001918
d2 0.010000 0.076423 2285.000000 0.000000 0.001104 0.000141 0.001898
d2 0.010000 0.076423 2290.000000 0.000000 0.001104 0.000141 0.001878
d2 0.010000 0.076423 2295.000000 0.000000 0.001104 0.000141 0.001858
d2 0.010000 0.076423 2300.000000 0.000000 0.001104 0.000141 0.001838
d2 0.010000 0.076423 2305.000000 0.000000 0.001104 0.000141 0.001818
d2 0.010000 0.076423 2310.000000 0.000000 0.001104 0.000141 0.001799
d2 0.010000 0.076423 2315.000000 0.000000 0.001104 0.000141 0.001780
d2 0.010000 0.076423 2320.000000 0.000000 0.001104 0.000141 0.001761
d2 0.010000 0.076423 2325.000000 0.000000 0.001104 0.000141 0.001742
d2 0.010000 0.076423 2330.000000 0.000000 0.001104 0.000141 0.001723
d2 0.010000 0.076423 2335.000000 0.000000 0.001104 0.000141 0.001705
d2 0.010000 0.076423 2340.000000 0.000000 0.001104 0.000141 0.001687
d2 0.010000 0.076423 2345.000000 0.000000 0.001104 0.000141 0.001669
d2 0.010000 0.076423 2350.000000 0.000000 0.001104 0.000141 0.001651
d2 0.010000 0.076423 2355.000000 0.000000 0.001104 0.000141 0.001634
d2 0.010000 0.076423 2360.000000 0.000000 0.001104 0.000141 0.001617
d2 0.010000 0.076423 2365.000000 0.000000 0.001104 0.000141 0.001600
d2 0.010000 0.076423 2370.000000 0.000000 0.001104 0.000141 0.001583
d2 0.010000 0.076423 2375.000000 0.000000 0.001104 0.000141 0.001566
d2 0.010000 0.076423 2380.000000 0.000000 0.001104 0.000141 0.001550
d2 0.010000 0.076423 2385.000000 0.000000 0.001104 0.000141 0.001533
d2 0.010000 0.076423 2390.000000 0.000000 0.001104 0.000141 0.001517
d2 0.010000 0.076423 2395.000000 0.000000 0.001104 0.000141 0.001501
d2 0.010000 0.076423 2400.000000 0.000000 0.001104 0.000141 0.001485
d2 0.010000 0.076423 2405.000000 0.000000 0.001104 0.000141 0.001470
d2 0.010000 0.076423 2410.000000 0.000000 0.001104 0.000141 0.001454
d2 0.010000 0.076423 2415.000000 0.000000 0.001104 0.000141 0.001439
d2 0.010000 0.076423 2420.000000 0.000000 0.001104 0.000141 0.001424
d2 0.010000 0.076423 2425.000000 0.000000 0.001104 0.000141 0.001409
d2 0.010000 0.076423 2430.000000 0.000000 0.001104 0.000141 0.001395
d2 0.010000 0.076423 2435.000000 0.000000 0.001104 0.000141 0.001380
d2 0.010000 0.076423 2440.000000 0.000000 0.001104 0.000141 0.001366
d2 0.010000 0.076423 2445.000000 0.000000 0.001104 0.000141 0.001351
d2 0.010000 0.076423 2450.000000 0.000000 0.001104 0.000141 0.001337
d2 0.010000 0.076423 2455.000000 0.000000 0.001104 0.000141 0.001323
d2 0.010000 0.076423 2460.000000 0.000000 0.001104 0.000141 0.001310
d2 0.010000 0.076423 2465.000000 0.000000 0.001104 0.000141 0.001296
d2 0.010000 0.076423 2470.000000 0.000000 0.001104 0.000141 0.001283
d2 0.010000 0.076423 2475.000000 0.000000 0.001104 0.000141 0.001269
d2 0.010000 0.076423 2480.000000 0.000000 0.001104 0.000141 0.001256
d2 0.010000 0.076423 2485.000000 0.000000 0.001104 0.000141 0.001243
d2 0.010000 0.076423 2490.000000 0.000000 0.001104 0.000141 0.001231
d2 0.010000 0.076423 2495.000000 0.000000 0.001104 0.000141 0.001218
d2 0.010000 0.076423 2500.000000 0.000000 0.001104 0.000141 0.001205
d2 0.010000 0.076423 2505.000000 0.000000 0.001104 0.000141 0.001193
d2 0.010000 0.076423 2510.000000 0.000000 0.001104 0.000141 0.001181
d2 0.010000 0.076423 2515.000000 0.000000 0.001104 0.000141 0.001169
d2 0.010000 0.076423 2520.000000 0.000000 0.001104 0.000141 0.001157
d2 0.010000 0.076423 2525.000000 0.000000 0.001104 0.000141 0.001145
d2 0.010000 0.076423 2530.000000 0.000000 0.001104 0.000141 0.001133
d2 0.010000 0.076423 2535.000000 0.000000 0.001104 0.000141 0.001122
d2 0.010000 0.076423 2540.000000 0.000000 0.001104 0.000141 0.001110
d2 0.010000 0.076423 2545.000000 0.000000 0.001104 0.000141 0.001099
d2 0.010000 0.076423 2550.000000 0.000000 0.001104 0.000141 0.001088
d2 0.010000 0.076423 2555.000000 0.000000 0.001104 0.000141 0.001077
d2 0.010000 0.076423 2560.000000 0.000000 0.001104 0.000141 0.001066
d2 0.010000 0.076423 2565.000000 0.000000 0.001104 0.000141 0.001055
d2 0.010000 0.076423 2570.000000 0.000000 0.001104 0.000141 0.001044
d2 0.010000 0.076423 2575.000000 0.000000 0.001104 0.000141 0.001034
d2 0.010000 0.076423 2580.000000 0.000000 0.001104 0.000141 0.001023
d2 0.010000 0.076423 2585.000000 0.000000 0.001104 0.000141 0.001013
d2 0.010000 0.076423 2590.000000 0.000000 0.001104 0.000141 0.001003
d2 0.010000 0.076423 2595.000000 0.000000 0.001104 0.000141 0.000993
d2 0.010000 0.076423 2600.000000 0.000000 0.001104 0.000141 0.000983
d2 0.010000 0.076423 2605.000000 0.000000 0.001104 0.000141 0.000973
d2 0.010000 0.076423 2610.000000 0.000000 0.001104 0.000141 0.000963
d2 0.010000 0.076423 2615.000000 0.000000 0.001104 0.000141 0.000954
d2 0.010000 0.076423 2620.000000 0.000000 0.001104 0.000141 0.000944
d2 0.010000 0.076423 2625.000000 0.000000 0.001104 0.000141 0.000935
d2 0.010000 0.076423 2630.000000 0.000000 0.001104 0.000141 0.000926
d2 0.010000 0.076423 2635.000000 0.000000 0.001104 0.000141 0.000916
d2 0.010000 0.076423 2640.000000 0.000000 0.001104 0.000141 0.000907
d2 0.010000 0.076423 2645.000000 0.000000 0.001104 0.000141 0.000898
d2 0.010000 0.076423 2650.000000 0.000000 0.001104 0.000141 0.000889
d2 0.010000 0.076423 2655.000000 0.000000 0.001104 0.000141 0.000881
d2 0.010000 0.076423 2660.000000 0.000000 0.001104 0.000141 0.000872
d2 0.010000 0.076423 2665.000000 0.000000 0.001104 0.000141 0.000863
d2 0.010000 0.076423 2670.000000 0.000000 0.001104 0.000141 0.000855
d2 0.010000 0.076423 2675.000000 0.000000 0.001104 0.000141 0.000847
d2 0.010000 0.076423 2680.000000 0.000000 0.001104 0.000141 0.000838
d2 0.010000 0.076423 2685.000000 0.000000 0.001104 0.000141 0.000830
d2 0.010000 0.076423 2690.000000 0.000000 0.001104 0.000141 0.000822
d2 0.010000 0.076423 2695.000000 0.000000 0.001104 0.000141 0.000814
d2 0.010000 0.076423 2700.000000 0.000000 0.001104 0.000141 0.000806
d2 0.010000 0.076423 2705.000000 0.000000 0.001104 0.000141 0.000798
d2 0.010000 0.076423 2710.000000 0.000000 0.001104 0.000141 0.000791
d2 0.010000 0.076423 2715.000000 0.000000 0.001104 0.000141 0.000783
d2 0.010000 0.076423 2720.000000 0.000000 0.001104 0.000141 0.000775
d2 0.010000 0.076423 2725.000000 0.000000 0.001104 0.000141 0.000768
d2 0.010000 0.076423 2730.000000 0.000000 0.001104 0.000141 0.000761
d2 0.010000 0.076423 2735.000000 0.000000 0.001104 0.000141 0.000753
d2 0.010000 0.076423 2740.000000 0.000000 0.001104 0.000141 0.000746
d2 0.010000 0.076423 2745.000000 0.000000 0.001104 0.000141 0.000739
d2 0.010000 0.076423 2750.000000 0.000000 0.001104 0.000141 0.000732
d2 0.010000 0.076423 2755.000000 0.000000 0.001104 0.000141 0.000725
d2 0.010000 0.076423 2760.000000 0.000000 0.001104 0.000141 0.000718
d2 0.010000 0.076423 2765.000000 0.000000 0.001104 0.000141 0.000711
d2 0.010000 0.076423 2770.000000 0.000000 0.001104 0.000141 0.000704
d2 0.010000 0.076423 2775.000000 0.000000 0.001104 0.000141 0.000698
d2 0.010000 0.076423 2780.000000 0.000000 0.001104 0.000141 0.000691
d2 0.010000 0.076423 2785.000000 0.000000 0.001104 0.000141 0.000685
d2 0.010000 0.076423 2790.000000 0.000000 0.001104 0.000141 0.000678
d2 0.010000 0.076423 2795.000000 0.000000 0.001104 0.000141 0.000672
d2 0.010000 0.076423 2800.000000 0.000000 0.001104 0.000141 0.000666
d2 0.010000 0.076423 2805.000000 0.000000 0.001104 0.000141 0.000659
d2 0.010000 0.076423 2810.000000 0.000000 0.001104 0.000141 0.000653
d2 0.010000 0.076423 2815.000000 0.000000 0.001104 0.000141 0.000647
d2 0.010000 0.076423 2820.000000 0.000000 0.001104 0.000141 0.000641
d2 0.010000 0.076423 2825.000000 0.000000 0.001104 0.000141 0.000635
d2 0.010000 0.076423 2830.000000 0.000000 0.001104 0.000141 0.000629
d2 0.010000 0.076423 2835.000000 0.000000 0.001104 0.000141 0.000624
d2 0.010000 0.076423 2840.000000 0.000000 0.001104 0.000141 0.000618
d2 0.010000 0.076423 2845.000000 0.000000 0.001104 0.000141 0.000612
d2 0.010000 0.076423 2850.000000 0.000000 0.001104 0.000141 0.000607
d2 0.010000 0.076423 2855.000000 0.000000 0.001104 0.000141 0.000601
d2 0.010000 0.076423 2860.000000 0.000000 0.001104 0.000141 0.000596
d2 0.010000 0.076423 2865.000000 0.000000 0.001104 0.000141 0.000590
d2 0.010000 0.076423 2870.000000 0.000000 0.001104 0.000141 0.000585
d2 0.010000 0.076423 2875.000000 0.000000 0.001104 0.000141 0.000580
d2 0.010000 0.076423 2880.000000 0.000000 0.001104 0.000141 0.000574
d2 0.010000 0.076423 2885.000000 0.000000 0.001104 0.000141 0.000569
d2 0.010000 0.076423 2890.000000 0.000000 0.001104 0.000141 0.000564
d2 0.010000 0.076423 2895.000000 0.000000 0.001104 0.000141 0.000559
d2 0.010000 0.076423 2900.000000 0.000000 0.001104 0.000141 0.000554
d2 0.010000 0.076423 2905.000000 0.000000 0.001104 0.000141 0.000549
d2 0.010000 0.076423 2910.000000 0.000000 0.001104 0.000141 0.000544
d2 0.010000 0.076423 2915.000000 0.000000 0.001104 0.000141 0.000539
d2 0.010000 0.076423 2920.000000 0.000000 0.001104 0.000141 0.000535
d2 0.010000 0.076423 2925.000000 0.000000 0.001104 0.000141 0.000530
d2 0.010000 0.076423 2930.000000 0.000000 0.001104 0.000141 0.000525
d2 0.010000 0.076423 2935.000000 0.000000 0.001104 0.000141 0.000521
d2 0.010000 0.076423 2940.000000 0.000000 0.001104 0.000141 0.000516
d2 0.010000 0.076423 2945.000000 0.000000 0.001104 0.000141 0.000512
d2 0.010000 0.076423 2950.000000 0.000000 0.001104 0.000141 0.000507
d2 0.010000 0.076423 2955.000000 0.000000 0.001104 0.000141 0.000503
d2 0.010000 0.076423 2960.000000 0.000000 0.001104 0.000141 0.000498
d2 0.010000 0.076423 2965.000000 0.000000 0.001104 0.000141 0.000494
d2 0.010000 0.076423 2970.000000 0.000000 0.001104 0.000141 0.000490
d2 0.010000 0.076423 2975.000000 0.000000 0.001104 0.000141 0.000486
d2 0.010000 0.076423 2980.000000 0.000000 0.001104 0.000141 0.000482
d2 0.010000 0.076423 2985.000000 0.000000 0.001104 0.000141 0.000477
d2 0.010000 0.076423 2990.000000 0.000000 0.001104 0.000141 0.000473
d2 0.010000 0.076423 2995.000000 0.000000 0.001104 0.000141 0.000469
d2 0.010000 0.076423 3000.000000 0.000000 0.001104 0.000141 0.000465
d2 0.010000 0.076423 3005.000000 0.000000 0.001104 0.000141 0.000461
d2 0.010000 0.076423 3010.000000 0.000000 0.001104 0.000141 0.000458
d2 0.010000 0.076423 3015.000000 0.000000 0.001104 0.000141 0.000454
d2 0.010000 0.076423 3020.000000 0.000000 0.001104 0.000141 0.000450
d2 0.010000 0.076423 3025.000000 0.000000 0.001104 0.000141 0.000446
d2 0.010000 0.076423 3030.000000 0.000000 0.001104 0.000141 0.000443
d2 0.010000 0.076423 3035.000000 0.000000 0.001104 0.000141 0.000439
d2 0.010000 0.076423 3040.000000 0.000000 0.001104 0.000141 0.000435
d2 0.010000 0.076423 3045.000000 0.000000 0.001104 0.000141 0.000432
d2 0.010000 0.076423 3050.000000 0.000000 0.001104 0.000141 0.000428
d2 0.010000 0.076423 3055.000000 0.000000 0.001104 0.000141 0.000425
d2 0.010000 0.076423 3060.000000 0.000000 0.001104 0.000141 0.000421
d2 0.010000 0.076423 3065.000000 0.000000 0.001104 0.000141 0.000418
d2 0.010000 0.076423 3070.000000 0.000000 0.001104 0.000141 0.000414
d2 0.010000 0.076423 3075.000000 0.000000 0.001104 0.000141 0.000411
d2 0.010000 0.076423 3080.000000 0.000000 0.001104 0.000141 0.000408
d2 0.010000 0.076423 3085.000000 0.000000 0.001104 0.000141 0.000404
d2 0.010000 0.076423 3090.000000 0.000000 0.001104 0.000141 0.000401
d2 0.010000 0.076423 3095.000000 0.000000 0.001104 0.000141 0.000398
d2 0.010000 0.076423 3100.000000 0.000000 0.001104 0.000141 0.000395
d2 0.010000 0.076423 3105.000000 0.000000 0.001104 0.000141 0.000392
d2 0.010000 0.076423 3110.000000 0.000000 0.001104 0.000141 0.000389
d2 0.010000 0.076423 3115.000000 0.000000 0.001104 0.000141 0.000386
d2 0.010000 0.076423 3120.000000 0.000000 0.001104 0.000141 0.000383
d2 0.010000 0.076423 3125.000000 0.000000 0.001104 0.000141 0.000380
d2 0.010000 0.076423 3130.000000 0.000000 0.001104 0.000141 0.000377
d2 0.010000 0.076423 3135.000000 0.000000 0.001104 0.000141 0.000374
d2 0.010000 0.076423 3140.000000 0.000000 0.001104 0.000141 0.000371
d2 0.010000 0.076423 3145.000000 0.000000 0.001104 0.000141 0.000368
d2 0.010000 0.076423 3150.000000 0.000000 0.001104 0.000141 0.000365
d2 0.010000 0.076423 3155.000000 0.000000 0.001104 0.000141 0.000363
d2 0.010000 0.076423 3160.000000 0.000000 0.001104 0.000141 0.000360
d2 0.010000 0.076423 3165.000000 0.000000 0.001104 0.000141 0.000357
d2 0.010000 0.076423 3170.000000 0.000000 0.001104 0.000141 0.000354
d2 0.010000 0.076423 3175.000000 0.000000 0.001104 0.000141 0.000352
d2 0.010000 0.076423 3180.000000 0.000000 0.001104 0.000141 0.000349
d2 0.010000 0.076423 3185.000000 0.000000 0.001104 0.000141 0.000347
d2 0.010000 0.076423 3190.000000 0.000000 0.001104 0.000141 0.000344
d2 0.010000 0.076423 3195.000000 0.000000 0.001104 0.000141 0.000341
d2 0.010000 0.076423 3200.000000 0.000000 0.001104 0.000141 0.000339
d2 0.010000 0.076423 3205.000000 0.000000 0.001104 0.000141 0.000336
d2 0.010000 0.076423 3210.000000 0.000000 0.001104 0.000141 0.000334
d2 0.010000 0.076423 3215.000000 0.000000 0.001104 0.000141 0.000332
d2 0.010000 0.076423 3220.000000 0.000000 0.001104 0.000141 0.000329
d2 0.010000 0.076423 3225.000000 0.000000 0.001104 0.000141 0.000327
d2 0.010000 0.076423 3230.000000 0.000000 0.001104 0.000141 0.000324
d2 0.010000 0.076423 3235.000000 0.000000 0.001104 0.000141 0.000322
d2 0.010000 0.076423 3240.000000 0.000000 0.001104 0.000141 0.000320
d2 0.010000 0.076423 3245.000000 0.000000 0.001104 0.000141 0.000318
d2 0.010000 0.076423 3250.000000 0.000000 0.001104 0.000141 0.000315
d2 0.010000 0.076423 3255.000000 0.000000 0.001104 0.000141 0.000313
d2 0.010000 0.076423 3260.000000 0.000000 0.001104 0.000141 0.000311
d2 0.010000 0.076423 3265.000000 0.000000 0.001104 0.000141 0.000309
d2 0.010000 0.076423 3270.000000 0.000000 0.001104 0.000141 0.000307
d2 0.010000 0.076423 3275.000000 0.000000 0.001104 0.000141 0.000305
d2 0.010000 0.076423 3280.000000 0.000000 0.001104 0.000141 0.000303
d2 0.010000 0.076423 3285.000000 0.000000 0.001104 0.000141 0.000300
d2 0.010000 0.076423 3290.000000 0.000000 0.001104 0.000141 0.000298
d2 0.010000 0.076423 3295.000000 0.000000 0.001104 0.000141 0.000296
d2 0.010000 0.076423 3300.000000 0.000000 0.001104 0.000141 0.000294
d2 0.010000 0.076423 3305.000000 0.000000 0.001104 0.000141 0.000292
d2 0.010000 0.076423 3310.000000 0.000000 0.001104 0.000141 0.000291
d2 0.010000 0.076423 3315.000000 0.000000 0.001104 0.000141 0.000289
d2 0.010000 0.076423 3320.000000 0.000000 0.001104 0.000141 0.000287
d2 0.010000 0.076423 3325.000000 0.000000 0.001104 0.000141 0.000285
d2 0.010000 0.076423 3330.000000 0.000000 0.001104 0.000141 0.000283
d2 0.010000 0.076423 3335.000000 0.000000 0.001104 0.000141 0.000281
d2 0.010000 0.076423 3340.000000 0.000000 0.001104 0.000141 0.000279
d2 0.010000 0.076423 3345.000000 0.000000 0.001104 0.000141 0.000278
d2 0.010000 0.076423 3350.000000 0.000000 0.001104 0.000141 0.000276
d2 0.010000 0.076423 3355.000000 0.000000 0.001104 0.000141 0.000274
d2 0.010000 0.076423 3360.000000 0.000000 0.001104 0.000141 0.000272
d2 0.010000 0.076423 3365.000000 0.000000 0.001104 0.000141 0.000271
d2 0.010000 0.076423 3370.000000 0.000000 0.001104 0.000141 0.000269
d2 0.010000 0.076423 3375.000000 0.000000 0.001104 0.000141 0.000267
d2 0.010000 0.076423 3380.000000 0.000000 0.001104 0.000141 0.000266
d2 0.010000 0.076423 3385.000000 0.000000 0.001104 0.000141 0.000264
d2 0.010000 0.076423 3390.000000 0.000000 0.001104 0.000141 0.000262
d2 0.010000 0.076423 3395.000000 0.000000 0.001104 0.000141 0.000261
d2 0.010000 0.076423 3400.000000 0.000000 0.001104 0.000141 0.000259
d2 0.010000 0.076423 3405.000000 0.000000 0.001104 0.000141 0.000258
d2 0.010000 0.076423 3410.000000 0.000000 0.001104 0.000141 0.000256
d2 0.010000 0.076423 3415.000000 0.000000 0.001104 0.000141 0.000255
d2 0.010000 0.076423 3420.000000 0.000000 0.001104 0.000141 0.000253
d2 0.010000 0.076423 3425.000000 0.000000 0.001104 0.000141 0.000252
d2 0.010000 0.076423 3430.000000 0.000000 0.001104 0.000141 0.000250
d2 0.010000 0.076423 3435.000000 0.000000 0.001104 0.000141 0.000249
d2 0.010000 0.076423 3440.000000 0.000000 0.001104 0.000141 0.000247
d2 0.010000 0.076423 3445.000000 0.000000 0.001104 0.000141 0.000246
d2 0.010000 0.076423 3450.000000 0.000000 0.001104 0.000141 0.000244
d2 0.010000 0.076423 3455.000000 0.000000 0.001104 0.000141 0.000243
d2 0.010000 0.076423 3460.000000 0.000000 0.001104 0.000141 0.000242
d2 0.010000 0.076423 3465.000000 0.000000 0.001104 0.000141 0.000240
d2 0.010000 0.076423 3470.000000 0.000000 0.001104 0.000141 0.000239
d2 0.010000 0.076423 3475.000000 0.000000 0.001104 0.000141 0.000238
d2 0.010000 0.076423 3480.000000 0.000000 0.001104 0.000141 0.000236
d2 0.010000 0.076423 3485.000000 0.000000 0.001104 0.000141 0.000235
d2 0.010000 0.076423 3490.000000 0.000000 0.001104 0.000141 0.000234
d2 0.010000 0.076423 3495.000000 0.000000 0.001104 0.000141 0.000232
d2 0.010000 0.076423 3500.000000 0.000000 0.001104 0.000141 0.000231
d2 0.010000 0.076423 3505.000000 0.000000 0.001104 0.000141 0.000230
d2 0.010000 0.076423 3510.000000 0.000000 0.001104 0.000141 0.000229
d2 0.010000 0.076423 3515.000000 0.000000 0.001104 0.000141 0.000227
d2 0.010000 0.076423 3520.000000 0.000000 0.001104 0.000141 0.000226
d2 0.010000 0.076423 3525.000000 0.000000 0.001104 0.000141 0.000225
d2 0.010000 0.076423 3530.000000 0.000000 0.001104 0.000141 0.000224
d2 0.010000 0.076423 3535.000000 0.000000 0.001104 0.000141 0.000223
d2 0.010000 0.076423 3540.000000 0.000000 0.001104 0.000141 0.000222
d2 0.010000 0.076423 3545.000000 0.000000 0.001104 0.000141 0.000220
d2 0.010000 0.076423 3550.000000 0.000000 0.001104 0.000141 0.000219
d2 0.010000 0.076423 3555.000000 0.000000 0.001104 0.000141 0.000218
d2 0.010000 0.076423 3560.000000 0.000000 0.001104 0.000141 0.000217
d2 0.010000 0.076423 3565.000000 0.000000 0.001104 0.000141 0.000216
d2 0.010000 0.076423 3570.000000 0.000000 0.001104 0.000141 0.000215
d2 0.010000 0.076423 3575.000000 0.000000 0.001104 0.000141 0.000214
d2 0.010000 0.076423 3580.000000 0.000000 0.001104 0.000141 0.000213
d2 0.010000 0.076423 3585.000000 0.000000 0.001104 0.000141 0.000212
d2 0.010000 0.076423 3590.000000 0.000000 0.001104 0.000141 0.000211
d2 0.010000 0.076423 3595.000000 0.000000 0.001104 0.000141 0.000210
d2 0.010000 0.076423 3600.000000 0.000000 0.001104 0.000141 0.000209
