HEADER DATE 01-Aug-2017 12:44:19
HEADER RANDSEED 1748176202
Param True_Value Sim_Value Sim_Time Input mRNA foldedP fluo
alpha2 0.010000 0.030673 0.000000 2.000000 1.380379 3.528413 3.068185
alpha2 0.010000 0.030673 5.000000 2.000000 1.380379 3.528413 3.068185
alpha2 0.010000 0.030673 10.000000 2.000000 1.380379 3.528413 3.068185
alpha2 0.010000 0.030673 15.000000 2.000000 1.380379 3.528413 3.068185
alpha2 0.010000 0.030673 20.000000 2.000000 1.380379 3.528413 3.068185
alpha2 0.010000 0.030673 25.000000 2.000000 1.380379 3.528413 3.068185
alpha2 0.010000 0.030673 30.000000 2.000000 1.380379 3.528413 3.068185
alpha2 0.010000 0.030673 35.000000 2.000000 1.380379 3.528413 3.068185
alpha2 0.010000 0.030673 40.000000 2.000000 1.380379 3.528413 3.068185
alpha2 0.010000 0.030673 45.000000 2.000000 1.380379 3.528413 3.068185
alpha2 0.010000 0.030673 50.000000 2.000000 1.380379 3.528413 3.068185
alpha2 0.010000 0.030673 55.000000 2.000000 1.380379 3.528413 3.068185
alpha2 0.010000 0.030673 60.000000 2.000000 1.380379 3.528413 3.068185
alpha2 0.010000 0.030673 65.000000 2.000000 1.380379 3.528413 3.068185
alpha2 0.010000 0.030673 70.000000 2.000000 1.380379 3.528413 3.068185
alpha2 0.010000 0.030673 75.000000 2.000000 1.380379 3.528413 3.068185
alpha2 0.010000 0.030673 80.000000 2.000000 1.380379 3.528413 3.068185
alpha2 0.010000 0.030673 85.000000 2.000000 1.380379 3.528413 3.068185
alpha2 0.010000 0.030673 90.000000 2.000000 1.380379 3.528413 3.068185
alpha2 0.010000 0.030673 95.000000 2.000000 1.380379 3.528413 3.068185
alpha2 0.010000 0.030673 100.000000 2.000000 1.380379 3.528413 3.068185
alpha2 0.010000 0.030673 105.000000 2.000000 1.380379 3.528413 3.068185
alpha2 0.010000 0.030673 110.000000 2.000000 1.380379 3.528413 3.068185
alpha2 0.010000 0.030673 115.000000 2.000000 1.380379 3.528413 3.068185
alpha2 0.010000 0.030673 120.000000 2.000000 1.380379 3.528413 3.068185
alpha2 0.010000 0.030673 125.000000 2.000000 1.380379 3.528413 3.068185
alpha2 0.010000 0.030673 130.000000 2.000000 1.380379 3.528413 3.068185
alpha2 0.010000 0.030673 135.000000 2.000000 1.380379 3.528413 3.068185
alpha2 0.010000 0.030673 140.000000 2.000000 1.380379 3.528413 3.068185
alpha2 0.010000 0.030673 145.000000 2.000000 1.380379 3.528413 3.068185
alpha2 0.010000 0.030673 150.000000 2.000000 1.380379 3.528413 3.068185
alpha2 0.010000 0.030673 155.000000 2.000000 1.380379 3.528413 3.068185
alpha2 0.010000 0.030673 160.000000 2.000000 1.380379 3.528413 3.068185
alpha2 0.010000 0.030673 165.000000 2.000000 1.380379 3.528413 3.068185
alpha2 0.010000 0.030673 170.000000 2.000000 1.380379 3.528413 3.068185
alpha2 0.010000 0.030673 175.000000 2.000000 1.380379 3.528413 3.068185
alpha2 0.010000 0.030673 180.000000 2.000000 1.380379 3.528413 3.068185
alpha2 0.010000 0.030673 185.000000 2.000000 1.380379 3.528413 3.068185
alpha2 0.010000 0.030673 190.000000 2.000000 1.380379 3.528413 3.068185
alpha2 0.010000 0.030673 195.000000 2.000000 1.380379 3.528413 3.068185
alpha2 0.010000 0.030673 200.000000 2.000000 1.380379 3.528413 3.068185
alpha2 0.010000 0.030673 205.000000 2.000000 1.380379 3.528413 3.068185
alpha2 0.010000 0.030673 210.000000 2.000000 1.380379 3.528413 3.068185
alpha2 0.010000 0.030673 215.000000 2.000000 1.380379 3.528413 3.068185
alpha2 0.010000 0.030673 220.000000 2.000000 1.380379 3.528413 3.068185
alpha2 0.010000 0.030673 225.000000 2.000000 1.380379 3.528413 3.068185
alpha2 0.010000 0.030673 230.000000 2.000000 1.380379 3.528413 3.068185
alpha2 0.010000 0.030673 235.000000 2.000000 1.380379 3.528413 3.068185
alpha2 0.010000 0.030673 240.000000 2.000000 1.380379 3.528413 3.068185
alpha2 0.010000 0.030673 245.000000 2.000000 1.380379 3.528413 3.068185
alpha2 0.010000 0.030673 250.000000 2.000000 1.380379 3.528413 3.068185
alpha2 0.010000 0.030673 255.000000 2.000000 1.380379 3.528413 3.068185
alpha2 0.010000 0.030673 260.000000 2.000000 1.380379 3.528413 3.068185
alpha2 0.010000 0.030673 265.000000 2.000000 1.380379 3.528413 3.068185
alpha2 0.010000 0.030673 270.000000 2.000000 1.380379 3.528413 3.068185
alpha2 0.010000 0.030673 275.000000 2.000000 1.380379 3.528413 3.068185
alpha2 0.010000 0.030673 280.000000 2.000000 1.380379 3.528413 3.068185
alpha2 0.010000 0.030673 285.000000 2.000000 1.380379 3.528413 3.068185
alpha2 0.010000 0.030673 290.000000 2.000000 1.380379 3.528413 3.068185
alpha2 0.010000 0.030673 295.000000 2.000000 1.380379 3.528413 3.068185
alpha2 0.010000 0.030673 300.000000 2.000000 1.380379 3.528413 3.068185
alpha2 0.010000 0.030673 305.000000 0.000000 1.188257 3.513614 3.068135
alpha2 0.010000 0.030673 310.000000 0.000000 1.022897 3.473138 3.067806
alpha2 0.010000 0.030673 315.000000 0.000000 0.880569 3.412179 3.066972
alpha2 0.010000 0.030673 320.000000 0.000000 0.758066 3.335112 3.065458
alpha2 0.010000 0.030673 325.000000 0.000000 0.652627 3.245611 3.063130
alpha2 0.010000 0.030673 330.000000 0.000000 0.561875 3.146759 3.059890
alpha2 0.010000 0.030673 335.000000 0.000000 0.483764 3.041128 3.055669
alpha2 0.010000 0.030673 340.000000 0.000000 0.416533 2.930860 3.050421
alpha2 0.010000 0.030673 345.000000 0.000000 0.358666 2.817727 3.044121
alpha2 0.010000 0.030673 350.000000 0.000000 0.308861 2.703189 3.036760
alpha2 0.010000 0.030673 355.000000 0.000000 0.265993 2.588441 3.028343
alpha2 0.010000 0.030673 360.000000 0.000000 0.229096 2.474455 3.018884
alpha2 0.010000 0.030673 365.000000 0.000000 0.197339 2.362010 3.008407
alpha2 0.010000 0.030673 370.000000 0.000000 0.170005 2.251726 2.996942
alpha2 0.010000 0.030673 375.000000 0.000000 0.146478 2.144090 2.984524
alpha2 0.010000 0.030673 380.000000 0.000000 0.126229 2.039472 2.971193
alpha2 0.010000 0.030673 385.000000 0.000000 0.108800 1.938150 2.956990
alpha2 0.010000 0.030673 390.000000 0.000000 0.093799 1.840321 2.941960
alpha2 0.010000 0.030673 395.000000 0.000000 0.080887 1.746117 2.926147
alpha2 0.010000 0.030673 400.000000 0.000000 0.069774 1.655615 2.909596
alpha2 0.010000 0.030673 405.000000 0.000000 0.060209 1.568849 2.892353
alpha2 0.010000 0.030673 410.000000 0.000000 0.051976 1.485815 2.874464
alpha2 0.010000 0.030673 415.000000 0.000000 0.044890 1.406479 2.855972
alpha2 0.010000 0.030673 420.000000 0.000000 0.038791 1.330784 2.836920
alpha2 0.010000 0.030673 425.000000 0.000000 0.033541 1.258655 2.817352
alpha2 0.010000 0.030673 430.000000 0.000000 0.029023 1.190002 2.797308
alpha2 0.010000 0.030673 435.000000 0.000000 0.025134 1.124722 2.776827
alpha2 0.010000 0.030673 440.000000 0.000000 0.021787 1.062707 2.755948
alpha2 0.010000 0.030673 445.000000 0.000000 0.018906 1.003841 2.734706
alpha2 0.010000 0.030673 450.000000 0.000000 0.016427 0.948005 2.713138
alpha2 0.010000 0.030673 455.000000 0.000000 0.014292 0.895078 2.691275
alpha2 0.010000 0.030673 460.000000 0.000000 0.012455 0.844939 2.669150
alpha2 0.010000 0.030673 465.000000 0.000000 0.010874 0.797466 2.646793
alpha2 0.010000 0.030673 470.000000 0.000000 0.009513 0.752539 2.624232
alpha2 0.010000 0.030673 475.000000 0.000000 0.008342 0.710040 2.601495
alpha2 0.010000 0.030673 480.000000 0.000000 0.007334 0.669855 2.578607
alpha2 0.010000 0.030673 485.000000 0.000000 0.006466 0.631870 2.555592
alpha2 0.010000 0.030673 490.000000 0.000000 0.005719 0.595978 2.532473
alpha2 0.010000 0.030673 495.000000 0.000000 0.005076 0.562073 2.509272
alpha2 0.010000 0.030673 500.000000 0.000000 0.004523 0.530053 2.486008
alpha2 0.010000 0.030673 505.000000 0.000000 0.004047 0.499822 2.462701
alpha2 0.010000 0.030673 510.000000 0.000000 0.003637 0.471285 2.439368
alpha2 0.010000 0.030673 515.000000 0.000000 0.003284 0.444354 2.416027
alpha2 0.010000 0.030673 520.000000 0.000000 0.002980 0.418942 2.392692
alpha2 0.010000 0.030673 525.000000 0.000000 0.002719 0.394968 2.369378
alpha2 0.010000 0.030673 530.000000 0.000000 0.002494 0.372355 2.346100
alpha2 0.010000 0.030673 535.000000 0.000000 0.002300 0.351027 2.322869
alpha2 0.010000 0.030673 540.000000 0.000000 0.002134 0.330914 2.299698
alpha2 0.010000 0.030673 545.000000 0.000000 0.001990 0.311950 2.276598
alpha2 0.010000 0.030673 550.000000 0.000000 0.001867 0.294070 2.253579
alpha2 0.010000 0.030673 555.000000 0.000000 0.001761 0.277214 2.230650
alpha2 0.010000 0.030673 560.000000 0.000000 0.001669 0.261326 2.207821
alpha2 0.010000 0.030673 565.000000 0.000000 0.001591 0.246350 2.185099
alpha2 0.010000 0.030673 570.000000 0.000000 0.001523 0.232235 2.162493
alpha2 0.010000 0.030673 575.000000 0.000000 0.001464 0.218933 2.140009
alpha2 0.010000 0.030673 580.000000 0.000000 0.001414 0.206397 2.117653
alpha2 0.010000 0.030673 585.000000 0.000000 0.001371 0.194585 2.095433
alpha2 0.010000 0.030673 590.000000 0.000000 0.001334 0.183454 2.073352
alpha2 0.010000 0.030673 595.000000 0.000000 0.001302 0.172967 2.051416
alpha2 0.010000 0.030673 600.000000 0.000000 0.001274 0.163086 2.029630
alpha2 0.010000 0.030673 605.000000 0.000000 0.001251 0.153776 2.007998
alpha2 0.010000 0.030673 610.000000 0.000000 0.001230 0.145006 1.986523
alpha2 0.010000 0.030673 615.000000 0.000000 0.001213 0.136743 1.965209
alpha2 0.010000 0.030673 620.000000 0.000000 0.001197 0.128959 1.944059
alpha2 0.010000 0.030673 625.000000 0.000000 0.001184 0.121626 1.923076
alpha2 0.010000 0.030673 630.000000 0.000000 0.001173 0.114719 1.902261
alpha2 0.010000 0.030673 635.000000 0.000000 0.001164 0.108212 1.881619
alpha2 0.010000 0.030673 640.000000 0.000000 0.001155 0.102083 1.861149
alpha2 0.010000 0.030673 645.000000 0.000000 0.001148 0.096309 1.840854
alpha2 0.010000 0.030673 650.000000 0.000000 0.001142 0.090871 1.820736
alpha2 0.010000 0.030673 655.000000 0.000000 0.001137 0.085749 1.800795
alpha2 0.010000 0.030673 660.000000 0.000000 0.001132 0.080924 1.781033
alpha2 0.010000 0.030673 665.000000 0.000000 0.001128 0.076380 1.761450
alpha2 0.010000 0.030673 670.000000 0.000000 0.001125 0.072099 1.742047
alpha2 0.010000 0.030673 675.000000 0.000000 0.001122 0.068068 1.722825
alpha2 0.010000 0.030673 680.000000 0.000000 0.001119 0.064271 1.703784
alpha2 0.010000 0.030673 685.000000 0.000000 0.001117 0.060694 1.684924
alpha2 0.010000 0.030673 690.000000 0.000000 0.001115 0.057326 1.666245
alpha2 0.010000 0.030673 695.000000 0.000000 0.001114 0.054154 1.647746
alpha2 0.010000 0.030673 700.000000 0.000000 0.001112 0.051166 1.629429
alpha2 0.010000 0.030673 705.000000 0.000000 0.001111 0.048352 1.611293
alpha2 0.010000 0.030673 710.000000 0.000000 0.001110 0.045701 1.593336
alpha2 0.010000 0.030673 715.000000 0.000000 0.001109 0.043205 1.575560
alpha2 0.010000 0.030673 720.000000 0.000000 0.001109 0.040854 1.557962
alpha2 0.010000 0.030673 725.000000 0.000000 0.001108 0.038640 1.540544
alpha2 0.010000 0.030673 730.000000 0.000000 0.001107 0.036555 1.523303
alpha2 0.010000 0.030673 735.000000 0.000000 0.001107 0.034591 1.506238
alpha2 0.010000 0.030673 740.000000 0.000000 0.001107 0.032741 1.489351
alpha2 0.010000 0.030673 745.000000 0.000000 0.001106 0.030999 1.472638
alpha2 0.010000 0.030673 750.000000 0.000000 0.001106 0.029358 1.456100
alpha2 0.010000 0.030673 755.000000 0.000000 0.001106 0.027813 1.439734
alpha2 0.010000 0.030673 760.000000 0.000000 0.001105 0.026358 1.423542
alpha2 0.010000 0.030673 765.000000 0.000000 0.001105 0.024988 1.407520
alpha2 0.010000 0.030673 770.000000 0.000000 0.001105 0.023697 1.391668
alpha2 0.010000 0.030673 775.000000 0.000000 0.001105 0.022482 1.375985
alpha2 0.010000 0.030673 780.000000 0.000000 0.001105 0.021337 1.360470
alpha2 0.010000 0.030673 785.000000 0.000000 0.001105 0.020259 1.345120
alpha2 0.010000 0.030673 790.000000 0.000000 0.001105 0.019243 1.329936
alpha2 0.010000 0.030673 795.000000 0.000000 0.001104 0.018287 1.314916
alpha2 0.010000 0.030673 800.000000 0.000000 0.001104 0.017387 1.300059
alpha2 0.010000 0.030673 805.000000 0.000000 0.001104 0.016538 1.285362
alpha2 0.010000 0.030673 810.000000 0.000000 0.001104 0.015740 1.270826
alpha2 0.010000 0.030673 815.000000 0.000000 0.001104 0.014988 1.256448
alpha2 0.010000 0.030673 820.000000 0.000000 0.001104 0.014279 1.242227
alpha2 0.010000 0.030673 825.000000 0.000000 0.001104 0.013612 1.228162
alpha2 0.010000 0.030673 830.000000 0.000000 0.001104 0.012984 1.214251
alpha2 0.010000 0.030673 835.000000 0.000000 0.001104 0.012392 1.200493
alpha2 0.010000 0.030673 840.000000 0.000000 0.001104 0.011835 1.186887
alpha2 0.010000 0.030673 845.000000 0.000000 0.001104 0.011310 1.173431
alpha2 0.010000 0.030673 850.000000 0.000000 0.001104 0.010815 1.160124
alpha2 0.010000 0.030673 855.000000 0.000000 0.001104 0.010350 1.146964
alpha2 0.010000 0.030673 860.000000 0.000000 0.001104 0.009912 1.133950
alpha2 0.010000 0.030673 865.000000 0.000000 0.001104 0.009499 1.121081
alpha2 0.010000 0.030673 870.000000 0.000000 0.001104 0.009110 1.108355
alpha2 0.010000 0.030673 875.000000 0.000000 0.001104 0.008744 1.095770
alpha2 0.010000 0.030673 880.000000 0.000000 0.001104 0.008399 1.083326
alpha2 0.010000 0.030673 885.000000 0.000000 0.001104 0.008074 1.071021
alpha2 0.010000 0.030673 890.000000 0.000000 0.001104 0.007768 1.058854
alpha2 0.010000 0.030673 895.000000 0.000000 0.001104 0.007480 1.046823
alpha2 0.010000 0.030673 900.000000 0.000000 0.001104 0.007209 1.034926
alpha2 0.010000 0.030673 905.000000 0.000000 0.001104 0.006953 1.023163
alpha2 0.010000 0.030673 910.000000 0.000000 0.001104 0.006713 1.011532
alpha2 0.010000 0.030673 915.000000 0.000000 0.001104 0.006486 1.000032
alpha2 0.010000 0.030673 920.000000 0.000000 0.001104 0.006273 0.988660
alpha2 0.010000 0.030673 925.000000 0.000000 0.001104 0.006072 0.977417
alpha2 0.010000 0.030673 930.000000 0.000000 0.001104 0.005883 0.966301
alpha2 0.010000 0.030673 935.000000 0.000000 0.001104 0.005705 0.955310
alpha2 0.010000 0.030673 940.000000 0.000000 0.001104 0.005537 0.944442
alpha2 0.010000 0.030673 945.000000 0.000000 0.001104 0.005379 0.933698
alpha2 0.010000 0.030673 950.000000 0.000000 0.001104 0.005230 0.923074
alpha2 0.010000 0.030673 955.000000 0.000000 0.001104 0.005090 0.912571
alpha2 0.010000 0.030673 960.000000 0.000000 0.001104 0.004957 0.902187
alpha2 0.010000 0.030673 965.000000 0.000000 0.001104 0.004833 0.891920
alpha2 0.010000 0.030673 970.000000 0.000000 0.001104 0.004716 0.881769
alpha2 0.010000 0.030673 975.000000 0.000000 0.001104 0.004606 0.871733
alpha2 0.010000 0.030673 980.000000 0.000000 0.001104 0.004502 0.861811
alpha2 0.010000 0.030673 985.000000 0.000000 0.001104 0.004404 0.852001
alpha2 0.010000 0.030673 990.000000 0.000000 0.001104 0.004312 0.842302
alpha2 0.010000 0.030673 995.000000 0.000000 0.001104 0.004225 0.832714
alpha2 0.010000 0.030673 1000.000000 0.000000 0.001104 0.004143 0.823234
alpha2 0.010000 0.030673 1005.000000 0.000000 0.001104 0.004066 0.813862
alpha2 0.010000 0.030673 1010.000000 0.000000 0.001104 0.003994 0.804596
alpha2 0.010000 0.030673 1015.000000 0.000000 0.001104 0.003926 0.795436
alpha2 0.010000 0.030673 1020.000000 0.000000 0.001104 0.003861 0.786379
alpha2 0.010000 0.030673 1025.000000 0.000000 0.001104 0.003801 0.777426
alpha2 0.010000 0.030673 1030.000000 0.000000 0.001104 0.003744 0.768574
alpha2 0.010000 0.030673 1035.000000 0.000000 0.001104 0.003690 0.759823
alpha2 0.010000 0.030673 1040.000000 0.000000 0.001104 0.003640 0.751172
alpha2 0.010000 0.030673 1045.000000 0.000000 0.001104 0.003592 0.742618
alpha2 0.010000 0.030673 1050.000000 0.000000 0.001104 0.003547 0.734163
alpha2 0.010000 0.030673 1055.000000 0.000000 0.001104 0.003505 0.725803
alpha2 0.010000 0.030673 1060.000000 0.000000 0.001104 0.003465 0.717539
alpha2 0.010000 0.030673 1065.000000 0.000000 0.001104 0.003428 0.709369
alpha2 0.010000 0.030673 1070.000000 0.000000 0.001104 0.003392 0.701292
alpha2 0.010000 0.030673 1075.000000 0.000000 0.001104 0.003359 0.693307
alpha2 0.010000 0.030673 1080.000000 0.000000 0.001104 0.003328 0.685413
alpha2 0.010000 0.030673 1085.000000 0.000000 0.001104 0.003299 0.677608
alpha2 0.010000 0.030673 1090.000000 0.000000 0.001104 0.003271 0.669893
alpha2 0.010000 0.030673 1095.000000 0.000000 0.001104 0.003245 0.662266
alpha2 0.010000 0.030673 1100.000000 0.000000 0.001104 0.003220 0.654726
alpha2 0.010000 0.030673 1105.000000 0.000000 0.001104 0.003197 0.647271
alpha2 0.010000 0.030673 1110.000000 0.000000 0.001104 0.003175 0.639902
alpha2 0.010000 0.030673 1115.000000 0.000000 0.001104 0.003154 0.632617
alpha2 0.010000 0.030673 1120.000000 0.000000 0.001104 0.003135 0.625415
alpha2 0.010000 0.030673 1125.000000 0.000000 0.001104 0.003117 0.618295
alpha2 0.010000 0.030673 1130.000000 0.000000 0.001104 0.003100 0.611256
alpha2 0.010000 0.030673 1135.000000 0.000000 0.001104 0.003084 0.604297
alpha2 0.010000 0.030673 1140.000000 0.000000 0.001104 0.003068 0.597418
alpha2 0.010000 0.030673 1145.000000 0.000000 0.001104 0.003054 0.590618
alpha2 0.010000 0.030673 1150.000000 0.000000 0.001104 0.003040 0.583895
alpha2 0.010000 0.030673 1155.000000 0.000000 0.001104 0.003028 0.577249
alpha2 0.010000 0.030673 1160.000000 0.000000 0.001104 0.003016 0.570678
alpha2 0.010000 0.030673 1165.000000 0.000000 0.001104 0.003004 0.564183
alpha2 0.010000 0.030673 1170.000000 0.000000 0.001104 0.002994 0.557762
alpha2 0.010000 0.030673 1175.000000 0.000000 0.001104 0.002984 0.551414
alpha2 0.010000 0.030673 1180.000000 0.000000 0.001104 0.002974 0.545139
alpha2 0.010000 0.030673 1185.000000 0.000000 0.001104 0.002966 0.538935
alpha2 0.010000 0.030673 1190.000000 0.000000 0.001104 0.002957 0.532802
alpha2 0.010000 0.030673 1195.000000 0.000000 0.001104 0.002949 0.526740
alpha2 0.010000 0.030673 1200.000000 0.000000 0.001104 0.002942 0.520746
alpha2 0.010000 0.030673 1205.000000 0.000000 0.001104 0.002935 0.514821
alpha2 0.010000 0.030673 1210.000000 0.000000 0.001104 0.002928 0.508964
alpha2 0.010000 0.030673 1215.000000 0.000000 0.001104 0.002922 0.503173
alpha2 0.010000 0.030673 1220.000000 0.000000 0.001104 0.002916 0.497449
alpha2 0.010000 0.030673 1225.000000 0.000000 0.001104 0.002911 0.491790
alpha2 0.010000 0.030673 1230.000000 0.000000 0.001104 0.002906 0.486196
alpha2 0.010000 0.030673 1235.000000 0.000000 0.001104 0.002901 0.480665
alpha2 0.010000 0.030673 1240.000000 0.000000 0.001104 0.002896 0.475198
alpha2 0.010000 0.030673 1245.000000 0.000000 0.001104 0.002892 0.469794
alpha2 0.010000 0.030673 1250.000000 0.000000 0.001104 0.002888 0.464451
alpha2 0.010000 0.030673 1255.000000 0.000000 0.001104 0.002884 0.459169
alpha2 0.010000 0.030673 1260.000000 0.000000 0.001104 0.002880 0.453947
alpha2 0.010000 0.030673 1265.000000 0.000000 0.001104 0.002877 0.448785
alpha2 0.010000 0.030673 1270.000000 0.000000 0.001104 0.002874 0.443682
alpha2 0.010000 0.030673 1275.000000 0.000000 0.001104 0.002871 0.438638
alpha2 0.010000 0.030673 1280.000000 0.000000 0.001104 0.002868 0.433651
alpha2 0.010000 0.030673 1285.000000 0.000000 0.001104 0.002865 0.428721
alpha2 0.010000 0.030673 1290.000000 0.000000 0.001104 0.002863 0.423847
alpha2 0.010000 0.030673 1295.000000 0.000000 0.001104 0.002860 0.419030
alpha2 0.010000 0.030673 1300.000000 0.000000 0.001104 0.002858 0.414267
alpha2 0.010000 0.030673 1305.000000 0.000000 0.001104 0.002856 0.409558
alpha2 0.010000 0.030673 1310.000000 0.000000 0.001104 0.002854 0.404904
alpha2 0.010000 0.030673 1315.000000 0.000000 0.001104 0.002852 0.400302
alpha2 0.010000 0.030673 1320.000000 0.000000 0.001104 0.002850 0.395754
alpha2 0.010000 0.030673 1325.000000 0.000000 0.001104 0.002849 0.391257
alpha2 0.010000 0.030673 1330.000000 0.000000 0.001104 0.002847 0.386812
alpha2 0.010000 0.030673 1335.000000 0.000000 0.001104 0.002846 0.382417
alpha2 0.010000 0.030673 1340.000000 0.000000 0.001104 0.002844 0.378073
alpha2 0.010000 0.030673 1345.000000 0.000000 0.001104 0.002843 0.373778
alpha2 0.010000 0.030673 1350.000000 0.000000 0.001104 0.002842 0.369532
alpha2 0.010000 0.030673 1355.000000 0.000000 0.001104 0.002841 0.365335
alpha2 0.010000 0.030673 1360.000000 0.000000 0.001104 0.002840 0.361186
alpha2 0.010000 0.030673 1365.000000 0.000000 0.001104 0.002839 0.357085
alpha2 0.010000 0.030673 1370.000000 0.000000 0.001104 0.002838 0.353030
alpha2 0.010000 0.030673 1375.000000 0.000000 0.001104 0.002837 0.349022
alpha2 0.010000 0.030673 1380.000000 0.000000 0.001104 0.002836 0.345059
alpha2 0.010000 0.030673 1385.000000 0.000000 0.001104 0.002835 0.341142
alpha2 0.010000 0.030673 1390.000000 0.000000 0.001104 0.002834 0.337269
alpha2 0.010000 0.030673 1395.000000 0.000000 0.001104 0.002834 0.333441
alpha2 0.010000 0.030673 1400.000000 0.000000 0.001104 0.002833 0.329657
alpha2 0.010000 0.030673 1405.000000 0.000000 0.001104 0.002832 0.325916
alpha2 0.010000 0.030673 1410.000000 0.000000 0.001104 0.002832 0.322217
alpha2 0.010000 0.030673 1415.000000 0.000000 0.001104 0.002831 0.318561
alpha2 0.010000 0.030673 1420.000000 0.000000 0.001104 0.002831 0.314947
alpha2 0.010000 0.030673 1425.000000 0.000000 0.001104 0.002830 0.311374
alpha2 0.010000 0.030673 1430.000000 0.000000 0.001104 0.002830 0.307842
alpha2 0.010000 0.030673 1435.000000 0.000000 0.001104 0.002829 0.304350
alpha2 0.010000 0.030673 1440.000000 0.000000 0.001104 0.002829 0.300898
alpha2 0.010000 0.030673 1445.000000 0.000000 0.001104 0.002828 0.297486
alpha2 0.010000 0.030673 1450.000000 0.000000 0.001104 0.002828 0.294112
alpha2 0.010000 0.030673 1455.000000 0.000000 0.001104 0.002828 0.290777
alpha2 0.010000 0.030673 1460.000000 0.000000 0.001104 0.002827 0.287481
alpha2 0.010000 0.030673 1465.000000 0.000000 0.001104 0.002827 0.284222
alpha2 0.010000 0.030673 1470.000000 0.000000 0.001104 0.002827 0.281000
alpha2 0.010000 0.030673 1475.000000 0.000000 0.001104 0.002826 0.277815
alpha2 0.010000 0.030673 1480.000000 0.000000 0.001104 0.002826 0.274667
alpha2 0.010000 0.030673 1485.000000 0.000000 0.001104 0.002826 0.271554
alpha2 0.010000 0.030673 1490.000000 0.000000 0.001104 0.002826 0.268477
alpha2 0.010000 0.030673 1495.000000 0.000000 0.001104 0.002826 0.265436
alpha2 0.010000 0.030673 1500.000000 0.000000 0.001104 0.002825 0.262429
alpha2 0.010000 0.030673 1505.000000 0.000000 0.001104 0.002825 0.259456
alpha2 0.010000 0.030673 1510.000000 0.000000 0.001104 0.002825 0.256518
alpha2 0.010000 0.030673 1515.000000 0.000000 0.001104 0.002825 0.253613
alpha2 0.010000 0.030673 1520.000000 0.000000 0.001104 0.002825 0.250741
alpha2 0.010000 0.030673 1525.000000 0.000000 0.001104 0.002824 0.247902
alpha2 0.010000 0.030673 1530.000000 0.000000 0.001104 0.002824 0.245096
alpha2 0.010000 0.030673 1535.000000 0.000000 0.001104 0.002824 0.242321
alpha2 0.010000 0.030673 1540.000000 0.000000 0.001104 0.002824 0.239579
alpha2 0.010000 0.030673 1545.000000 0.000000 0.001104 0.002824 0.236867
alpha2 0.010000 0.030673 1550.000000 0.000000 0.001104 0.002824 0.234187
alpha2 0.010000 0.030673 1555.000000 0.000000 0.001104 0.002824 0.231537
alpha2 0.010000 0.030673 1560.000000 0.000000 0.001104 0.002824 0.228918
alpha2 0.010000 0.030673 1565.000000 0.000000 0.001104 0.002824 0.226329
alpha2 0.010000 0.030673 1570.000000 0.000000 0.001104 0.002823 0.223769
alpha2 0.010000 0.030673 1575.000000 0.000000 0.001104 0.002823 0.221238
alpha2 0.010000 0.030673 1580.000000 0.000000 0.001104 0.002823 0.218737
alpha2 0.010000 0.030673 1585.000000 0.000000 0.001104 0.002823 0.216264
alpha2 0.010000 0.030673 1590.000000 0.000000 0.001104 0.002823 0.213819
alpha2 0.010000 0.030673 1595.000000 0.000000 0.001104 0.002823 0.211402
alpha2 0.010000 0.030673 1600.000000 0.000000 0.001104 0.002823 0.209013
alpha2 0.010000 0.030673 1605.000000 0.000000 0.001104 0.002823 0.206651
alpha2 0.010000 0.030673 1610.000000 0.000000 0.001104 0.002823 0.204316
alpha2 0.010000 0.030673 1615.000000 0.000000 0.001104 0.002823 0.202008
alpha2 0.010000 0.030673 1620.000000 0.000000 0.001104 0.002823 0.199727
alpha2 0.010000 0.030673 1625.000000 0.000000 0.001104 0.002823 0.197471
alpha2 0.010000 0.030673 1630.000000 0.000000 0.001104 0.002823 0.195241
alpha2 0.010000 0.030673 1635.000000 0.000000 0.001104 0.002823 0.193037
alpha2 0.010000 0.030673 1640.000000 0.000000 0.001104 0.002823 0.190858
alpha2 0.010000 0.030673 1645.000000 0.000000 0.001104 0.002823 0.188703
alpha2 0.010000 0.030673 1650.000000 0.000000 0.001104 0.002823 0.186574
alpha2 0.010000 0.030673 1655.000000 0.000000 0.001104 0.002822 0.184469
alpha2 0.010000 0.030673 1660.000000 0.000000 0.001104 0.002822 0.182387
alpha2 0.010000 0.030673 1665.000000 0.000000 0.001104 0.002822 0.180330
alpha2 0.010000 0.030673 1670.000000 0.000000 0.001104 0.002822 0.178296
alpha2 0.010000 0.030673 1675.000000 0.000000 0.001104 0.002822 0.176286
alpha2 0.010000 0.030673 1680.000000 0.000000 0.001104 0.002822 0.174298
alpha2 0.010000 0.030673 1685.000000 0.000000 0.001104 0.002822 0.172333
alpha2 0.010000 0.030673 1690.000000 0.000000 0.001104 0.002822 0.170391
alpha2 0.010000 0.030673 1695.000000 0.000000 0.001104 0.002822 0.168470
alpha2 0.010000 0.030673 1700.000000 0.000000 0.001104 0.002822 0.166572
alpha2 0.010000 0.030673 1705.000000 0.000000 0.001104 0.002822 0.164696
alpha2 0.010000 0.030673 1710.000000 0.000000 0.001104 0.002822 0.162841
alpha2 0.010000 0.030673 1715.000000 0.000000 0.001104 0.002822 0.161007
alpha2 0.010000 0.030673 1720.000000 0.000000 0.001104 0.002822 0.159194
alpha2 0.010000 0.030673 1725.000000 0.000000 0.001104 0.002822 0.157402
alpha2 0.010000 0.030673 1730.000000 0.000000 0.001104 0.002822 0.155630
alpha2 0.010000 0.030673 1735.000000 0.000000 0.001104 0.002822 0.153879
alpha2 0.010000 0.030673 1740.000000 0.000000 0.001104 0.002822 0.152147
alpha2 0.010000 0.030673 1745.000000 0.000000 0.001104 0.002822 0.150436
alpha2 0.010000 0.030673 1750.000000 0.000000 0.001104 0.002822 0.148743
alpha2 0.010000 0.030673 1755.000000 0.000000 0.001104 0.002822 0.147071
alpha2 0.010000 0.030673 1760.000000 0.000000 0.001104 0.002822 0.145417
alpha2 0.010000 0.030673 1765.000000 0.000000 0.001104 0.002822 0.143783
alpha2 0.010000 0.030673 1770.000000 0.000000 0.001104 0.002822 0.142167
alpha2 0.010000 0.030673 1775.000000 0.000000 0.001104 0.002822 0.140569
alpha2 0.010000 0.030673 1780.000000 0.000000 0.001104 0.002822 0.138990
alpha2 0.010000 0.030673 1785.000000 0.000000 0.001104 0.002822 0.137429
alpha2 0.010000 0.030673 1790.000000 0.000000 0.001104 0.002822 0.135885
alpha2 0.010000 0.030673 1795.000000 0.000000 0.001104 0.002822 0.134360
alpha2 0.010000 0.030673 1800.000000 0.000000 0.001104 0.002822 0.132852
alpha2 0.010000 0.030673 1805.000000 0.000000 0.001104 0.002822 0.131361
alpha2 0.010000 0.030673 1810.000000 0.000000 0.001104 0.002822 0.129887
alpha2 0.010000 0.030673 1815.000000 0.000000 0.001104 0.002822 0.128430
alpha2 0.010000 0.030673 1820.000000 0.000000 0.001104 0.002822 0.126989
alpha2 0.010000 0.030673 1825.000000 0.000000 0.001104 0.002822 0.125565
alpha2 0.010000 0.030673 1830.000000 0.000000 0.001104 0.002822 0.124157
alpha2 0.010000 0.030673 1835.000000 0.000000 0.001104 0.002822 0.122766
alpha2 0.010000 0.030673 1840.000000 0.000000 0.001104 0.002822 0.121390
alpha2 0.010000 0.030673 1845.000000 0.000000 0.001104 0.002822 0.120030
alpha2 0.010000 0.030673 1850.000000 0.000000 0.001104 0.002822 0.118686
alpha2 0.010000 0.030673 1855.000000 0.000000 0.001104 0.002822 0.117357
alpha2 0.010000 0.030673 1860.000000 0.000000 0.001104 0.002822 0.116043
alpha2 0.010000 0.030673 1865.000000 0.000000 0.001104 0.002822 0.114744
alpha2 0.010000 0.030673 1870.000000 0.000000 0.001104 0.002822 0.113460
alpha2 0.010000 0.030673 1875.000000 0.000000 0.001104 0.002822 0.112191
alpha2 0.010000 0.030673 1880.000000 0.000000 0.001104 0.002822 0.110936
alpha2 0.010000 0.030673 1885.000000 0.000000 0.001104 0.002822 0.109696
alpha2 0.010000 0.030673 1890.000000 0.000000 0.001104 0.002822 0.108470
alpha2 0.010000 0.030673 1895.000000 0.000000 0.001104 0.002822 0.107258
alpha2 0.010000 0.030673 1900.000000 0.000000 0.001104 0.002822 0.106059
alpha2 0.010000 0.030673 1905.000000 0.000000 0.001104 0.002822 0.104875
alpha2 0.010000 0.030673 1910.000000 0.000000 0.001104 0.002822 0.103704
alpha2 0.010000 0.030673 1915.000000 0.000000 0.001104 0.002822 0.102546
alpha2 0.010000 0.030673 1920.000000 0.000000 0.001104 0.002822 0.101401
alpha2 0.010000 0.030673 1925.000000 0.000000 0.001104 0.002822 0.100270
alpha2 0.010000 0.030673 1930.000000 0.000000 0.001104 0.002822 0.099152
alpha2 0.010000 0.030673 1935.000000 0.000000 0.001104 0.002822 0.098046
alpha2 0.010000 0.030673 1940.000000 0.000000 0.001104 0.002822 0.096953
alpha2 0.010000 0.030673 1945.000000 0.000000 0.001104 0.002822 0.095872
alpha2 0.010000 0.030673 1950.000000 0.000000 0.001104 0.002822 0.094804
alpha2 0.010000 0.030673 1955.000000 0.000000 0.001104 0.002822 0.093748
alpha2 0.010000 0.030673 1960.000000 0.000000 0.001104 0.002822 0.092704
alpha2 0.010000 0.030673 1965.000000 0.000000 0.001104 0.002822 0.091672
alpha2 0.010000 0.030673 1970.000000 0.000000 0.001104 0.002822 0.090652
alpha2 0.010000 0.030673 1975.000000 0.000000 0.001104 0.002822 0.089644
alpha2 0.010000 0.030673 1980.000000 0.000000 0.001104 0.002822 0.088647
alpha2 0.010000 0.030673 1985.000000 0.000000 0.001104 0.002822 0.087661
alpha2 0.010000 0.030673 1990.000000 0.000000 0.001104 0.002822 0.086687
alpha2 0.010000 0.030673 1995.000000 0.000000 0.001104 0.002822 0.085724
alpha2 0.010000 0.030673 2000.000000 0.000000 0.001104 0.002822 0.084772
alpha2 0.010000 0.030673 2005.000000 0.000000 0.001104 0.002822 0.083831
alpha2 0.010000 0.030673 2010.000000 0.000000 0.001104 0.002822 0.082900
alpha2 0.010000 0.030673 2015.000000 0.000000 0.001104 0.002822 0.081980
alpha2 0.010000 0.030673 2020.000000 0.000000 0.001104 0.002822 0.081071
alpha2 0.010000 0.030673 2025.000000 0.000000 0.001104 0.002822 0.080172
alpha2 0.010000 0.030673 2030.000000 0.000000 0.001104 0.002822 0.079283
alpha2 0.010000 0.030673 2035.000000 0.000000 0.001104 0.002822 0.078405
alpha2 0.010000 0.030673 2040.000000 0.000000 0.001104 0.002822 0.077537
alpha2 0.010000 0.030673 2045.000000 0.000000 0.001104 0.002822 0.076678
alpha2 0.010000 0.030673 2050.000000 0.000000 0.001104 0.002822 0.075829
alpha2 0.010000 0.030673 2055.000000 0.000000 0.001104 0.002822 0.074990
alpha2 0.010000 0.030673 2060.000000 0.000000 0.001104 0.002822 0.074161
alpha2 0.010000 0.030673 2065.000000 0.000000 0.001104 0.002822 0.073341
alpha2 0.010000 0.030673 2070.000000 0.000000 0.001104 0.002822 0.072531
alpha2 0.010000 0.030673 2075.000000 0.000000 0.001104 0.002822 0.071729
alpha2 0.010000 0.030673 2080.000000 0.000000 0.001104 0.002822 0.070937
alpha2 0.010000 0.030673 2085.000000 0.000000 0.001104 0.002822 0.070154
alpha2 0.010000 0.030673 2090.000000 0.000000 0.001104 0.002822 0.069380
alpha2 0.010000 0.030673 2095.000000 0.000000 0.001104 0.002822 0.068615
alpha2 0.010000 0.030673 2100.000000 0.000000 0.001104 0.002822 0.067858
alpha2 0.010000 0.030673 2105.000000 0.000000 0.001104 0.002822 0.067110
alpha2 0.010000 0.030673 2110.000000 0.000000 0.001104 0.002822 0.066371
alpha2 0.010000 0.030673 2115.000000 0.000000 0.001104 0.002822 0.065640
alpha2 0.010000 0.030673 2120.000000 0.000000 0.001104 0.002822 0.064918
alpha2 0.010000 0.030673 2125.000000 0.000000 0.001104 0.002822 0.064204
alpha2 0.010000 0.030673 2130.000000 0.000000 0.001104 0.002822 0.063498
alpha2 0.010000 0.030673 2135.000000 0.000000 0.001104 0.002822 0.062800
alpha2 0.010000 0.030673 2140.000000 0.000000 0.001104 0.002822 0.062110
alpha2 0.010000 0.030673 2145.000000 0.000000 0.001104 0.002822 0.061427
alpha2 0.010000 0.030673 2150.000000 0.000000 0.001104 0.002822 0.060753
alpha2 0.010000 0.030673 2155.000000 0.000000 0.001104 0.002822 0.060087
alpha2 0.010000 0.030673 2160.000000 0.000000 0.001104 0.002822 0.059428
alpha2 0.010000 0.030673 2165.000000 0.000000 0.001104 0.002822 0.058776
alpha2 0.010000 0.030673 2170.000000 0.000000 0.001104 0.002822 0.058132
alpha2 0.010000 0.030673 2175.000000 0.000000 0.001104 0.002822 0.057496
alpha2 0.010000 0.030673 2180.000000 0.000000 0.001104 0.002822 0.056866
alpha2 0.010000 0.030673 2185.000000 0.000000 0.001104 0.002822 0.056244
alpha2 0.010000 0.030673 2190.000000 0.000000 0.001104 0.002822 0.055629
alpha2 0.010000 0.030673 2195.000000 0.000000 0.001104 0.002822 0.055021
alpha2 0.010000 0.030673 2200.000000 0.000000 0.001104 0.002822 0.054420
alpha2 0.010000 0.030673 2205.000000 0.000000 0.001104 0.002822 0.053826
alpha2 0.010000 0.030673 2210.000000 0.000000 0.001104 0.002822 0.053238
alpha2 0.010000 0.030673 2215.000000 0.000000 0.001104 0.002822 0.052658
alpha2 0.010000 0.030673 2220.000000 0.000000 0.001104 0.002822 0.052084
alpha2 0.010000 0.030673 2225.000000 0.000000 0.001104 0.002822 0.051516
alpha2 0.010000 0.030673 2230.000000 0.000000 0.001104 0.002822 0.050955
alpha2 0.010000 0.030673 2235.000000 0.000000 0.001104 0.002822 0.050401
alpha2 0.010000 0.030673 2240.000000 0.000000 0.001104 0.002822 0.049852
alpha2 0.010000 0.030673 2245.000000 0.000000 0.001104 0.002822 0.049310
alpha2 0.010000 0.030673 2250.000000 0.000000 0.001104 0.002822 0.048775
alpha2 0.010000 0.030673 2255.000000 0.000000 0.001104 0.002822 0.048245
alpha2 0.010000 0.030673 2260.000000 0.000000 0.001104 0.002822 0.047721
alpha2 0.010000 0.030673 2265.000000 0.000000 0.001104 0.002822 0.047204
alpha2 0.010000 0.030673 2270.000000 0.000000 0.001104 0.002822 0.046692
alpha2 0.010000 0.030673 2275.000000 0.000000 0.001104 0.002822 0.046186
alpha2 0.010000 0.030673 2280.000000 0.000000 0.001104 0.002822 0.045686
alpha2 0.010000 0.030673 2285.000000 0.000000 0.001104 0.002822 0.045192
alpha2 0.010000 0.030673 2290.000000 0.000000 0.001104 0.002822 0.044703
alpha2 0.010000 0.030673 2295.000000 0.000000 0.001104 0.002822 0.044220
alpha2 0.010000 0.030673 2300.000000 0.000000 0.001104 0.002822 0.043743
alpha2 0.010000 0.030673 2305.000000 0.000000 0.001104 0.002822 0.043271
alpha2 0.010000 0.030673 2310.000000 0.000000 0.001104 0.002822 0.042804
alpha2 0.010000 0.030673 2315.000000 0.000000 0.001104 0.002822 0.042342
alpha2 0.010000 0.030673 2320.000000 0.000000 0.001104 0.002822 0.041886
alpha2 0.010000 0.030673 2325.000000 0.000000 0.001104 0.002822 0.041436
alpha2 0.010000 0.030673 2330.000000 0.000000 0.001104 0.002822 0.040990
alpha2 0.010000 0.030673 2335.000000 0.000000 0.001104 0.002822 0.040549
alpha2 0.010000 0.030673 2340.000000 0.000000 0.001104 0.002822 0.040114
alpha2 0.010000 0.030673 2345.000000 0.000000 0.001104 0.002822 0.039683
alpha2 0.010000 0.030673 2350.000000 0.000000 0.001104 0.002822 0.039257
alpha2 0.010000 0.030673 2355.000000 0.000000 0.001104 0.002822 0.038836
alpha2 0.010000 0.030673 2360.000000 0.000000 0.001104 0.002822 0.038420
alpha2 0.010000 0.030673 2365.000000 0.000000 0.001104 0.002822 0.038009
alpha2 0.010000 0.030673 2370.000000 0.000000 0.001104 0.002822 0.037603
alpha2 0.010000 0.030673 2375.000000 0.000000 0.001104 0.002822 0.037201
alpha2 0.010000 0.030673 2380.000000 0.000000 0.001104 0.002822 0.036803
alpha2 0.010000 0.030673 2385.000000 0.000000 0.001104 0.002822 0.036411
alpha2 0.010000 0.030673 2390.000000 0.000000 0.001104 0.002822 0.036022
alpha2 0.010000 0.030673 2395.000000 0.000000 0.001104 0.002822 0.035639
alpha2 0.010000 0.030673 2400.000000 0.000000 0.001104 0.002822 0.035259
alpha2 0.010000 0.030673 2405.000000 0.000000 0.001104 0.002822 0.034884
alpha2 0.010000 0.030673 2410.000000 0.000000 0.001104 0.002822 0.034513
alpha2 0.010000 0.030673 2415.000000 0.000000 0.001104 0.002822 0.034147
alpha2 0.010000 0.030673 2420.000000 0.000000 0.001104 0.002822 0.033784
alpha2 0.010000 0.030673 2425.000000 0.000000 0.001104 0.002822 0.033426
alpha2 0.010000 0.030673 2430.000000 0.000000 0.001104 0.002822 0.033072
alpha2 0.010000 0.030673 2435.000000 0.000000 0.001104 0.002822 0.032722
alpha2 0.010000 0.030673 2440.000000 0.000000 0.001104 0.002822 0.032376
alpha2 0.010000 0.030673 2445.000000 0.000000 0.001104 0.002822 0.032034
alpha2 0.010000 0.030673 2450.000000 0.000000 0.001104 0.002822 0.031695
alpha2 0.010000 0.030673 2455.000000 0.000000 0.001104 0.002822 0.031361
alpha2 0.010000 0.030673 2460.000000 0.000000 0.001104 0.002822 0.031031
alpha2 0.010000 0.030673 2465.000000 0.000000 0.001104 0.002822 0.030704
alpha2 0.010000 0.030673 2470.000000 0.000000 0.001104 0.002822 0.030381
alpha2 0.010000 0.030673 2475.000000 0.000000 0.001104 0.002822 0.030062
alpha2 0.010000 0.030673 2480.000000 0.000000 0.001104 0.002822 0.029746
alpha2 0.010000 0.030673 2485.000000 0.000000 0.001104 0.002822 0.029434
alpha2 0.010000 0.030673 2490.000000 0.000000 0.001104 0.002822 0.029125
alpha2 0.010000 0.030673 2495.000000 0.000000 0.001104 0.002822 0.028820
alpha2 0.010000 0.030673 2500.000000 0.000000 0.001104 0.002822 0.028519
alpha2 0.010000 0.030673 2505.000000 0.000000 0.001104 0.002822 0.028221
alpha2 0.010000 0.030673 2510.000000 0.000000 0.001104 0.002822 0.027926
alpha2 0.010000 0.030673 2515.000000 0.000000 0.001104 0.002822 0.027635
alpha2 0.010000 0.030673 2520.000000 0.000000 0.001104 0.002822 0.027347
alpha2 0.010000 0.030673 2525.000000 0.000000 0.001104 0.002822 0.027062
alpha2 0.010000 0.030673 2530.000000 0.000000 0.001104 0.002822 0.026781
alpha2 0.010000 0.030673 2535.000000 0.000000 0.001104 0.002822 0.026503
alpha2 0.010000 0.030673 2540.000000 0.000000 0.001104 0.002822 0.026228
alpha2 0.010000 0.030673 2545.000000 0.000000 0.001104 0.002822 0.025956
alpha2 0.010000 0.030673 2550.000000 0.000000 0.001104 0.002822 0.025687
alpha2 0.010000 0.030673 2555.000000 0.000000 0.001104 0.002822 0.025422
alpha2 0.010000 0.030673 2560.000000 0.000000 0.001104 0.002822 0.025159
alpha2 0.010000 0.030673 2565.000000 0.000000 0.001104 0.002822 0.024900
alpha2 0.010000 0.030673 2570.000000 0.000000 0.001104 0.002822 0.024643
alpha2 0.010000 0.030673 2575.000000 0.000000 0.001104 0.002822 0.024389
alpha2 0.010000 0.030673 2580.000000 0.000000 0.001104 0.002822 0.024138
alpha2 0.010000 0.030673 2585.000000 0.000000 0.001104 0.002822 0.023890
alpha2 0.010000 0.030673 2590.000000 0.000000 0.001104 0.002822 0.023645
alpha2 0.010000 0.030673 2595.000000 0.000000 0.001104 0.002822 0.023403
alpha2 0.010000 0.030673 2600.000000 0.000000 0.001104 0.002822 0.023164
alpha2 0.010000 0.030673 2605.000000 0.000000 0.001104 0.002822 0.022927
alpha2 0.010000 0.030673 2610.000000 0.000000 0.001104 0.002822 0.022693
alpha2 0.010000 0.030673 2615.000000 0.000000 0.001104 0.002822 0.022461
alpha2 0.010000 0.030673 2620.000000 0.000000 0.001104 0.002822 0.022232
alpha2 0.010000 0.030673 2625.000000 0.000000 0.001104 0.002822 0.022006
alpha2 0.010000 0.030673 2630.000000 0.000000 0.001104 0.002822 0.021783
alpha2 0.010000 0.030673 2635.000000 0.000000 0.001104 0.002822 0.021562
alpha2 0.010000 0.030673 2640.000000 0.000000 0.001104 0.002822 0.021343
alpha2 0.010000 0.030673 2645.000000 0.000000 0.001104 0.002822 0.021127
alpha2 0.010000 0.030673 2650.000000 0.000000 0.001104 0.002822 0.020914
alpha2 0.010000 0.030673 2655.000000 0.000000 0.001104 0.002822 0.020703
alpha2 0.010000 0.030673 2660.000000 0.000000 0.001104 0.002822 0.020494
alpha2 0.010000 0.030673 2665.000000 0.000000 0.001104 0.002822 0.020288
alpha2 0.010000 0.030673 2670.000000 0.000000 0.001104 0.002822 0.020084
alpha2 0.010000 0.030673 2675.000000 0.000000 0.001104 0.002822 0.019882
alpha2 0.010000 0.030673 2680.000000 0.000000 0.001104 0.002822 0.019683
alpha2 0.010000 0.030673 2685.000000 0.000000 0.001104 0.002822 0.019486
alpha2 0.010000 0.030673 2690.000000 0.000000 0.001104 0.002822 0.019291
alpha2 0.010000 0.030673 2695.000000 0.000000 0.001104 0.002822 0.019099
alpha2 0.010000 0.030673 2700.000000 0.000000 0.001104 0.002822 0.018908
alpha2 0.010000 0.030673 2705.000000 0.000000 0.001104 0.002822 0.018720
alpha2 0.010000 0.030673 2710.000000 0.000000 0.001104 0.002822 0.018534
alpha2 0.010000 0.030673 2715.000000 0.000000 0.001104 0.002822 0.018350
alpha2 0.010000 0.030673 2720.000000 0.000000 0.001104 0.002822 0.018169
alpha2 0.010000 0.030673 2725.000000 0.000000 0.001104 0.002822 0.017989
alpha2 0.010000 0.030673 2730.000000 0.000000 0.001104 0.002822 0.017811
alpha2 0.010000 0.030673 2735.000000 0.000000 0.001104 0.002822 0.017636
alpha2 0.010000 0.030673 2740.000000 0.000000 0.001104 0.002822 0.017462
alpha2 0.010000 0.030673 2745.000000 0.000000 0.001104 0.002822 0.017291
alpha2 0.010000 0.030673 2750.000000 0.000000 0.001104 0.002822 0.017121
alpha2 0.010000 0.030673 2755.000000 0.000000 0.001104 0.002822 0.016953
alpha2 0.010000 0.030673 2760.000000 0.000000 0.001104 0.002822 0.016787
alpha2 0.010000 0.030673 2765.000000 0.000000 0.001104 0.002822 0.016624
alpha2 0.010000 0.030673 2770.000000 0.000000 0.001104 0.002822 0.016462
alpha2 0.010000 0.030673 2775.000000 0.000000 0.001104 0.002822 0.016301
alpha2 0.010000 0.030673 2780.000000 0.000000 0.001104 0.002822 0.016143
alpha2 0.010000 0.030673 2785.000000 0.000000 0.001104 0.002822 0.015987
alpha2 0.010000 0.030673 2790.000000 0.000000 0.001104 0.002822 0.015832
alpha2 0.010000 0.030673 2795.000000 0.000000 0.001104 0.002822 0.015679
alpha2 0.010000 0.030673 2800.000000 0.000000 0.001104 0.002822 0.015528
alpha2 0.010000 0.030673 2805.000000 0.000000 0.001104 0.002822 0.015378
alpha2 0.010000 0.030673 2810.000000 0.000000 0.001104 0.002822 0.015230
alpha2 0.010000 0.030673 2815.000000 0.000000 0.001104 0.002822 0.015084
alpha2 0.010000 0.030673 2820.000000 0.000000 0.001104 0.002822 0.014940
alpha2 0.010000 0.030673 2825.000000 0.000000 0.001104 0.002822 0.014797
alpha2 0.010000 0.030673 2830.000000 0.000000 0.001104 0.002822 0.014656
alpha2 0.010000 0.030673 2835.000000 0.000000 0.001104 0.002822 0.014516
alpha2 0.010000 0.030673 2840.000000 0.000000 0.001104 0.002822 0.014379
alpha2 0.010000 0.030673 2845.000000 0.000000 0.001104 0.002822 0.014242
alpha2 0.010000 0.030673 2850.000000 0.000000 0.001104 0.002822 0.014107
alpha2 0.010000 0.030673 2855.000000 0.000000 0.001104 0.002822 0.013974
alpha2 0.010000 0.030673 2860.000000 0.000000 0.001104 0.002822 0.013842
alpha2 0.010000 0.030673 2865.000000 0.000000 0.001104 0.002822 0.013712
alpha2 0.010000 0.030673 2870.000000 0.000000 0.001104 0.002822 0.013583
alpha2 0.010000 0.030673 2875.000000 0.000000 0.001104 0.002822 0.013456
alpha2 0.010000 0.030673 2880.000000 0.000000 0.001104 0.002822 0.013330
alpha2 0.010000 0.030673 2885.000000 0.000000 0.001104 0.002822 0.013206
alpha2 0.010000 0.030673 2890.000000 0.000000 0.001104 0.002822 0.013083
alpha2 0.010000 0.030673 2895.000000 0.000000 0.001104 0.002822 0.012962
alpha2 0.010000 0.030673 2900.000000 0.000000 0.001104 0.002822 0.012841
alpha2 0.010000 0.030673 2905.000000 0.000000 0.001104 0.002822 0.012723
alpha2 0.010000 0.030673 2910.000000 0.000000 0.001104 0.002822 0.012605
alpha2 0.010000 0.030673 2915.000000 0.000000 0.001104 0.002822 0.012489
alpha2 0.010000 0.030673 2920.000000 0.000000 0.001104 0.002822 0.012374
alpha2 0.010000 0.030673 2925.000000 0.000000 0.001104 0.002822 0.012261
alpha2 0.010000 0.030673 2930.000000 0.000000 0.001104 0.002822 0.012149
alpha2 0.010000 0.030673 2935.000000 0.000000 0.001104 0.002822 0.012038
alpha2 0.010000 0.030673 2940.000000 0.000000 0.001104 0.002822 0.011928
alpha2 0.010000 0.030673 2945.000000 0.000000 0.001104 0.002822 0.011820
alpha2 0.010000 0.030673 2950.000000 0.000000 0.001104 0.002822 0.011713
alpha2 0.010000 0.030673 2955.000000 0.000000 0.001104 0.002822 0.011607
alpha2 0.010000 0.030673 2960.000000 0.000000 0.001104 0.002822 0.011502
alpha2 0.010000 0.030673 2965.000000 0.000000 0.001104 0.002822 0.011399
alpha2 0.010000 0.030673 2970.000000 0.000000 0.001104 0.002822 0.011297
alpha2 0.010000 0.030673 2975.000000 0.000000 0.001104 0.002822 0.011196
alpha2 0.010000 0.030673 2980.000000 0.000000 0.001104 0.002822 0.011096
alpha2 0.010000 0.030673 2985.000000 0.000000 0.001104 0.002822 0.010997
alpha2 0.010000 0.030673 2990.000000 0.000000 0.001104 0.002822 0.010899
alpha2 0.010000 0.030673 2995.000000 0.000000 0.001104 0.002822 0.010803
alpha2 0.010000 0.030673 3000.000000 0.000000 0.001104 0.002822 0.010707
alpha2 0.010000 0.030673 3005.000000 0.000000 0.001104 0.002822 0.010613
alpha2 0.010000 0.030673 3010.000000 0.000000 0.001104 0.002822 0.010520
alpha2 0.010000 0.030673 3015.000000 0.000000 0.001104 0.002822 0.010427
alpha2 0.010000 0.030673 3020.000000 0.000000 0.001104 0.002822 0.010336
alpha2 0.010000 0.030673 3025.000000 0.000000 0.001104 0.002822 0.010246
alpha2 0.010000 0.030673 3030.000000 0.000000 0.001104 0.002822 0.010157
alpha2 0.010000 0.030673 3035.000000 0.000000 0.001104 0.002822 0.010069
alpha2 0.010000 0.030673 3040.000000 0.000000 0.001104 0.002822 0.009982
alpha2 0.010000 0.030673 3045.000000 0.000000 0.001104 0.002822 0.009896
alpha2 0.010000 0.030673 3050.000000 0.000000 0.001104 0.002822 0.009811
alpha2 0.010000 0.030673 3055.000000 0.000000 0.001104 0.002822 0.009726
alpha2 0.010000 0.030673 3060.000000 0.000000 0.001104 0.002822 0.009643
alpha2 0.010000 0.030673 3065.000000 0.000000 0.001104 0.002822 0.009561
alpha2 0.010000 0.030673 3070.000000 0.000000 0.001104 0.002822 0.009480
alpha2 0.010000 0.030673 3075.000000 0.000000 0.001104 0.002822 0.009400
alpha2 0.010000 0.030673 3080.000000 0.000000 0.001104 0.002822 0.009320
alpha2 0.010000 0.030673 3085.000000 0.000000 0.001104 0.002822 0.009242
alpha2 0.010000 0.030673 3090.000000 0.000000 0.001104 0.002822 0.009164
alpha2 0.010000 0.030673 3095.000000 0.000000 0.001104 0.002822 0.009087
alpha2 0.010000 0.030673 3100.000000 0.000000 0.001104 0.002822 0.009011
alpha2 0.010000 0.030673 3105.000000 0.000000 0.001104 0.002822 0.008936
alpha2 0.010000 0.030673 3110.000000 0.000000 0.001104 0.002822 0.008862
alpha2 0.010000 0.030673 3115.000000 0.000000 0.001104 0.002822 0.008789
alpha2 0.010000 0.030673 3120.000000 0.000000 0.001104 0.002822 0.008717
alpha2 0.010000 0.030673 3125.000000 0.000000 0.001104 0.002822 0.008645
alpha2 0.010000 0.030673 3130.000000 0.000000 0.001104 0.002822 0.008574
alpha2 0.010000 0.030673 3135.000000 0.000000 0.001104 0.002822 0.008504
alpha2 0.010000 0.030673 3140.000000 0.000000 0.001104 0.002822 0.008435
alpha2 0.010000 0.030673 3145.000000 0.000000 0.001104 0.002822 0.008367
alpha2 0.010000 0.030673 3150.000000 0.000000 0.001104 0.002822 0.008299
alpha2 0.010000 0.030673 3155.000000 0.000000 0.001104 0.002822 0.008232
alpha2 0.010000 0.030673 3160.000000 0.000000 0.001104 0.002822 0.008166
alpha2 0.010000 0.030673 3165.000000 0.000000 0.001104 0.002822 0.008101
alpha2 0.010000 0.030673 3170.000000 0.000000 0.001104 0.002822 0.008036
alpha2 0.010000 0.030673 3175.000000 0.000000 0.001104 0.002822 0.007972
alpha2 0.010000 0.030673 3180.000000 0.000000 0.001104 0.002822 0.007909
alpha2 0.010000 0.030673 3185.000000 0.000000 0.001104 0.002822 0.007847
alpha2 0.010000 0.030673 3190.000000 0.000000 0.001104 0.002822 0.007785
alpha2 0.010000 0.030673 3195.000000 0.000000 0.001104 0.002822 0.007724
alpha2 0.010000 0.030673 3200.000000 0.000000 0.001104 0.002822 0.007664
alpha2 0.010000 0.030673 3205.000000 0.000000 0.001104 0.002822 0.007605
alpha2 0.010000 0.030673 3210.000000 0.000000 0.001104 0.002822 0.007546
alpha2 0.010000 0.030673 3215.000000 0.000000 0.001104 0.002822 0.007487
alpha2 0.010000 0.030673 3220.000000 0.000000 0.001104 0.002822 0.007430
alpha2 0.010000 0.030673 3225.000000 0.000000 0.001104 0.002822 0.007373
alpha2 0.010000 0.030673 3230.000000 0.000000 0.001104 0.002822 0.007317
alpha2 0.010000 0.030673 3235.000000 0.000000 0.001104 0.002822 0.007261
alpha2 0.010000 0.030673 3240.000000 0.000000 0.001104 0.002822 0.007206
alpha2 0.010000 0.030673 3245.000000 0.000000 0.001104 0.002822 0.007152
alpha2 0.010000 0.030673 3250.000000 0.000000 0.001104 0.002822 0.007098
alpha2 0.010000 0.030673 3255.000000 0.000000 0.001104 0.002822 0.007045
alpha2 0.010000 0.030673 3260.000000 0.000000 0.001104 0.002822 0.006992
alpha2 0.010000 0.030673 3265.000000 0.000000 0.001104 0.002822 0.006941
alpha2 0.010000 0.030673 3270.000000 0.000000 0.001104 0.002822 0.006889
alpha2 0.010000 0.030673 3275.000000 0.000000 0.001104 0.002822 0.006839
alpha2 0.010000 0.030673 3280.000000 0.000000 0.001104 0.002822 0.006788
alpha2 0.010000 0.030673 3285.000000 0.000000 0.001104 0.002822 0.006739
alpha2 0.010000 0.030673 3290.000000 0.000000 0.001104 0.002822 0.006690
alpha2 0.010000 0.030673 3295.000000 0.000000 0.001104 0.002822 0.006641
alpha2 0.010000 0.030673 3300.000000 0.000000 0.001104 0.002822 0.006594
alpha2 0.010000 0.030673 3305.000000 0.000000 0.001104 0.002822 0.006546
alpha2 0.010000 0.030673 3310.000000 0.000000 0.001104 0.002822 0.006499
alpha2 0.010000 0.030673 3315.000000 0.000000 0.001104 0.002822 0.006453
alpha2 0.010000 0.030673 3320.000000 0.000000 0.001104 0.002822 0.006407
alpha2 0.010000 0.030673 3325.000000 0.000000 0.001104 0.002822 0.006362
alpha2 0.010000 0.030673 3330.000000 0.000000 0.001104 0.002822 0.006318
alpha2 0.010000 0.030673 3335.000000 0.000000 0.001104 0.002822 0.006273
alpha2 0.010000 0.030673 3340.000000 0.000000 0.001104 0.002822 0.006230
alpha2 0.010000 0.030673 3345.000000 0.000000 0.001104 0.002822 0.006187
alpha2 0.010000 0.030673 3350.000000 0.000000 0.001104 0.002822 0.006144
alpha2 0.010000 0.030673 3355.000000 0.000000 0.001104 0.002822 0.006102
alpha2 0.010000 0.030673 3360.000000 0.000000 0.001104 0.002822 0.006060
alpha2 0.010000 0.030673 3365.000000 0.000000 0.001104 0.002822 0.006019
alpha2 0.010000 0.030673 3370.000000 0.000000 0.001104 0.002822 0.005978
alpha2 0.010000 0.030673 3375.000000 0.000000 0.001104 0.002822 0.005938
alpha2 0.010000 0.030673 3380.000000 0.000000 0.001104 0.002822 0.005898
alpha2 0.010000 0.030673 3385.000000 0.000000 0.001104 0.002822 0.005858
alpha2 0.010000 0.030673 3390.000000 0.000000 0.001104 0.002822 0.005820
alpha2 0.010000 0.030673 3395.000000 0.000000 0.001104 0.002822 0.005781
alpha2 0.010000 0.030673 3400.000000 0.000000 0.001104 0.002822 0.005743
alpha2 0.010000 0.030673 3405.000000 0.000000 0.001104 0.002822 0.005705
alpha2 0.010000 0.030673 3410.000000 0.000000 0.001104 0.002822 0.005668
alpha2 0.010000 0.030673 3415.000000 0.000000 0.001104 0.002822 0.005631
alpha2 0.010000 0.030673 3420.000000 0.000000 0.001104 0.002822 0.005595
alpha2 0.010000 0.030673 3425.000000 0.000000 0.001104 0.002822 0.005559
alpha2 0.010000 0.030673 3430.000000 0.000000 0.001104 0.002822 0.005524
alpha2 0.010000 0.030673 3435.000000 0.000000 0.001104 0.002822 0.005489
alpha2 0.010000 0.030673 3440.000000 0.000000 0.001104 0.002822 0.005454
alpha2 0.010000 0.030673 3445.000000 0.000000 0.001104 0.002822 0.005420
alpha2 0.010000 0.030673 3450.000000 0.000000 0.001104 0.002822 0.005386
alpha2 0.010000 0.030673 3455.000000 0.000000 0.001104 0.002822 0.005352
alpha2 0.010000 0.030673 3460.000000 0.000000 0.001104 0.002822 0.005319
alpha2 0.010000 0.030673 3465.000000 0.000000 0.001104 0.002822 0.005286
alpha2 0.010000 0.030673 3470.000000 0.000000 0.001104 0.002822 0.005254
alpha2 0.010000 0.030673 3475.000000 0.000000 0.001104 0.002822 0.005222
alpha2 0.010000 0.030673 3480.000000 0.000000 0.001104 0.002822 0.005190
alpha2 0.010000 0.030673 3485.000000 0.000000 0.001104 0.002822 0.005159
alpha2 0.010000 0.030673 3490.000000 0.000000 0.001104 0.002822 0.005128
alpha2 0.010000 0.030673 3495.000000 0.000000 0.001104 0.002822 0.005097
alpha2 0.010000 0.030673 3500.000000 0.000000 0.001104 0.002822 0.005067
alpha2 0.010000 0.030673 3505.000000 0.000000 0.001104 0.002822 0.005037
alpha2 0.010000 0.030673 3510.000000 0.000000 0.001104 0.002822 0.005008
alpha2 0.010000 0.030673 3515.000000 0.000000 0.001104 0.002822 0.004979
alpha2 0.010000 0.030673 3520.000000 0.000000 0.001104 0.002822 0.004950
alpha2 0.010000 0.030673 3525.000000 0.000000 0.001104 0.002822 0.004921
alpha2 0.010000 0.030673 3530.000000 0.000000 0.001104 0.002822 0.004893
alpha2 0.010000 0.030673 3535.000000 0.000000 0.001104 0.002822 0.004865
alpha2 0.010000 0.030673 3540.000000 0.000000 0.001104 0.002822 0.004838
alpha2 0.010000 0.030673 3545.000000 0.000000 0.001104 0.002822 0.004810
alpha2 0.010000 0.030673 3550.000000 0.000000 0.001104 0.002822 0.004783
alpha2 0.010000 0.030673 3555.000000 0.000000 0.001104 0.002822 0.004757
alpha2 0.010000 0.030673 3560.000000 0.000000 0.001104 0.002822 0.004730
alpha2 0.010000 0.030673 3565.000000 0.000000 0.001104 0.002822 0.004704
alpha2 0.010000 0.030673 3570.000000 0.000000 0.001104 0.002822 0.004679
alpha2 0.010000 0.030673 3575.000000 0.000000 0.001104 0.002822 0.004653
alpha2 0.010000 0.030673 3580.000000 0.000000 0.001104 0.002822 0.004628
alpha2 0.010000 0.030673 3585.000000 0.000000 0.001104 0.002822 0.004603
alpha2 0.010000 0.030673 3590.000000 0.000000 0.001104 0.002822 0.004579
alpha2 0.010000 0.030673 3595.000000 0.000000 0.001104 0.002822 0.004554
alpha2 0.010000 0.030673 3600.000000 0.000000 0.001104 0.002822 0.004530
