HEADER DATE 01-Aug-2017 12:39:18
HEADER RANDSEED 1748146157
Param True_Value Sim_Value Sim_Time Input mRNA foldedP fluo
alpha2 0.010000 0.053127 0.000000 2.000000 1.380379 6.111248 5.314128
alpha2 0.010000 0.053127 5.000000 2.000000 1.380379 6.111248 5.314128
alpha2 0.010000 0.053127 10.000000 2.000000 1.380379 6.111248 5.314128
alpha2 0.010000 0.053127 15.000000 2.000000 1.380379 6.111248 5.314128
alpha2 0.010000 0.053127 20.000000 2.000000 1.380379 6.111248 5.314128
alpha2 0.010000 0.053127 25.000000 2.000000 1.380379 6.111248 5.314128
alpha2 0.010000 0.053127 30.000000 2.000000 1.380379 6.111248 5.314128
alpha2 0.010000 0.053127 35.000000 2.000000 1.380379 6.111248 5.314128
alpha2 0.010000 0.053127 40.000000 2.000000 1.380379 6.111248 5.314128
alpha2 0.010000 0.053127 45.000000 2.000000 1.380379 6.111248 5.314128
alpha2 0.010000 0.053127 50.000000 2.000000 1.380379 6.111248 5.314128
alpha2 0.010000 0.053127 55.000000 2.000000 1.380379 6.111248 5.314128
alpha2 0.010000 0.053127 60.000000 2.000000 1.380379 6.111248 5.314128
alpha2 0.010000 0.053127 65.000000 2.000000 1.380379 6.111248 5.314128
alpha2 0.010000 0.053127 70.000000 2.000000 1.380379 6.111248 5.314128
alpha2 0.010000 0.053127 75.000000 2.000000 1.380379 6.111248 5.314128
alpha2 0.010000 0.053127 80.000000 2.000000 1.380379 6.111248 5.314128
alpha2 0.010000 0.053127 85.000000 2.000000 1.380379 6.111248 5.314128
alpha2 0.010000 0.053127 90.000000 2.000000 1.380379 6.111248 5.314128
alpha2 0.010000 0.053127 95.000000 2.000000 1.380379 6.111248 5.314128
alpha2 0.010000 0.053127 100.000000 2.000000 1.380379 6.111248 5.314128
alpha2 0.010000 0.053127 105.000000 2.000000 1.380379 6.111248 5.314128
alpha2 0.010000 0.053127 110.000000 2.000000 1.380379 6.111248 5.314128
alpha2 0.010000 0.053127 115.000000 2.000000 1.380379 6.111248 5.314128
alpha2 0.010000 0.053127 120.000000 2.000000 1.380379 6.111248 5.314128
alpha2 0.010000 0.053127 125.000000 2.000000 1.380379 6.111248 5.314128
alpha2 0.010000 0.053127 130.000000 2.000000 1.380379 6.111248 5.314128
alpha2 0.010000 0.053127 135.000000 2.000000 1.380379 6.111248 5.314128
alpha2 0.010000 0.053127 140.000000 2.000000 1.380379 6.111248 5.314128
alpha2 0.010000 0.053127 145.000000 2.000000 1.380379 6.111248 5.314128
alpha2 0.010000 0.053127 150.000000 2.000000 1.380379 6.111248 5.314128
alpha2 0.010000 0.053127 155.000000 2.000000 1.380379 6.111248 5.314128
alpha2 0.010000 0.053127 160.000000 2.000000 1.380379 6.111248 5.314128
alpha2 0.010000 0.053127 165.000000 2.000000 1.380379 6.111248 5.314128
alpha2 0.010000 0.053127 170.000000 2.000000 1.380379 6.111248 5.314128
alpha2 0.010000 0.053127 175.000000 2.000000 1.380379 6.111248 5.314128
alpha2 0.010000 0.053127 180.000000 2.000000 1.380379 6.111248 5.314128
alpha2 0.010000 0.053127 185.000000 2.000000 1.380379 6.111248 5.314128
alpha2 0.010000 0.053127 190.000000 2.000000 1.380379 6.111248 5.314128
alpha2 0.010000 0.053127 195.000000 2.000000 1.380379 6.111248 5.314128
alpha2 0.010000 0.053127 200.000000 2.000000 1.380379 6.111248 5.314128
alpha2 0.010000 0.053127 205.000000 2.000000 1.380379 6.111248 5.314128
alpha2 0.010000 0.053127 210.000000 2.000000 1.380379 6.111248 5.314128
alpha2 0.010000 0.053127 215.000000 2.000000 1.380379 6.111248 5.314128
alpha2 0.010000 0.053127 220.000000 2.000000 1.380379 6.111248 5.314128
alpha2 0.010000 0.053127 225.000000 2.000000 1.380379 6.111248 5.314128
alpha2 0.010000 0.053127 230.000000 2.000000 1.380379 6.111248 5.314128
alpha2 0.010000 0.053127 235.000000 2.000000 1.380379 6.111248 5.314128
alpha2 0.010000 0.053127 240.000000 2.000000 1.380379 6.111248 5.314128
alpha2 0.010000 0.053127 245.000000 2.000000 1.380379 6.111248 5.314128
alpha2 0.010000 0.053127 250.000000 2.000000 1.380379 6.111248 5.314128
alpha2 0.010000 0.053127 255.000000 2.000000 1.380379 6.111248 5.314128
alpha2 0.010000 0.053127 260.000000 2.000000 1.380379 6.111248 5.314128
alpha2 0.010000 0.053127 265.000000 2.000000 1.380379 6.111248 5.314128
alpha2 0.010000 0.053127 270.000000 2.000000 1.380379 6.111248 5.314128
alpha2 0.010000 0.053127 275.000000 2.000000 1.380379 6.111248 5.314128
alpha2 0.010000 0.053127 280.000000 2.000000 1.380379 6.111248 5.314128
alpha2 0.010000 0.053127 285.000000 2.000000 1.380379 6.111248 5.314128
alpha2 0.010000 0.053127 290.000000 2.000000 1.380379 6.111248 5.314128
alpha2 0.010000 0.053127 295.000000 2.000000 1.380379 6.111248 5.314128
alpha2 0.010000 0.053127 300.000000 2.000000 1.380379 6.111248 5.314128
alpha2 0.010000 0.053127 305.000000 0.000000 1.188257 6.085616 5.314042
alpha2 0.010000 0.053127 310.000000 0.000000 1.022897 6.015511 5.313471
alpha2 0.010000 0.053127 315.000000 0.000000 0.880569 5.909930 5.312027
alpha2 0.010000 0.053127 320.000000 0.000000 0.758066 5.776448 5.309405
alpha2 0.010000 0.053127 325.000000 0.000000 0.652627 5.621433 5.305374
alpha2 0.010000 0.053127 330.000000 0.000000 0.561875 5.450220 5.299762
alpha2 0.010000 0.053127 335.000000 0.000000 0.483764 5.267266 5.292451
alpha2 0.010000 0.053127 340.000000 0.000000 0.416533 5.076281 5.283361
alpha2 0.010000 0.053127 345.000000 0.000000 0.358666 4.880333 5.272449
alpha2 0.010000 0.053127 350.000000 0.000000 0.308861 4.681951 5.259700
alpha2 0.010000 0.053127 355.000000 0.000000 0.265993 4.483207 5.245121
alpha2 0.010000 0.053127 360.000000 0.000000 0.229096 4.285781 5.228738
alpha2 0.010000 0.053127 365.000000 0.000000 0.197339 4.091025 5.210592
alpha2 0.010000 0.053127 370.000000 0.000000 0.170005 3.900013 5.190734
alpha2 0.010000 0.053127 375.000000 0.000000 0.146478 3.713586 5.169227
alpha2 0.010000 0.053127 380.000000 0.000000 0.126229 3.532387 5.146137
alpha2 0.010000 0.053127 385.000000 0.000000 0.108800 3.356896 5.121538
alpha2 0.010000 0.053127 390.000000 0.000000 0.093799 3.187455 5.095505
alpha2 0.010000 0.053127 395.000000 0.000000 0.080887 3.024293 5.068117
alpha2 0.010000 0.053127 400.000000 0.000000 0.069774 2.867543 5.039451
alpha2 0.010000 0.053127 405.000000 0.000000 0.060209 2.717263 5.009586
alpha2 0.010000 0.053127 410.000000 0.000000 0.051976 2.573447 4.978601
alpha2 0.010000 0.053127 415.000000 0.000000 0.044890 2.436036 4.946573
alpha2 0.010000 0.053127 420.000000 0.000000 0.038791 2.304932 4.913576
alpha2 0.010000 0.053127 425.000000 0.000000 0.033541 2.180004 4.879683
alpha2 0.010000 0.053127 430.000000 0.000000 0.029023 2.061096 4.844966
alpha2 0.010000 0.053127 435.000000 0.000000 0.025134 1.948031 4.809493
alpha2 0.010000 0.053127 440.000000 0.000000 0.021787 1.840620 4.773330
alpha2 0.010000 0.053127 445.000000 0.000000 0.018906 1.738663 4.736540
alpha2 0.010000 0.053127 450.000000 0.000000 0.016427 1.641954 4.699183
alpha2 0.010000 0.053127 455.000000 0.000000 0.014292 1.550285 4.661316
alpha2 0.010000 0.053127 460.000000 0.000000 0.012455 1.463443 4.622996
alpha2 0.010000 0.053127 465.000000 0.000000 0.010874 1.381219 4.584273
alpha2 0.010000 0.053127 470.000000 0.000000 0.009513 1.303405 4.545198
alpha2 0.010000 0.053127 475.000000 0.000000 0.008342 1.229797 4.505817
alpha2 0.010000 0.053127 480.000000 0.000000 0.007334 1.160195 4.466174
alpha2 0.010000 0.053127 485.000000 0.000000 0.006466 1.094406 4.426312
alpha2 0.010000 0.053127 490.000000 0.000000 0.005719 1.032240 4.386270
alpha2 0.010000 0.053127 495.000000 0.000000 0.005076 0.973516 4.346085
alpha2 0.010000 0.053127 500.000000 0.000000 0.004523 0.918057 4.305792
alpha2 0.010000 0.053127 505.000000 0.000000 0.004047 0.865697 4.265424
alpha2 0.010000 0.053127 510.000000 0.000000 0.003637 0.816271 4.225011
alpha2 0.010000 0.053127 515.000000 0.000000 0.003284 0.769626 4.184583
alpha2 0.010000 0.053127 520.000000 0.000000 0.002980 0.725612 4.144167
alpha2 0.010000 0.053127 525.000000 0.000000 0.002719 0.684089 4.103788
alpha2 0.010000 0.053127 530.000000 0.000000 0.002494 0.644922 4.063469
alpha2 0.010000 0.053127 535.000000 0.000000 0.002300 0.607982 4.023233
alpha2 0.010000 0.053127 540.000000 0.000000 0.002134 0.573147 3.983101
alpha2 0.010000 0.053127 545.000000 0.000000 0.001990 0.540300 3.943091
alpha2 0.010000 0.053127 550.000000 0.000000 0.001867 0.509332 3.903222
alpha2 0.010000 0.053127 555.000000 0.000000 0.001761 0.480138 3.863509
alpha2 0.010000 0.053127 560.000000 0.000000 0.001669 0.452619 3.823969
alpha2 0.010000 0.053127 565.000000 0.000000 0.001591 0.426680 3.784615
alpha2 0.010000 0.053127 570.000000 0.000000 0.001523 0.402233 3.745460
alpha2 0.010000 0.053127 575.000000 0.000000 0.001464 0.379194 3.706518
alpha2 0.010000 0.053127 580.000000 0.000000 0.001414 0.357482 3.667798
alpha2 0.010000 0.053127 585.000000 0.000000 0.001371 0.337023 3.629311
alpha2 0.010000 0.053127 590.000000 0.000000 0.001334 0.317745 3.591067
alpha2 0.010000 0.053127 595.000000 0.000000 0.001302 0.299580 3.553074
alpha2 0.010000 0.053127 600.000000 0.000000 0.001274 0.282466 3.515341
alpha2 0.010000 0.053127 605.000000 0.000000 0.001251 0.266342 3.477873
alpha2 0.010000 0.053127 610.000000 0.000000 0.001230 0.251151 3.440678
alpha2 0.010000 0.053127 615.000000 0.000000 0.001213 0.236840 3.403762
alpha2 0.010000 0.053127 620.000000 0.000000 0.001197 0.223358 3.367130
alpha2 0.010000 0.053127 625.000000 0.000000 0.001184 0.210658 3.330787
alpha2 0.010000 0.053127 630.000000 0.000000 0.001173 0.198694 3.294737
alpha2 0.010000 0.053127 635.000000 0.000000 0.001164 0.187424 3.258983
alpha2 0.010000 0.053127 640.000000 0.000000 0.001155 0.176808 3.223530
alpha2 0.010000 0.053127 645.000000 0.000000 0.001148 0.166809 3.188379
alpha2 0.010000 0.053127 650.000000 0.000000 0.001142 0.157390 3.153534
alpha2 0.010000 0.053127 655.000000 0.000000 0.001137 0.148518 3.118996
alpha2 0.010000 0.053127 660.000000 0.000000 0.001132 0.140161 3.084768
alpha2 0.010000 0.053127 665.000000 0.000000 0.001128 0.132290 3.050850
alpha2 0.010000 0.053127 670.000000 0.000000 0.001125 0.124877 3.017244
alpha2 0.010000 0.053127 675.000000 0.000000 0.001122 0.117894 2.983951
alpha2 0.010000 0.053127 680.000000 0.000000 0.001119 0.111317 2.950971
alpha2 0.010000 0.053127 685.000000 0.000000 0.001117 0.105123 2.918305
alpha2 0.010000 0.053127 690.000000 0.000000 0.001115 0.099289 2.885953
alpha2 0.010000 0.053127 695.000000 0.000000 0.001114 0.093794 2.853914
alpha2 0.010000 0.053127 700.000000 0.000000 0.001112 0.088619 2.822189
alpha2 0.010000 0.053127 705.000000 0.000000 0.001111 0.083745 2.790776
alpha2 0.010000 0.053127 710.000000 0.000000 0.001110 0.079154 2.759675
alpha2 0.010000 0.053127 715.000000 0.000000 0.001109 0.074831 2.728886
alpha2 0.010000 0.053127 720.000000 0.000000 0.001109 0.070759 2.698407
alpha2 0.010000 0.053127 725.000000 0.000000 0.001108 0.066924 2.668238
alpha2 0.010000 0.053127 730.000000 0.000000 0.001107 0.063312 2.638376
alpha2 0.010000 0.053127 735.000000 0.000000 0.001107 0.059911 2.608821
alpha2 0.010000 0.053127 740.000000 0.000000 0.001107 0.056707 2.579571
alpha2 0.010000 0.053127 745.000000 0.000000 0.001106 0.053690 2.550624
alpha2 0.010000 0.053127 750.000000 0.000000 0.001106 0.050849 2.521980
alpha2 0.010000 0.053127 755.000000 0.000000 0.001106 0.048173 2.493635
alpha2 0.010000 0.053127 760.000000 0.000000 0.001105 0.045652 2.465589
alpha2 0.010000 0.053127 765.000000 0.000000 0.001105 0.043279 2.437839
alpha2 0.010000 0.053127 770.000000 0.000000 0.001105 0.041043 2.410383
alpha2 0.010000 0.053127 775.000000 0.000000 0.001105 0.038938 2.383220
alpha2 0.010000 0.053127 780.000000 0.000000 0.001105 0.036955 2.356347
alpha2 0.010000 0.053127 785.000000 0.000000 0.001105 0.035088 2.329763
alpha2 0.010000 0.053127 790.000000 0.000000 0.001105 0.033330 2.303464
alpha2 0.010000 0.053127 795.000000 0.000000 0.001104 0.031673 2.277449
alpha2 0.010000 0.053127 800.000000 0.000000 0.001104 0.030114 2.251715
alpha2 0.010000 0.053127 805.000000 0.000000 0.001104 0.028645 2.226261
alpha2 0.010000 0.053127 810.000000 0.000000 0.001104 0.027261 2.201083
alpha2 0.010000 0.053127 815.000000 0.000000 0.001104 0.025958 2.176180
alpha2 0.010000 0.053127 820.000000 0.000000 0.001104 0.024731 2.151550
alpha2 0.010000 0.053127 825.000000 0.000000 0.001104 0.023576 2.127189
alpha2 0.010000 0.053127 830.000000 0.000000 0.001104 0.022488 2.103095
alpha2 0.010000 0.053127 835.000000 0.000000 0.001104 0.021463 2.079266
alpha2 0.010000 0.053127 840.000000 0.000000 0.001104 0.020498 2.055700
alpha2 0.010000 0.053127 845.000000 0.000000 0.001104 0.019589 2.032394
alpha2 0.010000 0.053127 850.000000 0.000000 0.001104 0.018732 2.009346
alpha2 0.010000 0.053127 855.000000 0.000000 0.001104 0.017926 1.986553
alpha2 0.010000 0.053127 860.000000 0.000000 0.001104 0.017167 1.964013
alpha2 0.010000 0.053127 865.000000 0.000000 0.001104 0.016452 1.941723
alpha2 0.010000 0.053127 870.000000 0.000000 0.001104 0.015778 1.919682
alpha2 0.010000 0.053127 875.000000 0.000000 0.001104 0.015144 1.897886
alpha2 0.010000 0.053127 880.000000 0.000000 0.001104 0.014547 1.876332
alpha2 0.010000 0.053127 885.000000 0.000000 0.001104 0.013984 1.855020
alpha2 0.010000 0.053127 890.000000 0.000000 0.001104 0.013455 1.833946
alpha2 0.010000 0.053127 895.000000 0.000000 0.001104 0.012956 1.813108
alpha2 0.010000 0.053127 900.000000 0.000000 0.001104 0.012486 1.792503
alpha2 0.010000 0.053127 905.000000 0.000000 0.001104 0.012043 1.772129
alpha2 0.010000 0.053127 910.000000 0.000000 0.001104 0.011627 1.751984
alpha2 0.010000 0.053127 915.000000 0.000000 0.001104 0.011234 1.732065
alpha2 0.010000 0.053127 920.000000 0.000000 0.001104 0.010865 1.712370
alpha2 0.010000 0.053127 925.000000 0.000000 0.001104 0.010517 1.692897
alpha2 0.010000 0.053127 930.000000 0.000000 0.001104 0.010189 1.673643
alpha2 0.010000 0.053127 935.000000 0.000000 0.001104 0.009880 1.654606
alpha2 0.010000 0.053127 940.000000 0.000000 0.001104 0.009589 1.635784
alpha2 0.010000 0.053127 945.000000 0.000000 0.001104 0.009316 1.617174
alpha2 0.010000 0.053127 950.000000 0.000000 0.001104 0.009058 1.598775
alpha2 0.010000 0.053127 955.000000 0.000000 0.001104 0.008815 1.580583
alpha2 0.010000 0.053127 960.000000 0.000000 0.001104 0.008586 1.562597
alpha2 0.010000 0.053127 965.000000 0.000000 0.001104 0.008371 1.544814
alpha2 0.010000 0.053127 970.000000 0.000000 0.001104 0.008168 1.527233
alpha2 0.010000 0.053127 975.000000 0.000000 0.001104 0.007977 1.509850
alpha2 0.010000 0.053127 980.000000 0.000000 0.001104 0.007797 1.492665
alpha2 0.010000 0.053127 985.000000 0.000000 0.001104 0.007628 1.475674
alpha2 0.010000 0.053127 990.000000 0.000000 0.001104 0.007468 1.458876
alpha2 0.010000 0.053127 995.000000 0.000000 0.001104 0.007318 1.442269
alpha2 0.010000 0.053127 1000.000000 0.000000 0.001104 0.007176 1.425850
alpha2 0.010000 0.053127 1005.000000 0.000000 0.001104 0.007043 1.409617
alpha2 0.010000 0.053127 1010.000000 0.000000 0.001104 0.006918 1.393569
alpha2 0.010000 0.053127 1015.000000 0.000000 0.001104 0.006799 1.377703
alpha2 0.010000 0.053127 1020.000000 0.000000 0.001104 0.006688 1.362017
alpha2 0.010000 0.053127 1025.000000 0.000000 0.001104 0.006583 1.346509
alpha2 0.010000 0.053127 1030.000000 0.000000 0.001104 0.006485 1.331178
alpha2 0.010000 0.053127 1035.000000 0.000000 0.001104 0.006392 1.316021
alpha2 0.010000 0.053127 1040.000000 0.000000 0.001104 0.006304 1.301037
alpha2 0.010000 0.053127 1045.000000 0.000000 0.001104 0.006221 1.286223
alpha2 0.010000 0.053127 1050.000000 0.000000 0.001104 0.006144 1.271578
alpha2 0.010000 0.053127 1055.000000 0.000000 0.001104 0.006071 1.257099
alpha2 0.010000 0.053127 1060.000000 0.000000 0.001104 0.006002 1.242785
alpha2 0.010000 0.053127 1065.000000 0.000000 0.001104 0.005937 1.228634
alpha2 0.010000 0.053127 1070.000000 0.000000 0.001104 0.005876 1.214645
alpha2 0.010000 0.053127 1075.000000 0.000000 0.001104 0.005818 1.200814
alpha2 0.010000 0.053127 1080.000000 0.000000 0.001104 0.005764 1.187142
alpha2 0.010000 0.053127 1085.000000 0.000000 0.001104 0.005713 1.173625
alpha2 0.010000 0.053127 1090.000000 0.000000 0.001104 0.005665 1.160262
alpha2 0.010000 0.053127 1095.000000 0.000000 0.001104 0.005620 1.147051
alpha2 0.010000 0.053127 1100.000000 0.000000 0.001104 0.005577 1.133992
alpha2 0.010000 0.053127 1105.000000 0.000000 0.001104 0.005537 1.121081
alpha2 0.010000 0.053127 1110.000000 0.000000 0.001104 0.005499 1.108317
alpha2 0.010000 0.053127 1115.000000 0.000000 0.001104 0.005464 1.095699
alpha2 0.010000 0.053127 1120.000000 0.000000 0.001104 0.005430 1.083225
alpha2 0.010000 0.053127 1125.000000 0.000000 0.001104 0.005398 1.070893
alpha2 0.010000 0.053127 1130.000000 0.000000 0.001104 0.005369 1.058701
alpha2 0.010000 0.053127 1135.000000 0.000000 0.001104 0.005341 1.046649
alpha2 0.010000 0.053127 1140.000000 0.000000 0.001104 0.005314 1.034735
alpha2 0.010000 0.053127 1145.000000 0.000000 0.001104 0.005289 1.022956
alpha2 0.010000 0.053127 1150.000000 0.000000 0.001104 0.005266 1.011312
alpha2 0.010000 0.053127 1155.000000 0.000000 0.001104 0.005244 0.999801
alpha2 0.010000 0.053127 1160.000000 0.000000 0.001104 0.005223 0.988421
alpha2 0.010000 0.053127 1165.000000 0.000000 0.001104 0.005204 0.977171
alpha2 0.010000 0.053127 1170.000000 0.000000 0.001104 0.005185 0.966050
alpha2 0.010000 0.053127 1175.000000 0.000000 0.001104 0.005168 0.955055
alpha2 0.010000 0.053127 1180.000000 0.000000 0.001104 0.005152 0.944186
alpha2 0.010000 0.053127 1185.000000 0.000000 0.001104 0.005136 0.933442
alpha2 0.010000 0.053127 1190.000000 0.000000 0.001104 0.005122 0.922819
alpha2 0.010000 0.053127 1195.000000 0.000000 0.001104 0.005108 0.912319
alpha2 0.010000 0.053127 1200.000000 0.000000 0.001104 0.005095 0.901938
alpha2 0.010000 0.053127 1205.000000 0.000000 0.001104 0.005083 0.891676
alpha2 0.010000 0.053127 1210.000000 0.000000 0.001104 0.005072 0.881530
alpha2 0.010000 0.053127 1215.000000 0.000000 0.001104 0.005061 0.871501
alpha2 0.010000 0.053127 1220.000000 0.000000 0.001104 0.005051 0.861587
alpha2 0.010000 0.053127 1225.000000 0.000000 0.001104 0.005042 0.851785
alpha2 0.010000 0.053127 1230.000000 0.000000 0.001104 0.005033 0.842096
alpha2 0.010000 0.053127 1235.000000 0.000000 0.001104 0.005024 0.832517
alpha2 0.010000 0.053127 1240.000000 0.000000 0.001104 0.005016 0.823048
alpha2 0.010000 0.053127 1245.000000 0.000000 0.001104 0.005009 0.813687
alpha2 0.010000 0.053127 1250.000000 0.000000 0.001104 0.005002 0.804433
alpha2 0.010000 0.053127 1255.000000 0.000000 0.001104 0.004995 0.795285
alpha2 0.010000 0.053127 1260.000000 0.000000 0.001104 0.004989 0.786241
alpha2 0.010000 0.053127 1265.000000 0.000000 0.001104 0.004983 0.777301
alpha2 0.010000 0.053127 1270.000000 0.000000 0.001104 0.004977 0.768463
alpha2 0.010000 0.053127 1275.000000 0.000000 0.001104 0.004972 0.759725
alpha2 0.010000 0.053127 1280.000000 0.000000 0.001104 0.004967 0.751088
alpha2 0.010000 0.053127 1285.000000 0.000000 0.001104 0.004963 0.742549
alpha2 0.010000 0.053127 1290.000000 0.000000 0.001104 0.004958 0.734108
alpha2 0.010000 0.053127 1295.000000 0.000000 0.001104 0.004954 0.725764
alpha2 0.010000 0.053127 1300.000000 0.000000 0.001104 0.004950 0.717514
alpha2 0.010000 0.053127 1305.000000 0.000000 0.001104 0.004947 0.709359
alpha2 0.010000 0.053127 1310.000000 0.000000 0.001104 0.004943 0.701298
alpha2 0.010000 0.053127 1315.000000 0.000000 0.001104 0.004940 0.693328
alpha2 0.010000 0.053127 1320.000000 0.000000 0.001104 0.004937 0.685450
alpha2 0.010000 0.053127 1325.000000 0.000000 0.001104 0.004934 0.677661
alpha2 0.010000 0.053127 1330.000000 0.000000 0.001104 0.004931 0.669962
alpha2 0.010000 0.053127 1335.000000 0.000000 0.001104 0.004929 0.662350
alpha2 0.010000 0.053127 1340.000000 0.000000 0.001104 0.004926 0.654826
alpha2 0.010000 0.053127 1345.000000 0.000000 0.001104 0.004924 0.647387
alpha2 0.010000 0.053127 1350.000000 0.000000 0.001104 0.004922 0.640034
alpha2 0.010000 0.053127 1355.000000 0.000000 0.001104 0.004920 0.632765
alpha2 0.010000 0.053127 1360.000000 0.000000 0.001104 0.004918 0.625579
alpha2 0.010000 0.053127 1365.000000 0.000000 0.001104 0.004916 0.618475
alpha2 0.010000 0.053127 1370.000000 0.000000 0.001104 0.004915 0.611452
alpha2 0.010000 0.053127 1375.000000 0.000000 0.001104 0.004913 0.604509
alpha2 0.010000 0.053127 1380.000000 0.000000 0.001104 0.004912 0.597646
alpha2 0.010000 0.053127 1385.000000 0.000000 0.001104 0.004910 0.590861
alpha2 0.010000 0.053127 1390.000000 0.000000 0.001104 0.004909 0.584154
alpha2 0.010000 0.053127 1395.000000 0.000000 0.001104 0.004908 0.577524
alpha2 0.010000 0.053127 1400.000000 0.000000 0.001104 0.004907 0.570969
alpha2 0.010000 0.053127 1405.000000 0.000000 0.001104 0.004905 0.564489
alpha2 0.010000 0.053127 1410.000000 0.000000 0.001104 0.004904 0.558083
alpha2 0.010000 0.053127 1415.000000 0.000000 0.001104 0.004903 0.551751
alpha2 0.010000 0.053127 1420.000000 0.000000 0.001104 0.004903 0.545491
alpha2 0.010000 0.053127 1425.000000 0.000000 0.001104 0.004902 0.539302
alpha2 0.010000 0.053127 1430.000000 0.000000 0.001104 0.004901 0.533185
alpha2 0.010000 0.053127 1435.000000 0.000000 0.001104 0.004900 0.527137
alpha2 0.010000 0.053127 1440.000000 0.000000 0.001104 0.004899 0.521158
alpha2 0.010000 0.053127 1445.000000 0.000000 0.001104 0.004899 0.515248
alpha2 0.010000 0.053127 1450.000000 0.000000 0.001104 0.004898 0.509405
alpha2 0.010000 0.053127 1455.000000 0.000000 0.001104 0.004897 0.503629
alpha2 0.010000 0.053127 1460.000000 0.000000 0.001104 0.004897 0.497920
alpha2 0.010000 0.053127 1465.000000 0.000000 0.001104 0.004896 0.492275
alpha2 0.010000 0.053127 1470.000000 0.000000 0.001104 0.004896 0.486695
alpha2 0.010000 0.053127 1475.000000 0.000000 0.001104 0.004895 0.481179
alpha2 0.010000 0.053127 1480.000000 0.000000 0.001104 0.004895 0.475726
alpha2 0.010000 0.053127 1485.000000 0.000000 0.001104 0.004894 0.470335
alpha2 0.010000 0.053127 1490.000000 0.000000 0.001104 0.004894 0.465005
alpha2 0.010000 0.053127 1495.000000 0.000000 0.001104 0.004894 0.459737
alpha2 0.010000 0.053127 1500.000000 0.000000 0.001104 0.004893 0.454529
alpha2 0.010000 0.053127 1505.000000 0.000000 0.001104 0.004893 0.449381
alpha2 0.010000 0.053127 1510.000000 0.000000 0.001104 0.004893 0.444291
alpha2 0.010000 0.053127 1515.000000 0.000000 0.001104 0.004892 0.439260
alpha2 0.010000 0.053127 1520.000000 0.000000 0.001104 0.004892 0.434286
alpha2 0.010000 0.053127 1525.000000 0.000000 0.001104 0.004892 0.429369
alpha2 0.010000 0.053127 1530.000000 0.000000 0.001104 0.004892 0.424508
alpha2 0.010000 0.053127 1535.000000 0.000000 0.001104 0.004891 0.419703
alpha2 0.010000 0.053127 1540.000000 0.000000 0.001104 0.004891 0.414952
alpha2 0.010000 0.053127 1545.000000 0.000000 0.001104 0.004891 0.410256
alpha2 0.010000 0.053127 1550.000000 0.000000 0.001104 0.004891 0.405614
alpha2 0.010000 0.053127 1555.000000 0.000000 0.001104 0.004891 0.401025
alpha2 0.010000 0.053127 1560.000000 0.000000 0.001104 0.004890 0.396488
alpha2 0.010000 0.053127 1565.000000 0.000000 0.001104 0.004890 0.392003
alpha2 0.010000 0.053127 1570.000000 0.000000 0.001104 0.004890 0.387570
alpha2 0.010000 0.053127 1575.000000 0.000000 0.001104 0.004890 0.383187
alpha2 0.010000 0.053127 1580.000000 0.000000 0.001104 0.004890 0.378854
alpha2 0.010000 0.053127 1585.000000 0.000000 0.001104 0.004890 0.374571
alpha2 0.010000 0.053127 1590.000000 0.000000 0.001104 0.004890 0.370337
alpha2 0.010000 0.053127 1595.000000 0.000000 0.001104 0.004890 0.366151
alpha2 0.010000 0.053127 1600.000000 0.000000 0.001104 0.004889 0.362013
alpha2 0.010000 0.053127 1605.000000 0.000000 0.001104 0.004889 0.357922
alpha2 0.010000 0.053127 1610.000000 0.000000 0.001104 0.004889 0.353878
alpha2 0.010000 0.053127 1615.000000 0.000000 0.001104 0.004889 0.349880
alpha2 0.010000 0.053127 1620.000000 0.000000 0.001104 0.004889 0.345929
alpha2 0.010000 0.053127 1625.000000 0.000000 0.001104 0.004889 0.342022
alpha2 0.010000 0.053127 1630.000000 0.000000 0.001104 0.004889 0.338160
alpha2 0.010000 0.053127 1635.000000 0.000000 0.001104 0.004889 0.334342
alpha2 0.010000 0.053127 1640.000000 0.000000 0.001104 0.004889 0.330567
alpha2 0.010000 0.053127 1645.000000 0.000000 0.001104 0.004889 0.326836
alpha2 0.010000 0.053127 1650.000000 0.000000 0.001104 0.004889 0.323148
alpha2 0.010000 0.053127 1655.000000 0.000000 0.001104 0.004889 0.319501
alpha2 0.010000 0.053127 1660.000000 0.000000 0.001104 0.004889 0.315897
alpha2 0.010000 0.053127 1665.000000 0.000000 0.001104 0.004888 0.312333
alpha2 0.010000 0.053127 1670.000000 0.000000 0.001104 0.004888 0.308811
alpha2 0.010000 0.053127 1675.000000 0.000000 0.001104 0.004888 0.305328
alpha2 0.010000 0.053127 1680.000000 0.000000 0.001104 0.004888 0.301886
alpha2 0.010000 0.053127 1685.000000 0.000000 0.001104 0.004888 0.298483
alpha2 0.010000 0.053127 1690.000000 0.000000 0.001104 0.004888 0.295118
alpha2 0.010000 0.053127 1695.000000 0.000000 0.001104 0.004888 0.291793
alpha2 0.010000 0.053127 1700.000000 0.000000 0.001104 0.004888 0.288505
alpha2 0.010000 0.053127 1705.000000 0.000000 0.001104 0.004888 0.285255
alpha2 0.010000 0.053127 1710.000000 0.000000 0.001104 0.004888 0.282042
alpha2 0.010000 0.053127 1715.000000 0.000000 0.001104 0.004888 0.278865
alpha2 0.010000 0.053127 1720.000000 0.000000 0.001104 0.004888 0.275725
alpha2 0.010000 0.053127 1725.000000 0.000000 0.001104 0.004888 0.272621
alpha2 0.010000 0.053127 1730.000000 0.000000 0.001104 0.004888 0.269553
alpha2 0.010000 0.053127 1735.000000 0.000000 0.001104 0.004888 0.266519
alpha2 0.010000 0.053127 1740.000000 0.000000 0.001104 0.004888 0.263520
alpha2 0.010000 0.053127 1745.000000 0.000000 0.001104 0.004888 0.260556
alpha2 0.010000 0.053127 1750.000000 0.000000 0.001104 0.004888 0.257625
alpha2 0.010000 0.053127 1755.000000 0.000000 0.001104 0.004888 0.254728
alpha2 0.010000 0.053127 1760.000000 0.000000 0.001104 0.004888 0.251864
alpha2 0.010000 0.053127 1765.000000 0.000000 0.001104 0.004888 0.249033
alpha2 0.010000 0.053127 1770.000000 0.000000 0.001104 0.004888 0.246234
alpha2 0.010000 0.053127 1775.000000 0.000000 0.001104 0.004888 0.243467
alpha2 0.010000 0.053127 1780.000000 0.000000 0.001104 0.004888 0.240732
alpha2 0.010000 0.053127 1785.000000 0.000000 0.001104 0.004888 0.238028
alpha2 0.010000 0.053127 1790.000000 0.000000 0.001104 0.004888 0.235355
alpha2 0.010000 0.053127 1795.000000 0.000000 0.001104 0.004888 0.232712
alpha2 0.010000 0.053127 1800.000000 0.000000 0.001104 0.004888 0.230100
alpha2 0.010000 0.053127 1805.000000 0.000000 0.001104 0.004888 0.227518
alpha2 0.010000 0.053127 1810.000000 0.000000 0.001104 0.004888 0.224965
alpha2 0.010000 0.053127 1815.000000 0.000000 0.001104 0.004888 0.222441
alpha2 0.010000 0.053127 1820.000000 0.000000 0.001104 0.004888 0.219946
alpha2 0.010000 0.053127 1825.000000 0.000000 0.001104 0.004888 0.217480
alpha2 0.010000 0.053127 1830.000000 0.000000 0.001104 0.004888 0.215042
alpha2 0.010000 0.053127 1835.000000 0.000000 0.001104 0.004888 0.212632
alpha2 0.010000 0.053127 1840.000000 0.000000 0.001104 0.004888 0.210249
alpha2 0.010000 0.053127 1845.000000 0.000000 0.001104 0.004888 0.207894
alpha2 0.010000 0.053127 1850.000000 0.000000 0.001104 0.004888 0.205565
alpha2 0.010000 0.053127 1855.000000 0.000000 0.001104 0.004888 0.203263
alpha2 0.010000 0.053127 1860.000000 0.000000 0.001104 0.004888 0.200988
alpha2 0.010000 0.053127 1865.000000 0.000000 0.001104 0.004888 0.198738
alpha2 0.010000 0.053127 1870.000000 0.000000 0.001104 0.004888 0.196515
alpha2 0.010000 0.053127 1875.000000 0.000000 0.001104 0.004888 0.194316
alpha2 0.010000 0.053127 1880.000000 0.000000 0.001104 0.004888 0.192143
alpha2 0.010000 0.053127 1885.000000 0.000000 0.001104 0.004888 0.189995
alpha2 0.010000 0.053127 1890.000000 0.000000 0.001104 0.004888 0.187871
alpha2 0.010000 0.053127 1895.000000 0.000000 0.001104 0.004888 0.185771
alpha2 0.010000 0.053127 1900.000000 0.000000 0.001104 0.004888 0.183696
alpha2 0.010000 0.053127 1905.000000 0.000000 0.001104 0.004888 0.181644
alpha2 0.010000 0.053127 1910.000000 0.000000 0.001104 0.004888 0.179616
alpha2 0.010000 0.053127 1915.000000 0.000000 0.001104 0.004888 0.177610
alpha2 0.010000 0.053127 1920.000000 0.000000 0.001104 0.004888 0.175628
alpha2 0.010000 0.053127 1925.000000 0.000000 0.001104 0.004888 0.173669
alpha2 0.010000 0.053127 1930.000000 0.000000 0.001104 0.004888 0.171731
alpha2 0.010000 0.053127 1935.000000 0.000000 0.001104 0.004888 0.169816
alpha2 0.010000 0.053127 1940.000000 0.000000 0.001104 0.004888 0.167923
alpha2 0.010000 0.053127 1945.000000 0.000000 0.001104 0.004888 0.166052
alpha2 0.010000 0.053127 1950.000000 0.000000 0.001104 0.004888 0.164202
alpha2 0.010000 0.053127 1955.000000 0.000000 0.001104 0.004888 0.162373
alpha2 0.010000 0.053127 1960.000000 0.000000 0.001104 0.004888 0.160565
alpha2 0.010000 0.053127 1965.000000 0.000000 0.001104 0.004888 0.158778
alpha2 0.010000 0.053127 1970.000000 0.000000 0.001104 0.004888 0.157011
alpha2 0.010000 0.053127 1975.000000 0.000000 0.001104 0.004888 0.155264
alpha2 0.010000 0.053127 1980.000000 0.000000 0.001104 0.004888 0.153537
alpha2 0.010000 0.053127 1985.000000 0.000000 0.001104 0.004888 0.151830
alpha2 0.010000 0.053127 1990.000000 0.000000 0.001104 0.004888 0.150143
alpha2 0.010000 0.053127 1995.000000 0.000000 0.001104 0.004888 0.148475
alpha2 0.010000 0.053127 2000.000000 0.000000 0.001104 0.004888 0.146826
alpha2 0.010000 0.053127 2005.000000 0.000000 0.001104 0.004888 0.145195
alpha2 0.010000 0.053127 2010.000000 0.000000 0.001104 0.004888 0.143584
alpha2 0.010000 0.053127 2015.000000 0.000000 0.001104 0.004888 0.141991
alpha2 0.010000 0.053127 2020.000000 0.000000 0.001104 0.004888 0.140416
alpha2 0.010000 0.053127 2025.000000 0.000000 0.001104 0.004888 0.138859
alpha2 0.010000 0.053127 2030.000000 0.000000 0.001104 0.004888 0.137320
alpha2 0.010000 0.053127 2035.000000 0.000000 0.001104 0.004888 0.135798
alpha2 0.010000 0.053127 2040.000000 0.000000 0.001104 0.004888 0.134294
alpha2 0.010000 0.053127 2045.000000 0.000000 0.001104 0.004888 0.132807
alpha2 0.010000 0.053127 2050.000000 0.000000 0.001104 0.004888 0.131337
alpha2 0.010000 0.053127 2055.000000 0.000000 0.001104 0.004888 0.129884
alpha2 0.010000 0.053127 2060.000000 0.000000 0.001104 0.004888 0.128448
alpha2 0.010000 0.053127 2065.000000 0.000000 0.001104 0.004888 0.127027
alpha2 0.010000 0.053127 2070.000000 0.000000 0.001104 0.004888 0.125624
alpha2 0.010000 0.053127 2075.000000 0.000000 0.001104 0.004888 0.124236
alpha2 0.010000 0.053127 2080.000000 0.000000 0.001104 0.004888 0.122864
alpha2 0.010000 0.053127 2085.000000 0.000000 0.001104 0.004888 0.121508
alpha2 0.010000 0.053127 2090.000000 0.000000 0.001104 0.004888 0.120167
alpha2 0.010000 0.053127 2095.000000 0.000000 0.001104 0.004888 0.118841
alpha2 0.010000 0.053127 2100.000000 0.000000 0.001104 0.004888 0.117531
alpha2 0.010000 0.053127 2105.000000 0.000000 0.001104 0.004888 0.116236
alpha2 0.010000 0.053127 2110.000000 0.000000 0.001104 0.004888 0.114956
alpha2 0.010000 0.053127 2115.000000 0.000000 0.001104 0.004888 0.113690
alpha2 0.010000 0.053127 2120.000000 0.000000 0.001104 0.004888 0.112438
alpha2 0.010000 0.053127 2125.000000 0.000000 0.001104 0.004888 0.111201
alpha2 0.010000 0.053127 2130.000000 0.000000 0.001104 0.004888 0.109978
alpha2 0.010000 0.053127 2135.000000 0.000000 0.001104 0.004888 0.108770
alpha2 0.010000 0.053127 2140.000000 0.000000 0.001104 0.004888 0.107574
alpha2 0.010000 0.053127 2145.000000 0.000000 0.001104 0.004888 0.106393
alpha2 0.010000 0.053127 2150.000000 0.000000 0.001104 0.004888 0.105225
alpha2 0.010000 0.053127 2155.000000 0.000000 0.001104 0.004888 0.104071
alpha2 0.010000 0.053127 2160.000000 0.000000 0.001104 0.004888 0.102929
alpha2 0.010000 0.053127 2165.000000 0.000000 0.001104 0.004888 0.101801
alpha2 0.010000 0.053127 2170.000000 0.000000 0.001104 0.004888 0.100685
alpha2 0.010000 0.053127 2175.000000 0.000000 0.001104 0.004888 0.099583
alpha2 0.010000 0.053127 2180.000000 0.000000 0.001104 0.004888 0.098493
alpha2 0.010000 0.053127 2185.000000 0.000000 0.001104 0.004888 0.097415
alpha2 0.010000 0.053127 2190.000000 0.000000 0.001104 0.004888 0.096350
alpha2 0.010000 0.053127 2195.000000 0.000000 0.001104 0.004888 0.095297
alpha2 0.010000 0.053127 2200.000000 0.000000 0.001104 0.004888 0.094256
alpha2 0.010000 0.053127 2205.000000 0.000000 0.001104 0.004888 0.093227
alpha2 0.010000 0.053127 2210.000000 0.000000 0.001104 0.004888 0.092209
alpha2 0.010000 0.053127 2215.000000 0.000000 0.001104 0.004888 0.091204
alpha2 0.010000 0.053127 2220.000000 0.000000 0.001104 0.004888 0.090209
alpha2 0.010000 0.053127 2225.000000 0.000000 0.001104 0.004888 0.089226
alpha2 0.010000 0.053127 2230.000000 0.000000 0.001104 0.004888 0.088255
alpha2 0.010000 0.053127 2235.000000 0.000000 0.001104 0.004888 0.087294
alpha2 0.010000 0.053127 2240.000000 0.000000 0.001104 0.004888 0.086345
alpha2 0.010000 0.053127 2245.000000 0.000000 0.001104 0.004888 0.085406
alpha2 0.010000 0.053127 2250.000000 0.000000 0.001104 0.004888 0.084478
alpha2 0.010000 0.053127 2255.000000 0.000000 0.001104 0.004888 0.083561
alpha2 0.010000 0.053127 2260.000000 0.000000 0.001104 0.004888 0.082654
alpha2 0.010000 0.053127 2265.000000 0.000000 0.001104 0.004888 0.081757
alpha2 0.010000 0.053127 2270.000000 0.000000 0.001104 0.004888 0.080871
alpha2 0.010000 0.053127 2275.000000 0.000000 0.001104 0.004888 0.079995
alpha2 0.010000 0.053127 2280.000000 0.000000 0.001104 0.004888 0.079129
alpha2 0.010000 0.053127 2285.000000 0.000000 0.001104 0.004888 0.078273
alpha2 0.010000 0.053127 2290.000000 0.000000 0.001104 0.004888 0.077427
alpha2 0.010000 0.053127 2295.000000 0.000000 0.001104 0.004888 0.076590
alpha2 0.010000 0.053127 2300.000000 0.000000 0.001104 0.004888 0.075763
alpha2 0.010000 0.053127 2305.000000 0.000000 0.001104 0.004888 0.074945
alpha2 0.010000 0.053127 2310.000000 0.000000 0.001104 0.004888 0.074137
alpha2 0.010000 0.053127 2315.000000 0.000000 0.001104 0.004888 0.073338
alpha2 0.010000 0.053127 2320.000000 0.000000 0.001104 0.004888 0.072548
alpha2 0.010000 0.053127 2325.000000 0.000000 0.001104 0.004888 0.071767
alpha2 0.010000 0.053127 2330.000000 0.000000 0.001104 0.004888 0.070995
alpha2 0.010000 0.053127 2335.000000 0.000000 0.001104 0.004888 0.070232
alpha2 0.010000 0.053127 2340.000000 0.000000 0.001104 0.004888 0.069477
alpha2 0.010000 0.053127 2345.000000 0.000000 0.001104 0.004888 0.068731
alpha2 0.010000 0.053127 2350.000000 0.000000 0.001104 0.004888 0.067994
alpha2 0.010000 0.053127 2355.000000 0.000000 0.001104 0.004888 0.067265
alpha2 0.010000 0.053127 2360.000000 0.000000 0.001104 0.004888 0.066545
alpha2 0.010000 0.053127 2365.000000 0.000000 0.001104 0.004888 0.065832
alpha2 0.010000 0.053127 2370.000000 0.000000 0.001104 0.004888 0.065128
alpha2 0.010000 0.053127 2375.000000 0.000000 0.001104 0.004888 0.064432
alpha2 0.010000 0.053127 2380.000000 0.000000 0.001104 0.004888 0.063744
alpha2 0.010000 0.053127 2385.000000 0.000000 0.001104 0.004888 0.063064
alpha2 0.010000 0.053127 2390.000000 0.000000 0.001104 0.004888 0.062391
alpha2 0.010000 0.053127 2395.000000 0.000000 0.001104 0.004888 0.061726
alpha2 0.010000 0.053127 2400.000000 0.000000 0.001104 0.004888 0.061069
alpha2 0.010000 0.053127 2405.000000 0.000000 0.001104 0.004888 0.060420
alpha2 0.010000 0.053127 2410.000000 0.000000 0.001104 0.004888 0.059777
alpha2 0.010000 0.053127 2415.000000 0.000000 0.001104 0.004888 0.059142
alpha2 0.010000 0.053127 2420.000000 0.000000 0.001104 0.004888 0.058515
alpha2 0.010000 0.053127 2425.000000 0.000000 0.001104 0.004888 0.057894
alpha2 0.010000 0.053127 2430.000000 0.000000 0.001104 0.004888 0.057281
alpha2 0.010000 0.053127 2435.000000 0.000000 0.001104 0.004888 0.056675
alpha2 0.010000 0.053127 2440.000000 0.000000 0.001104 0.004888 0.056075
alpha2 0.010000 0.053127 2445.000000 0.000000 0.001104 0.004888 0.055483
alpha2 0.010000 0.053127 2450.000000 0.000000 0.001104 0.004888 0.054897
alpha2 0.010000 0.053127 2455.000000 0.000000 0.001104 0.004888 0.054318
alpha2 0.010000 0.053127 2460.000000 0.000000 0.001104 0.004888 0.053745
alpha2 0.010000 0.053127 2465.000000 0.000000 0.001104 0.004888 0.053179
alpha2 0.010000 0.053127 2470.000000 0.000000 0.001104 0.004888 0.052620
alpha2 0.010000 0.053127 2475.000000 0.000000 0.001104 0.004888 0.052067
alpha2 0.010000 0.053127 2480.000000 0.000000 0.001104 0.004888 0.051520
alpha2 0.010000 0.053127 2485.000000 0.000000 0.001104 0.004888 0.050980
alpha2 0.010000 0.053127 2490.000000 0.000000 0.001104 0.004888 0.050445
alpha2 0.010000 0.053127 2495.000000 0.000000 0.001104 0.004888 0.049917
alpha2 0.010000 0.053127 2500.000000 0.000000 0.001104 0.004888 0.049395
alpha2 0.010000 0.053127 2505.000000 0.000000 0.001104 0.004888 0.048879
alpha2 0.010000 0.053127 2510.000000 0.000000 0.001104 0.004888 0.048368
alpha2 0.010000 0.053127 2515.000000 0.000000 0.001104 0.004888 0.047864
alpha2 0.010000 0.053127 2520.000000 0.000000 0.001104 0.004888 0.047365
alpha2 0.010000 0.053127 2525.000000 0.000000 0.001104 0.004888 0.046872
alpha2 0.010000 0.053127 2530.000000 0.000000 0.001104 0.004888 0.046385
alpha2 0.010000 0.053127 2535.000000 0.000000 0.001104 0.004888 0.045903
alpha2 0.010000 0.053127 2540.000000 0.000000 0.001104 0.004888 0.045427
alpha2 0.010000 0.053127 2545.000000 0.000000 0.001104 0.004888 0.044956
alpha2 0.010000 0.053127 2550.000000 0.000000 0.001104 0.004888 0.044491
alpha2 0.010000 0.053127 2555.000000 0.000000 0.001104 0.004888 0.044031
alpha2 0.010000 0.053127 2560.000000 0.000000 0.001104 0.004888 0.043576
alpha2 0.010000 0.053127 2565.000000 0.000000 0.001104 0.004888 0.043126
alpha2 0.010000 0.053127 2570.000000 0.000000 0.001104 0.004888 0.042682
alpha2 0.010000 0.053127 2575.000000 0.000000 0.001104 0.004888 0.042242
alpha2 0.010000 0.053127 2580.000000 0.000000 0.001104 0.004888 0.041808
alpha2 0.010000 0.053127 2585.000000 0.000000 0.001104 0.004888 0.041378
alpha2 0.010000 0.053127 2590.000000 0.000000 0.001104 0.004888 0.040954
alpha2 0.010000 0.053127 2595.000000 0.000000 0.001104 0.004888 0.040534
alpha2 0.010000 0.053127 2600.000000 0.000000 0.001104 0.004888 0.040119
alpha2 0.010000 0.053127 2605.000000 0.000000 0.001104 0.004888 0.039709
alpha2 0.010000 0.053127 2610.000000 0.000000 0.001104 0.004888 0.039304
alpha2 0.010000 0.053127 2615.000000 0.000000 0.001104 0.004888 0.038903
alpha2 0.010000 0.053127 2620.000000 0.000000 0.001104 0.004888 0.038507
alpha2 0.010000 0.053127 2625.000000 0.000000 0.001104 0.004888 0.038115
alpha2 0.010000 0.053127 2630.000000 0.000000 0.001104 0.004888 0.037728
alpha2 0.010000 0.053127 2635.000000 0.000000 0.001104 0.004888 0.037345
alpha2 0.010000 0.053127 2640.000000 0.000000 0.001104 0.004888 0.036966
alpha2 0.010000 0.053127 2645.000000 0.000000 0.001104 0.004888 0.036592
alpha2 0.010000 0.053127 2650.000000 0.000000 0.001104 0.004888 0.036223
alpha2 0.010000 0.053127 2655.000000 0.000000 0.001104 0.004888 0.035857
alpha2 0.010000 0.053127 2660.000000 0.000000 0.001104 0.004888 0.035496
alpha2 0.010000 0.053127 2665.000000 0.000000 0.001104 0.004888 0.035138
alpha2 0.010000 0.053127 2670.000000 0.000000 0.001104 0.004888 0.034785
alpha2 0.010000 0.053127 2675.000000 0.000000 0.001104 0.004888 0.034436
alpha2 0.010000 0.053127 2680.000000 0.000000 0.001104 0.004888 0.034091
alpha2 0.010000 0.053127 2685.000000 0.000000 0.001104 0.004888 0.033750
alpha2 0.010000 0.053127 2690.000000 0.000000 0.001104 0.004888 0.033412
alpha2 0.010000 0.053127 2695.000000 0.000000 0.001104 0.004888 0.033079
alpha2 0.010000 0.053127 2700.000000 0.000000 0.001104 0.004888 0.032749
alpha2 0.010000 0.053127 2705.000000 0.000000 0.001104 0.004888 0.032423
alpha2 0.010000 0.053127 2710.000000 0.000000 0.001104 0.004888 0.032101
alpha2 0.010000 0.053127 2715.000000 0.000000 0.001104 0.004888 0.031783
alpha2 0.010000 0.053127 2720.000000 0.000000 0.001104 0.004888 0.031468
alpha2 0.010000 0.053127 2725.000000 0.000000 0.001104 0.004888 0.031157
alpha2 0.010000 0.053127 2730.000000 0.000000 0.001104 0.004888 0.030849
alpha2 0.010000 0.053127 2735.000000 0.000000 0.001104 0.004888 0.030545
alpha2 0.010000 0.053127 2740.000000 0.000000 0.001104 0.004888 0.030244
alpha2 0.010000 0.053127 2745.000000 0.000000 0.001104 0.004888 0.029947
alpha2 0.010000 0.053127 2750.000000 0.000000 0.001104 0.004888 0.029653
alpha2 0.010000 0.053127 2755.000000 0.000000 0.001104 0.004888 0.029363
alpha2 0.010000 0.053127 2760.000000 0.000000 0.001104 0.004888 0.029076
alpha2 0.010000 0.053127 2765.000000 0.000000 0.001104 0.004888 0.028792
alpha2 0.010000 0.053127 2770.000000 0.000000 0.001104 0.004888 0.028511
alpha2 0.010000 0.053127 2775.000000 0.000000 0.001104 0.004888 0.028234
alpha2 0.010000 0.053127 2780.000000 0.000000 0.001104 0.004888 0.027960
alpha2 0.010000 0.053127 2785.000000 0.000000 0.001104 0.004888 0.027689
alpha2 0.010000 0.053127 2790.000000 0.000000 0.001104 0.004888 0.027421
alpha2 0.010000 0.053127 2795.000000 0.000000 0.001104 0.004888 0.027156
alpha2 0.010000 0.053127 2800.000000 0.000000 0.001104 0.004888 0.026894
alpha2 0.010000 0.053127 2805.000000 0.000000 0.001104 0.004888 0.026635
alpha2 0.010000 0.053127 2810.000000 0.000000 0.001104 0.004888 0.026379
alpha2 0.010000 0.053127 2815.000000 0.000000 0.001104 0.004888 0.026126
alpha2 0.010000 0.053127 2820.000000 0.000000 0.001104 0.004888 0.025876
alpha2 0.010000 0.053127 2825.000000 0.000000 0.001104 0.004888 0.025629
alpha2 0.010000 0.053127 2830.000000 0.000000 0.001104 0.004888 0.025384
alpha2 0.010000 0.053127 2835.000000 0.000000 0.001104 0.004888 0.025142
alpha2 0.010000 0.053127 2840.000000 0.000000 0.001104 0.004888 0.024904
alpha2 0.010000 0.053127 2845.000000 0.000000 0.001104 0.004888 0.024667
alpha2 0.010000 0.053127 2850.000000 0.000000 0.001104 0.004888 0.024434
alpha2 0.010000 0.053127 2855.000000 0.000000 0.001104 0.004888 0.024203
alpha2 0.010000 0.053127 2860.000000 0.000000 0.001104 0.004888 0.023975
alpha2 0.010000 0.053127 2865.000000 0.000000 0.001104 0.004888 0.023750
alpha2 0.010000 0.053127 2870.000000 0.000000 0.001104 0.004888 0.023527
alpha2 0.010000 0.053127 2875.000000 0.000000 0.001104 0.004888 0.023306
alpha2 0.010000 0.053127 2880.000000 0.000000 0.001104 0.004888 0.023088
alpha2 0.010000 0.053127 2885.000000 0.000000 0.001104 0.004888 0.022873
alpha2 0.010000 0.053127 2890.000000 0.000000 0.001104 0.004888 0.022660
alpha2 0.010000 0.053127 2895.000000 0.000000 0.001104 0.004888 0.022449
alpha2 0.010000 0.053127 2900.000000 0.000000 0.001104 0.004888 0.022241
alpha2 0.010000 0.053127 2905.000000 0.000000 0.001104 0.004888 0.022036
alpha2 0.010000 0.053127 2910.000000 0.000000 0.001104 0.004888 0.021832
alpha2 0.010000 0.053127 2915.000000 0.000000 0.001104 0.004888 0.021631
alpha2 0.010000 0.053127 2920.000000 0.000000 0.001104 0.004888 0.021433
alpha2 0.010000 0.053127 2925.000000 0.000000 0.001104 0.004888 0.021236
alpha2 0.010000 0.053127 2930.000000 0.000000 0.001104 0.004888 0.021042
alpha2 0.010000 0.053127 2935.000000 0.000000 0.001104 0.004888 0.020850
alpha2 0.010000 0.053127 2940.000000 0.000000 0.001104 0.004888 0.020660
alpha2 0.010000 0.053127 2945.000000 0.000000 0.001104 0.004888 0.020472
alpha2 0.010000 0.053127 2950.000000 0.000000 0.001104 0.004888 0.020287
alpha2 0.010000 0.053127 2955.000000 0.000000 0.001104 0.004888 0.020104
alpha2 0.010000 0.053127 2960.000000 0.000000 0.001104 0.004888 0.019922
alpha2 0.010000 0.053127 2965.000000 0.000000 0.001104 0.004888 0.019743
alpha2 0.010000 0.053127 2970.000000 0.000000 0.001104 0.004888 0.019566
alpha2 0.010000 0.053127 2975.000000 0.000000 0.001104 0.004888 0.019391
alpha2 0.010000 0.053127 2980.000000 0.000000 0.001104 0.004888 0.019218
alpha2 0.010000 0.053127 2985.000000 0.000000 0.001104 0.004888 0.019047
alpha2 0.010000 0.053127 2990.000000 0.000000 0.001104 0.004888 0.018877
alpha2 0.010000 0.053127 2995.000000 0.000000 0.001104 0.004888 0.018710
alpha2 0.010000 0.053127 3000.000000 0.000000 0.001104 0.004888 0.018545
alpha2 0.010000 0.053127 3005.000000 0.000000 0.001104 0.004888 0.018381
alpha2 0.010000 0.053127 3010.000000 0.000000 0.001104 0.004888 0.018220
alpha2 0.010000 0.053127 3015.000000 0.000000 0.001104 0.004888 0.018060
alpha2 0.010000 0.053127 3020.000000 0.000000 0.001104 0.004888 0.017902
alpha2 0.010000 0.053127 3025.000000 0.000000 0.001104 0.004888 0.017746
alpha2 0.010000 0.053127 3030.000000 0.000000 0.001104 0.004888 0.017592
alpha2 0.010000 0.053127 3035.000000 0.000000 0.001104 0.004888 0.017439
alpha2 0.010000 0.053127 3040.000000 0.000000 0.001104 0.004888 0.017288
alpha2 0.010000 0.053127 3045.000000 0.000000 0.001104 0.004888 0.017139
alpha2 0.010000 0.053127 3050.000000 0.000000 0.001104 0.004888 0.016992
alpha2 0.010000 0.053127 3055.000000 0.000000 0.001104 0.004888 0.016846
alpha2 0.010000 0.053127 3060.000000 0.000000 0.001104 0.004888 0.016702
alpha2 0.010000 0.053127 3065.000000 0.000000 0.001104 0.004888 0.016560
alpha2 0.010000 0.053127 3070.000000 0.000000 0.001104 0.004888 0.016419
alpha2 0.010000 0.053127 3075.000000 0.000000 0.001104 0.004888 0.016280
alpha2 0.010000 0.053127 3080.000000 0.000000 0.001104 0.004888 0.016142
alpha2 0.010000 0.053127 3085.000000 0.000000 0.001104 0.004888 0.016006
alpha2 0.010000 0.053127 3090.000000 0.000000 0.001104 0.004888 0.015872
alpha2 0.010000 0.053127 3095.000000 0.000000 0.001104 0.004888 0.015739
alpha2 0.010000 0.053127 3100.000000 0.000000 0.001104 0.004888 0.015608
alpha2 0.010000 0.053127 3105.000000 0.000000 0.001104 0.004888 0.015478
alpha2 0.010000 0.053127 3110.000000 0.000000 0.001104 0.004888 0.015350
alpha2 0.010000 0.053127 3115.000000 0.000000 0.001104 0.004888 0.015223
alpha2 0.010000 0.053127 3120.000000 0.000000 0.001104 0.004888 0.015097
alpha2 0.010000 0.053127 3125.000000 0.000000 0.001104 0.004888 0.014973
alpha2 0.010000 0.053127 3130.000000 0.000000 0.001104 0.004888 0.014851
alpha2 0.010000 0.053127 3135.000000 0.000000 0.001104 0.004888 0.014729
alpha2 0.010000 0.053127 3140.000000 0.000000 0.001104 0.004888 0.014610
alpha2 0.010000 0.053127 3145.000000 0.000000 0.001104 0.004888 0.014491
alpha2 0.010000 0.053127 3150.000000 0.000000 0.001104 0.004888 0.014374
alpha2 0.010000 0.053127 3155.000000 0.000000 0.001104 0.004888 0.014258
alpha2 0.010000 0.053127 3160.000000 0.000000 0.001104 0.004888 0.014144
alpha2 0.010000 0.053127 3165.000000 0.000000 0.001104 0.004888 0.014031
alpha2 0.010000 0.053127 3170.000000 0.000000 0.001104 0.004888 0.013919
alpha2 0.010000 0.053127 3175.000000 0.000000 0.001104 0.004888 0.013808
alpha2 0.010000 0.053127 3180.000000 0.000000 0.001104 0.004888 0.013699
alpha2 0.010000 0.053127 3185.000000 0.000000 0.001104 0.004888 0.013591
alpha2 0.010000 0.053127 3190.000000 0.000000 0.001104 0.004888 0.013484
alpha2 0.010000 0.053127 3195.000000 0.000000 0.001104 0.004888 0.013379
alpha2 0.010000 0.053127 3200.000000 0.000000 0.001104 0.004888 0.013274
alpha2 0.010000 0.053127 3205.000000 0.000000 0.001104 0.004888 0.013171
alpha2 0.010000 0.053127 3210.000000 0.000000 0.001104 0.004888 0.013069
alpha2 0.010000 0.053127 3215.000000 0.000000 0.001104 0.004888 0.012968
alpha2 0.010000 0.053127 3220.000000 0.000000 0.001104 0.004888 0.012868
alpha2 0.010000 0.053127 3225.000000 0.000000 0.001104 0.004888 0.012770
alpha2 0.010000 0.053127 3230.000000 0.000000 0.001104 0.004888 0.012673
alpha2 0.010000 0.053127 3235.000000 0.000000 0.001104 0.004888 0.012576
alpha2 0.010000 0.053127 3240.000000 0.000000 0.001104 0.004888 0.012481
alpha2 0.010000 0.053127 3245.000000 0.000000 0.001104 0.004888 0.012387
alpha2 0.010000 0.053127 3250.000000 0.000000 0.001104 0.004888 0.012294
alpha2 0.010000 0.053127 3255.000000 0.000000 0.001104 0.004888 0.012202
alpha2 0.010000 0.053127 3260.000000 0.000000 0.001104 0.004888 0.012111
alpha2 0.010000 0.053127 3265.000000 0.000000 0.001104 0.004888 0.012021
alpha2 0.010000 0.053127 3270.000000 0.000000 0.001104 0.004888 0.011932
alpha2 0.010000 0.053127 3275.000000 0.000000 0.001104 0.004888 0.011844
alpha2 0.010000 0.053127 3280.000000 0.000000 0.001104 0.004888 0.011758
alpha2 0.010000 0.053127 3285.000000 0.000000 0.001104 0.004888 0.011672
alpha2 0.010000 0.053127 3290.000000 0.000000 0.001104 0.004888 0.011587
alpha2 0.010000 0.053127 3295.000000 0.000000 0.001104 0.004888 0.011503
alpha2 0.010000 0.053127 3300.000000 0.000000 0.001104 0.004888 0.011420
alpha2 0.010000 0.053127 3305.000000 0.000000 0.001104 0.004888 0.011338
alpha2 0.010000 0.053127 3310.000000 0.000000 0.001104 0.004888 0.011257
alpha2 0.010000 0.053127 3315.000000 0.000000 0.001104 0.004888 0.011177
alpha2 0.010000 0.053127 3320.000000 0.000000 0.001104 0.004888 0.011098
alpha2 0.010000 0.053127 3325.000000 0.000000 0.001104 0.004888 0.011019
alpha2 0.010000 0.053127 3330.000000 0.000000 0.001104 0.004888 0.010942
alpha2 0.010000 0.053127 3335.000000 0.000000 0.001104 0.004888 0.010866
alpha2 0.010000 0.053127 3340.000000 0.000000 0.001104 0.004888 0.010790
alpha2 0.010000 0.053127 3345.000000 0.000000 0.001104 0.004888 0.010715
alpha2 0.010000 0.053127 3350.000000 0.000000 0.001104 0.004888 0.010641
alpha2 0.010000 0.053127 3355.000000 0.000000 0.001104 0.004888 0.010568
alpha2 0.010000 0.053127 3360.000000 0.000000 0.001104 0.004888 0.010496
alpha2 0.010000 0.053127 3365.000000 0.000000 0.001104 0.004888 0.010424
alpha2 0.010000 0.053127 3370.000000 0.000000 0.001104 0.004888 0.010354
alpha2 0.010000 0.053127 3375.000000 0.000000 0.001104 0.004888 0.010284
alpha2 0.010000 0.053127 3380.000000 0.000000 0.001104 0.004888 0.010215
alpha2 0.010000 0.053127 3385.000000 0.000000 0.001104 0.004888 0.010147
alpha2 0.010000 0.053127 3390.000000 0.000000 0.001104 0.004888 0.010079
alpha2 0.010000 0.053127 3395.000000 0.000000 0.001104 0.004888 0.010013
alpha2 0.010000 0.053127 3400.000000 0.000000 0.001104 0.004888 0.009947
alpha2 0.010000 0.053127 3405.000000 0.000000 0.001104 0.004888 0.009882
alpha2 0.010000 0.053127 3410.000000 0.000000 0.001104 0.004888 0.009817
alpha2 0.010000 0.053127 3415.000000 0.000000 0.001104 0.004888 0.009754
alpha2 0.010000 0.053127 3420.000000 0.000000 0.001104 0.004888 0.009691
alpha2 0.010000 0.053127 3425.000000 0.000000 0.001104 0.004888 0.009629
alpha2 0.010000 0.053127 3430.000000 0.000000 0.001104 0.004888 0.009567
alpha2 0.010000 0.053127 3435.000000 0.000000 0.001104 0.004888 0.009506
alpha2 0.010000 0.053127 3440.000000 0.000000 0.001104 0.004888 0.009446
alpha2 0.010000 0.053127 3445.000000 0.000000 0.001104 0.004888 0.009387
alpha2 0.010000 0.053127 3450.000000 0.000000 0.001104 0.004888 0.009328
alpha2 0.010000 0.053127 3455.000000 0.000000 0.001104 0.004888 0.009270
alpha2 0.010000 0.053127 3460.000000 0.000000 0.001104 0.004888 0.009213
alpha2 0.010000 0.053127 3465.000000 0.000000 0.001104 0.004888 0.009156
alpha2 0.010000 0.053127 3470.000000 0.000000 0.001104 0.004888 0.009100
alpha2 0.010000 0.053127 3475.000000 0.000000 0.001104 0.004888 0.009044
alpha2 0.010000 0.053127 3480.000000 0.000000 0.001104 0.004888 0.008989
alpha2 0.010000 0.053127 3485.000000 0.000000 0.001104 0.004888 0.008935
alpha2 0.010000 0.053127 3490.000000 0.000000 0.001104 0.004888 0.008882
alpha2 0.010000 0.053127 3495.000000 0.000000 0.001104 0.004888 0.008829
alpha2 0.010000 0.053127 3500.000000 0.000000 0.001104 0.004888 0.008776
alpha2 0.010000 0.053127 3505.000000 0.000000 0.001104 0.004888 0.008725
alpha2 0.010000 0.053127 3510.000000 0.000000 0.001104 0.004888 0.008674
alpha2 0.010000 0.053127 3515.000000 0.000000 0.001104 0.004888 0.008623
alpha2 0.010000 0.053127 3520.000000 0.000000 0.001104 0.004888 0.008573
alpha2 0.010000 0.053127 3525.000000 0.000000 0.001104 0.004888 0.008524
alpha2 0.010000 0.053127 3530.000000 0.000000 0.001104 0.004888 0.008475
alpha2 0.010000 0.053127 3535.000000 0.000000 0.001104 0.004888 0.008426
alpha2 0.010000 0.053127 3540.000000 0.000000 0.001104 0.004888 0.008379
alpha2 0.010000 0.053127 3545.000000 0.000000 0.001104 0.004888 0.008331
alpha2 0.010000 0.053127 3550.000000 0.000000 0.001104 0.004888 0.008285
alpha2 0.010000 0.053127 3555.000000 0.000000 0.001104 0.004888 0.008239
alpha2 0.010000 0.053127 3560.000000 0.000000 0.001104 0.004888 0.008193
alpha2 0.010000 0.053127 3565.000000 0.000000 0.001104 0.004888 0.008148
alpha2 0.010000 0.053127 3570.000000 0.000000 0.001104 0.004888 0.008103
alpha2 0.010000 0.053127 3575.000000 0.000000 0.001104 0.004888 0.008059
alpha2 0.010000 0.053127 3580.000000 0.000000 0.001104 0.004888 0.008016
alpha2 0.010000 0.053127 3585.000000 0.000000 0.001104 0.004888 0.007973
alpha2 0.010000 0.053127 3590.000000 0.000000 0.001104 0.004888 0.007930
alpha2 0.010000 0.053127 3595.000000 0.000000 0.001104 0.004888 0.007888
alpha2 0.010000 0.053127 3600.000000 0.000000 0.001104 0.004888 0.007846
