HEADER DATE 01-Aug-2017 12:40:49
HEADER RANDSEED 1748155279
Param True_Value Sim_Value Sim_Time Input mRNA foldedP fluo
alpha2 0.010000 0.055374 0.000000 2.000000 1.380379 6.369739 5.538903
alpha2 0.010000 0.055374 5.000000 2.000000 1.380379 6.369739 5.538903
alpha2 0.010000 0.055374 10.000000 2.000000 1.380379 6.369739 5.538903
alpha2 0.010000 0.055374 15.000000 2.000000 1.380379 6.369739 5.538903
alpha2 0.010000 0.055374 20.000000 2.000000 1.380379 6.369739 5.538903
alpha2 0.010000 0.055374 25.000000 2.000000 1.380379 6.369739 5.538903
alpha2 0.010000 0.055374 30.000000 2.000000 1.380379 6.369739 5.538903
alpha2 0.010000 0.055374 35.000000 2.000000 1.380379 6.369739 5.538903
alpha2 0.010000 0.055374 40.000000 2.000000 1.380379 6.369739 5.538903
alpha2 0.010000 0.055374 45.000000 2.000000 1.380379 6.369739 5.538903
alpha2 0.010000 0.055374 50.000000 2.000000 1.380379 6.369739 5.538903
alpha2 0.010000 0.055374 55.000000 2.000000 1.380379 6.369739 5.538903
alpha2 0.010000 0.055374 60.000000 2.000000 1.380379 6.369739 5.538903
alpha2 0.010000 0.055374 65.000000 2.000000 1.380379 6.369739 5.538903
alpha2 0.010000 0.055374 70.000000 2.000000 1.380379 6.369739 5.538903
alpha2 0.010000 0.055374 75.000000 2.000000 1.380379 6.369739 5.538903
alpha2 0.010000 0.055374 80.000000 2.000000 1.380379 6.369739 5.538903
alpha2 0.010000 0.055374 85.000000 2.000000 1.380379 6.369739 5.538903
alpha2 0.010000 0.055374 90.000000 2.000000 1.380379 6.369739 5.538903
alpha2 0.010000 0.055374 95.000000 2.000000 1.380379 6.369739 5.538903
alpha2 0.010000 0.055374 100.000000 2.000000 1.380379 6.369739 5.538903
alpha2 0.010000 0.055374 105.000000 2.000000 1.380379 6.369739 5.538903
alpha2 0.010000 0.055374 110.000000 2.000000 1.380379 6.369739 5.538903
alpha2 0.010000 0.055374 115.000000 2.000000 1.380379 6.369739 5.538903
alpha2 0.010000 0.055374 120.000000 2.000000 1.380379 6.369739 5.538903
alpha2 0.010000 0.055374 125.000000 2.000000 1.380379 6.369739 5.538903
alpha2 0.010000 0.055374 130.000000 2.000000 1.380379 6.369739 5.538903
alpha2 0.010000 0.055374 135.000000 2.000000 1.380379 6.369739 5.538903
alpha2 0.010000 0.055374 140.000000 2.000000 1.380379 6.369739 5.538903
alpha2 0.010000 0.055374 145.000000 2.000000 1.380379 6.369739 5.538903
alpha2 0.010000 0.055374 150.000000 2.000000 1.380379 6.369739 5.538903
alpha2 0.010000 0.055374 155.000000 2.000000 1.380379 6.369739 5.538903
alpha2 0.010000 0.055374 160.000000 2.000000 1.380379 6.369739 5.538903
alpha2 0.010000 0.055374 165.000000 2.000000 1.380379 6.369739 5.538903
alpha2 0.010000 0.055374 170.000000 2.000000 1.380379 6.369739 5.538903
alpha2 0.010000 0.055374 175.000000 2.000000 1.380379 6.369739 5.538903
alpha2 0.010000 0.055374 180.000000 2.000000 1.380379 6.369739 5.538903
alpha2 0.010000 0.055374 185.000000 2.000000 1.380379 6.369739 5.538903
alpha2 0.010000 0.055374 190.000000 2.000000 1.380379 6.369739 5.538903
alpha2 0.010000 0.055374 195.000000 2.000000 1.380379 6.369739 5.538903
alpha2 0.010000 0.055374 200.000000 2.000000 1.380379 6.369739 5.538903
alpha2 0.010000 0.055374 205.000000 2.000000 1.380379 6.369739 5.538903
alpha2 0.010000 0.055374 210.000000 2.000000 1.380379 6.369739 5.538903
alpha2 0.010000 0.055374 215.000000 2.000000 1.380379 6.369739 5.538903
alpha2 0.010000 0.055374 220.000000 2.000000 1.380379 6.369739 5.538903
alpha2 0.010000 0.055374 225.000000 2.000000 1.380379 6.369739 5.538903
alpha2 0.010000 0.055374 230.000000 2.000000 1.380379 6.369739 5.538903
alpha2 0.010000 0.055374 235.000000 2.000000 1.380379 6.369739 5.538903
alpha2 0.010000 0.055374 240.000000 2.000000 1.380379 6.369739 5.538903
alpha2 0.010000 0.055374 245.000000 2.000000 1.380379 6.369739 5.538903
alpha2 0.010000 0.055374 250.000000 2.000000 1.380379 6.369739 5.538903
alpha2 0.010000 0.055374 255.000000 2.000000 1.380379 6.369739 5.538903
alpha2 0.010000 0.055374 260.000000 2.000000 1.380379 6.369739 5.538903
alpha2 0.010000 0.055374 265.000000 2.000000 1.380379 6.369739 5.538903
alpha2 0.010000 0.055374 270.000000 2.000000 1.380379 6.369739 5.538903
alpha2 0.010000 0.055374 275.000000 2.000000 1.380379 6.369739 5.538903
alpha2 0.010000 0.055374 280.000000 2.000000 1.380379 6.369739 5.538903
alpha2 0.010000 0.055374 285.000000 2.000000 1.380379 6.369739 5.538903
alpha2 0.010000 0.055374 290.000000 2.000000 1.380379 6.369739 5.538903
alpha2 0.010000 0.055374 295.000000 2.000000 1.380379 6.369739 5.538903
alpha2 0.010000 0.055374 300.000000 2.000000 1.380379 6.369739 5.538903
alpha2 0.010000 0.055374 305.000000 0.000000 1.188257 6.343023 5.538813
alpha2 0.010000 0.055374 310.000000 0.000000 1.022897 6.269953 5.538219
alpha2 0.010000 0.055374 315.000000 0.000000 0.880569 6.159906 5.536714
alpha2 0.010000 0.055374 320.000000 0.000000 0.758066 6.020778 5.533980
alpha2 0.010000 0.055374 325.000000 0.000000 0.652627 5.859206 5.529778
alpha2 0.010000 0.055374 330.000000 0.000000 0.561875 5.680751 5.523930
alpha2 0.010000 0.055374 335.000000 0.000000 0.483764 5.490059 5.516309
alpha2 0.010000 0.055374 340.000000 0.000000 0.416533 5.290996 5.506835
alpha2 0.010000 0.055374 345.000000 0.000000 0.358666 5.086760 5.495462
alpha2 0.010000 0.055374 350.000000 0.000000 0.308861 4.879987 5.482173
alpha2 0.010000 0.055374 355.000000 0.000000 0.265993 4.672836 5.466978
alpha2 0.010000 0.055374 360.000000 0.000000 0.229096 4.467059 5.449901
alpha2 0.010000 0.055374 365.000000 0.000000 0.197339 4.264066 5.430987
alpha2 0.010000 0.055374 370.000000 0.000000 0.170005 4.064975 5.410290
alpha2 0.010000 0.055374 375.000000 0.000000 0.146478 3.870662 5.387873
alpha2 0.010000 0.055374 380.000000 0.000000 0.126229 3.681799 5.363807
alpha2 0.010000 0.055374 385.000000 0.000000 0.108800 3.498885 5.338167
alpha2 0.010000 0.055374 390.000000 0.000000 0.093799 3.322277 5.311033
alpha2 0.010000 0.055374 395.000000 0.000000 0.080887 3.152213 5.282486
alpha2 0.010000 0.055374 400.000000 0.000000 0.069774 2.988834 5.252608
alpha2 0.010000 0.055374 405.000000 0.000000 0.060209 2.832197 5.221480
alpha2 0.010000 0.055374 410.000000 0.000000 0.051976 2.682298 5.189185
alpha2 0.010000 0.055374 415.000000 0.000000 0.044890 2.539075 5.155801
alpha2 0.010000 0.055374 420.000000 0.000000 0.038791 2.402426 5.121408
alpha2 0.010000 0.055374 425.000000 0.000000 0.033541 2.272213 5.086082
alpha2 0.010000 0.055374 430.000000 0.000000 0.029023 2.148275 5.049897
alpha2 0.010000 0.055374 435.000000 0.000000 0.025134 2.030428 5.012924
alpha2 0.010000 0.055374 440.000000 0.000000 0.021787 1.918473 4.975231
alpha2 0.010000 0.055374 445.000000 0.000000 0.018906 1.812204 4.936884
alpha2 0.010000 0.055374 450.000000 0.000000 0.016427 1.711405 4.897947
alpha2 0.010000 0.055374 455.000000 0.000000 0.014292 1.615858 4.858479
alpha2 0.010000 0.055374 460.000000 0.000000 0.012455 1.525343 4.818538
alpha2 0.010000 0.055374 465.000000 0.000000 0.010874 1.439641 4.778177
alpha2 0.010000 0.055374 470.000000 0.000000 0.009513 1.358536 4.737449
alpha2 0.010000 0.055374 475.000000 0.000000 0.008342 1.281814 4.696402
alpha2 0.010000 0.055374 480.000000 0.000000 0.007334 1.209269 4.655083
alpha2 0.010000 0.055374 485.000000 0.000000 0.006466 1.140697 4.613535
alpha2 0.010000 0.055374 490.000000 0.000000 0.005719 1.075901 4.571799
alpha2 0.010000 0.055374 495.000000 0.000000 0.005076 1.014693 4.529914
alpha2 0.010000 0.055374 500.000000 0.000000 0.004523 0.956889 4.487917
alpha2 0.010000 0.055374 505.000000 0.000000 0.004047 0.902313 4.445841
alpha2 0.010000 0.055374 510.000000 0.000000 0.003637 0.850797 4.403719
alpha2 0.010000 0.055374 515.000000 0.000000 0.003284 0.802179 4.361581
alpha2 0.010000 0.055374 520.000000 0.000000 0.002980 0.756304 4.319455
alpha2 0.010000 0.055374 525.000000 0.000000 0.002719 0.713025 4.277368
alpha2 0.010000 0.055374 530.000000 0.000000 0.002494 0.672201 4.235344
alpha2 0.010000 0.055374 535.000000 0.000000 0.002300 0.633698 4.193407
alpha2 0.010000 0.055374 540.000000 0.000000 0.002134 0.597389 4.151577
alpha2 0.010000 0.055374 545.000000 0.000000 0.001990 0.563154 4.109875
alpha2 0.010000 0.055374 550.000000 0.000000 0.001867 0.530876 4.068319
alpha2 0.010000 0.055374 555.000000 0.000000 0.001761 0.500447 4.026926
alpha2 0.010000 0.055374 560.000000 0.000000 0.001669 0.471764 3.985714
alpha2 0.010000 0.055374 565.000000 0.000000 0.001591 0.444728 3.944695
alpha2 0.010000 0.055374 570.000000 0.000000 0.001523 0.419247 3.903884
alpha2 0.010000 0.055374 575.000000 0.000000 0.001464 0.395233 3.863295
alpha2 0.010000 0.055374 580.000000 0.000000 0.001414 0.372603 3.822937
alpha2 0.010000 0.055374 585.000000 0.000000 0.001371 0.351278 3.782823
alpha2 0.010000 0.055374 590.000000 0.000000 0.001334 0.331185 3.742961
alpha2 0.010000 0.055374 595.000000 0.000000 0.001302 0.312252 3.703361
alpha2 0.010000 0.055374 600.000000 0.000000 0.001274 0.294414 3.664031
alpha2 0.010000 0.055374 605.000000 0.000000 0.001251 0.277608 3.624979
alpha2 0.010000 0.055374 610.000000 0.000000 0.001230 0.261774 3.586211
alpha2 0.010000 0.055374 615.000000 0.000000 0.001213 0.246858 3.547733
alpha2 0.010000 0.055374 620.000000 0.000000 0.001197 0.232806 3.509552
alpha2 0.010000 0.055374 625.000000 0.000000 0.001184 0.219568 3.471671
alpha2 0.010000 0.055374 630.000000 0.000000 0.001173 0.207098 3.434096
alpha2 0.010000 0.055374 635.000000 0.000000 0.001164 0.195352 3.396830
alpha2 0.010000 0.055374 640.000000 0.000000 0.001155 0.184287 3.359877
alpha2 0.010000 0.055374 645.000000 0.000000 0.001148 0.173864 3.323240
alpha2 0.010000 0.055374 650.000000 0.000000 0.001142 0.164047 3.286921
alpha2 0.010000 0.055374 655.000000 0.000000 0.001137 0.154800 3.250922
alpha2 0.010000 0.055374 660.000000 0.000000 0.001132 0.146090 3.215246
alpha2 0.010000 0.055374 665.000000 0.000000 0.001128 0.137886 3.179894
alpha2 0.010000 0.055374 670.000000 0.000000 0.001125 0.130159 3.144867
alpha2 0.010000 0.055374 675.000000 0.000000 0.001122 0.122881 3.110165
alpha2 0.010000 0.055374 680.000000 0.000000 0.001119 0.116026 3.075791
alpha2 0.010000 0.055374 685.000000 0.000000 0.001117 0.109570 3.041743
alpha2 0.010000 0.055374 690.000000 0.000000 0.001115 0.103489 3.008022
alpha2 0.010000 0.055374 695.000000 0.000000 0.001114 0.097762 2.974628
alpha2 0.010000 0.055374 700.000000 0.000000 0.001112 0.092368 2.941561
alpha2 0.010000 0.055374 705.000000 0.000000 0.001111 0.087287 2.908819
alpha2 0.010000 0.055374 710.000000 0.000000 0.001110 0.082503 2.876403
alpha2 0.010000 0.055374 715.000000 0.000000 0.001109 0.077996 2.844312
alpha2 0.010000 0.055374 720.000000 0.000000 0.001109 0.073752 2.812544
alpha2 0.010000 0.055374 725.000000 0.000000 0.001108 0.069755 2.781098
alpha2 0.010000 0.055374 730.000000 0.000000 0.001107 0.065990 2.749973
alpha2 0.010000 0.055374 735.000000 0.000000 0.001107 0.062445 2.719168
alpha2 0.010000 0.055374 740.000000 0.000000 0.001107 0.059106 2.688681
alpha2 0.010000 0.055374 745.000000 0.000000 0.001106 0.055961 2.658510
alpha2 0.010000 0.055374 750.000000 0.000000 0.001106 0.053000 2.628653
alpha2 0.010000 0.055374 755.000000 0.000000 0.001106 0.050210 2.599110
alpha2 0.010000 0.055374 760.000000 0.000000 0.001105 0.047583 2.569877
alpha2 0.010000 0.055374 765.000000 0.000000 0.001105 0.045109 2.540954
alpha2 0.010000 0.055374 770.000000 0.000000 0.001105 0.042779 2.512337
alpha2 0.010000 0.055374 775.000000 0.000000 0.001105 0.040585 2.484025
alpha2 0.010000 0.055374 780.000000 0.000000 0.001105 0.038519 2.456015
alpha2 0.010000 0.055374 785.000000 0.000000 0.001105 0.036572 2.428306
alpha2 0.010000 0.055374 790.000000 0.000000 0.001105 0.034739 2.400895
alpha2 0.010000 0.055374 795.000000 0.000000 0.001104 0.033013 2.373780
alpha2 0.010000 0.055374 800.000000 0.000000 0.001104 0.031387 2.346958
alpha2 0.010000 0.055374 805.000000 0.000000 0.001104 0.029856 2.320426
alpha2 0.010000 0.055374 810.000000 0.000000 0.001104 0.028414 2.294184
alpha2 0.010000 0.055374 815.000000 0.000000 0.001104 0.027056 2.268228
alpha2 0.010000 0.055374 820.000000 0.000000 0.001104 0.025778 2.242555
alpha2 0.010000 0.055374 825.000000 0.000000 0.001104 0.024573 2.217164
alpha2 0.010000 0.055374 830.000000 0.000000 0.001104 0.023439 2.192051
alpha2 0.010000 0.055374 835.000000 0.000000 0.001104 0.022371 2.167214
alpha2 0.010000 0.055374 840.000000 0.000000 0.001104 0.021365 2.142652
alpha2 0.010000 0.055374 845.000000 0.000000 0.001104 0.020417 2.118360
alpha2 0.010000 0.055374 850.000000 0.000000 0.001104 0.019525 2.094337
alpha2 0.010000 0.055374 855.000000 0.000000 0.001104 0.018684 2.070580
alpha2 0.010000 0.055374 860.000000 0.000000 0.001104 0.017893 2.047086
alpha2 0.010000 0.055374 865.000000 0.000000 0.001104 0.017148 2.023854
alpha2 0.010000 0.055374 870.000000 0.000000 0.001104 0.016446 2.000880
alpha2 0.010000 0.055374 875.000000 0.000000 0.001104 0.015785 1.978162
alpha2 0.010000 0.055374 880.000000 0.000000 0.001104 0.015162 1.955697
alpha2 0.010000 0.055374 885.000000 0.000000 0.001104 0.014576 1.933483
alpha2 0.010000 0.055374 890.000000 0.000000 0.001104 0.014024 1.911517
alpha2 0.010000 0.055374 895.000000 0.000000 0.001104 0.013504 1.889798
alpha2 0.010000 0.055374 900.000000 0.000000 0.001104 0.013014 1.868321
alpha2 0.010000 0.055374 905.000000 0.000000 0.001104 0.012553 1.847086
alpha2 0.010000 0.055374 910.000000 0.000000 0.001104 0.012119 1.826089
alpha2 0.010000 0.055374 915.000000 0.000000 0.001104 0.011710 1.805327
alpha2 0.010000 0.055374 920.000000 0.000000 0.001104 0.011324 1.784799
alpha2 0.010000 0.055374 925.000000 0.000000 0.001104 0.010961 1.764503
alpha2 0.010000 0.055374 930.000000 0.000000 0.001104 0.010620 1.744434
alpha2 0.010000 0.055374 935.000000 0.000000 0.001104 0.010298 1.724592
alpha2 0.010000 0.055374 940.000000 0.000000 0.001104 0.009995 1.704974
alpha2 0.010000 0.055374 945.000000 0.000000 0.001104 0.009710 1.685577
alpha2 0.010000 0.055374 950.000000 0.000000 0.001104 0.009441 1.666399
alpha2 0.010000 0.055374 955.000000 0.000000 0.001104 0.009188 1.647438
alpha2 0.010000 0.055374 960.000000 0.000000 0.001104 0.008949 1.628691
alpha2 0.010000 0.055374 965.000000 0.000000 0.001104 0.008725 1.610156
alpha2 0.010000 0.055374 970.000000 0.000000 0.001104 0.008513 1.591831
alpha2 0.010000 0.055374 975.000000 0.000000 0.001104 0.008314 1.573714
alpha2 0.010000 0.055374 980.000000 0.000000 0.001104 0.008127 1.555801
alpha2 0.010000 0.055374 985.000000 0.000000 0.001104 0.007950 1.538092
alpha2 0.010000 0.055374 990.000000 0.000000 0.001104 0.007784 1.520583
alpha2 0.010000 0.055374 995.000000 0.000000 0.001104 0.007627 1.503273
alpha2 0.010000 0.055374 1000.000000 0.000000 0.001104 0.007480 1.486160
alpha2 0.010000 0.055374 1005.000000 0.000000 0.001104 0.007341 1.469241
alpha2 0.010000 0.055374 1010.000000 0.000000 0.001104 0.007210 1.452513
alpha2 0.010000 0.055374 1015.000000 0.000000 0.001104 0.007087 1.435976
alpha2 0.010000 0.055374 1020.000000 0.000000 0.001104 0.006971 1.419627
alpha2 0.010000 0.055374 1025.000000 0.000000 0.001104 0.006862 1.403464
alpha2 0.010000 0.055374 1030.000000 0.000000 0.001104 0.006759 1.387484
alpha2 0.010000 0.055374 1035.000000 0.000000 0.001104 0.006662 1.371686
alpha2 0.010000 0.055374 1040.000000 0.000000 0.001104 0.006571 1.356068
alpha2 0.010000 0.055374 1045.000000 0.000000 0.001104 0.006485 1.340627
alpha2 0.010000 0.055374 1050.000000 0.000000 0.001104 0.006404 1.325362
alpha2 0.010000 0.055374 1055.000000 0.000000 0.001104 0.006327 1.310271
alpha2 0.010000 0.055374 1060.000000 0.000000 0.001104 0.006256 1.295352
alpha2 0.010000 0.055374 1065.000000 0.000000 0.001104 0.006188 1.280603
alpha2 0.010000 0.055374 1070.000000 0.000000 0.001104 0.006124 1.266021
alpha2 0.010000 0.055374 1075.000000 0.000000 0.001104 0.006064 1.251606
alpha2 0.010000 0.055374 1080.000000 0.000000 0.001104 0.006008 1.237355
alpha2 0.010000 0.055374 1085.000000 0.000000 0.001104 0.005955 1.223266
alpha2 0.010000 0.055374 1090.000000 0.000000 0.001104 0.005905 1.209338
alpha2 0.010000 0.055374 1095.000000 0.000000 0.001104 0.005857 1.195569
alpha2 0.010000 0.055374 1100.000000 0.000000 0.001104 0.005813 1.181957
alpha2 0.010000 0.055374 1105.000000 0.000000 0.001104 0.005771 1.168500
alpha2 0.010000 0.055374 1110.000000 0.000000 0.001104 0.005732 1.155196
alpha2 0.010000 0.055374 1115.000000 0.000000 0.001104 0.005695 1.142044
alpha2 0.010000 0.055374 1120.000000 0.000000 0.001104 0.005660 1.129042
alpha2 0.010000 0.055374 1125.000000 0.000000 0.001104 0.005627 1.116189
alpha2 0.010000 0.055374 1130.000000 0.000000 0.001104 0.005596 1.103482
alpha2 0.010000 0.055374 1135.000000 0.000000 0.001104 0.005567 1.090920
alpha2 0.010000 0.055374 1140.000000 0.000000 0.001104 0.005539 1.078502
alpha2 0.010000 0.055374 1145.000000 0.000000 0.001104 0.005513 1.066225
alpha2 0.010000 0.055374 1150.000000 0.000000 0.001104 0.005489 1.054088
alpha2 0.010000 0.055374 1155.000000 0.000000 0.001104 0.005466 1.042090
alpha2 0.010000 0.055374 1160.000000 0.000000 0.001104 0.005444 1.030229
alpha2 0.010000 0.055374 1165.000000 0.000000 0.001104 0.005424 1.018503
alpha2 0.010000 0.055374 1170.000000 0.000000 0.001104 0.005405 1.006911
alpha2 0.010000 0.055374 1175.000000 0.000000 0.001104 0.005387 0.995452
alpha2 0.010000 0.055374 1180.000000 0.000000 0.001104 0.005370 0.984123
alpha2 0.010000 0.055374 1185.000000 0.000000 0.001104 0.005354 0.972924
alpha2 0.010000 0.055374 1190.000000 0.000000 0.001104 0.005338 0.961853
alpha2 0.010000 0.055374 1195.000000 0.000000 0.001104 0.005324 0.950908
alpha2 0.010000 0.055374 1200.000000 0.000000 0.001104 0.005311 0.940088
alpha2 0.010000 0.055374 1205.000000 0.000000 0.001104 0.005298 0.929391
alpha2 0.010000 0.055374 1210.000000 0.000000 0.001104 0.005286 0.918817
alpha2 0.010000 0.055374 1215.000000 0.000000 0.001104 0.005275 0.908364
alpha2 0.010000 0.055374 1220.000000 0.000000 0.001104 0.005265 0.898030
alpha2 0.010000 0.055374 1225.000000 0.000000 0.001104 0.005255 0.887814
alpha2 0.010000 0.055374 1230.000000 0.000000 0.001104 0.005245 0.877715
alpha2 0.010000 0.055374 1235.000000 0.000000 0.001104 0.005237 0.867731
alpha2 0.010000 0.055374 1240.000000 0.000000 0.001104 0.005228 0.857861
alpha2 0.010000 0.055374 1245.000000 0.000000 0.001104 0.005221 0.848104
alpha2 0.010000 0.055374 1250.000000 0.000000 0.001104 0.005213 0.838459
alpha2 0.010000 0.055374 1255.000000 0.000000 0.001104 0.005206 0.828924
alpha2 0.010000 0.055374 1260.000000 0.000000 0.001104 0.005200 0.819497
alpha2 0.010000 0.055374 1265.000000 0.000000 0.001104 0.005194 0.810179
alpha2 0.010000 0.055374 1270.000000 0.000000 0.001104 0.005188 0.800967
alpha2 0.010000 0.055374 1275.000000 0.000000 0.001104 0.005182 0.791860
alpha2 0.010000 0.055374 1280.000000 0.000000 0.001104 0.005177 0.782857
alpha2 0.010000 0.055374 1285.000000 0.000000 0.001104 0.005173 0.773957
alpha2 0.010000 0.055374 1290.000000 0.000000 0.001104 0.005168 0.765159
alpha2 0.010000 0.055374 1295.000000 0.000000 0.001104 0.005164 0.756462
alpha2 0.010000 0.055374 1300.000000 0.000000 0.001104 0.005160 0.747863
alpha2 0.010000 0.055374 1305.000000 0.000000 0.001104 0.005156 0.739364
alpha2 0.010000 0.055374 1310.000000 0.000000 0.001104 0.005152 0.730961
alpha2 0.010000 0.055374 1315.000000 0.000000 0.001104 0.005149 0.722654
alpha2 0.010000 0.055374 1320.000000 0.000000 0.001104 0.005146 0.714442
alpha2 0.010000 0.055374 1325.000000 0.000000 0.001104 0.005143 0.706325
alpha2 0.010000 0.055374 1330.000000 0.000000 0.001104 0.005140 0.698299
alpha2 0.010000 0.055374 1335.000000 0.000000 0.001104 0.005137 0.690366
alpha2 0.010000 0.055374 1340.000000 0.000000 0.001104 0.005135 0.682523
alpha2 0.010000 0.055374 1345.000000 0.000000 0.001104 0.005132 0.674770
alpha2 0.010000 0.055374 1350.000000 0.000000 0.001104 0.005130 0.667106
alpha2 0.010000 0.055374 1355.000000 0.000000 0.001104 0.005128 0.659529
alpha2 0.010000 0.055374 1360.000000 0.000000 0.001104 0.005126 0.652039
alpha2 0.010000 0.055374 1365.000000 0.000000 0.001104 0.005124 0.644635
alpha2 0.010000 0.055374 1370.000000 0.000000 0.001104 0.005123 0.637315
alpha2 0.010000 0.055374 1375.000000 0.000000 0.001104 0.005121 0.630078
alpha2 0.010000 0.055374 1380.000000 0.000000 0.001104 0.005119 0.622925
alpha2 0.010000 0.055374 1385.000000 0.000000 0.001104 0.005118 0.615853
alpha2 0.010000 0.055374 1390.000000 0.000000 0.001104 0.005117 0.608862
alpha2 0.010000 0.055374 1395.000000 0.000000 0.001104 0.005115 0.601951
alpha2 0.010000 0.055374 1400.000000 0.000000 0.001104 0.005114 0.595120
alpha2 0.010000 0.055374 1405.000000 0.000000 0.001104 0.005113 0.588366
alpha2 0.010000 0.055374 1410.000000 0.000000 0.001104 0.005112 0.581689
alpha2 0.010000 0.055374 1415.000000 0.000000 0.001104 0.005111 0.575089
alpha2 0.010000 0.055374 1420.000000 0.000000 0.001104 0.005110 0.568564
alpha2 0.010000 0.055374 1425.000000 0.000000 0.001104 0.005109 0.562114
alpha2 0.010000 0.055374 1430.000000 0.000000 0.001104 0.005108 0.555737
alpha2 0.010000 0.055374 1435.000000 0.000000 0.001104 0.005107 0.549434
alpha2 0.010000 0.055374 1440.000000 0.000000 0.001104 0.005107 0.543202
alpha2 0.010000 0.055374 1445.000000 0.000000 0.001104 0.005106 0.537042
alpha2 0.010000 0.055374 1450.000000 0.000000 0.001104 0.005105 0.530952
alpha2 0.010000 0.055374 1455.000000 0.000000 0.001104 0.005105 0.524932
alpha2 0.010000 0.055374 1460.000000 0.000000 0.001104 0.005104 0.518980
alpha2 0.010000 0.055374 1465.000000 0.000000 0.001104 0.005103 0.513097
alpha2 0.010000 0.055374 1470.000000 0.000000 0.001104 0.005103 0.507281
alpha2 0.010000 0.055374 1475.000000 0.000000 0.001104 0.005102 0.501531
alpha2 0.010000 0.055374 1480.000000 0.000000 0.001104 0.005102 0.495848
alpha2 0.010000 0.055374 1485.000000 0.000000 0.001104 0.005102 0.490229
alpha2 0.010000 0.055374 1490.000000 0.000000 0.001104 0.005101 0.484674
alpha2 0.010000 0.055374 1495.000000 0.000000 0.001104 0.005101 0.479183
alpha2 0.010000 0.055374 1500.000000 0.000000 0.001104 0.005100 0.473755
alpha2 0.010000 0.055374 1505.000000 0.000000 0.001104 0.005100 0.468388
alpha2 0.010000 0.055374 1510.000000 0.000000 0.001104 0.005100 0.463084
alpha2 0.010000 0.055374 1515.000000 0.000000 0.001104 0.005099 0.457839
alpha2 0.010000 0.055374 1520.000000 0.000000 0.001104 0.005099 0.452655
alpha2 0.010000 0.055374 1525.000000 0.000000 0.001104 0.005099 0.447530
alpha2 0.010000 0.055374 1530.000000 0.000000 0.001104 0.005099 0.442464
alpha2 0.010000 0.055374 1535.000000 0.000000 0.001104 0.005098 0.437455
alpha2 0.010000 0.055374 1540.000000 0.000000 0.001104 0.005098 0.432504
alpha2 0.010000 0.055374 1545.000000 0.000000 0.001104 0.005098 0.427609
alpha2 0.010000 0.055374 1550.000000 0.000000 0.001104 0.005098 0.422771
alpha2 0.010000 0.055374 1555.000000 0.000000 0.001104 0.005098 0.417987
alpha2 0.010000 0.055374 1560.000000 0.000000 0.001104 0.005097 0.413259
alpha2 0.010000 0.055374 1565.000000 0.000000 0.001104 0.005097 0.408584
alpha2 0.010000 0.055374 1570.000000 0.000000 0.001104 0.005097 0.403963
alpha2 0.010000 0.055374 1575.000000 0.000000 0.001104 0.005097 0.399395
alpha2 0.010000 0.055374 1580.000000 0.000000 0.001104 0.005097 0.394879
alpha2 0.010000 0.055374 1585.000000 0.000000 0.001104 0.005097 0.390414
alpha2 0.010000 0.055374 1590.000000 0.000000 0.001104 0.005096 0.386001
alpha2 0.010000 0.055374 1595.000000 0.000000 0.001104 0.005096 0.381638
alpha2 0.010000 0.055374 1600.000000 0.000000 0.001104 0.005096 0.377325
alpha2 0.010000 0.055374 1605.000000 0.000000 0.001104 0.005096 0.373061
alpha2 0.010000 0.055374 1610.000000 0.000000 0.001104 0.005096 0.368846
alpha2 0.010000 0.055374 1615.000000 0.000000 0.001104 0.005096 0.364680
alpha2 0.010000 0.055374 1620.000000 0.000000 0.001104 0.005096 0.360560
alpha2 0.010000 0.055374 1625.000000 0.000000 0.001104 0.005096 0.356488
alpha2 0.010000 0.055374 1630.000000 0.000000 0.001104 0.005096 0.352463
alpha2 0.010000 0.055374 1635.000000 0.000000 0.001104 0.005096 0.348484
alpha2 0.010000 0.055374 1640.000000 0.000000 0.001104 0.005096 0.344550
alpha2 0.010000 0.055374 1645.000000 0.000000 0.001104 0.005095 0.340661
alpha2 0.010000 0.055374 1650.000000 0.000000 0.001104 0.005095 0.336816
alpha2 0.010000 0.055374 1655.000000 0.000000 0.001104 0.005095 0.333016
alpha2 0.010000 0.055374 1660.000000 0.000000 0.001104 0.005095 0.329259
alpha2 0.010000 0.055374 1665.000000 0.000000 0.001104 0.005095 0.325544
alpha2 0.010000 0.055374 1670.000000 0.000000 0.001104 0.005095 0.321873
alpha2 0.010000 0.055374 1675.000000 0.000000 0.001104 0.005095 0.318243
alpha2 0.010000 0.055374 1680.000000 0.000000 0.001104 0.005095 0.314655
alpha2 0.010000 0.055374 1685.000000 0.000000 0.001104 0.005095 0.311108
alpha2 0.010000 0.055374 1690.000000 0.000000 0.001104 0.005095 0.307601
alpha2 0.010000 0.055374 1695.000000 0.000000 0.001104 0.005095 0.304135
alpha2 0.010000 0.055374 1700.000000 0.000000 0.001104 0.005095 0.300708
alpha2 0.010000 0.055374 1705.000000 0.000000 0.001104 0.005095 0.297320
alpha2 0.010000 0.055374 1710.000000 0.000000 0.001104 0.005095 0.293971
alpha2 0.010000 0.055374 1715.000000 0.000000 0.001104 0.005095 0.290661
alpha2 0.010000 0.055374 1720.000000 0.000000 0.001104 0.005095 0.287388
alpha2 0.010000 0.055374 1725.000000 0.000000 0.001104 0.005095 0.284152
alpha2 0.010000 0.055374 1730.000000 0.000000 0.001104 0.005095 0.280954
alpha2 0.010000 0.055374 1735.000000 0.000000 0.001104 0.005095 0.277792
alpha2 0.010000 0.055374 1740.000000 0.000000 0.001104 0.005095 0.274667
alpha2 0.010000 0.055374 1745.000000 0.000000 0.001104 0.005095 0.271577
alpha2 0.010000 0.055374 1750.000000 0.000000 0.001104 0.005095 0.268522
alpha2 0.010000 0.055374 1755.000000 0.000000 0.001104 0.005095 0.265502
alpha2 0.010000 0.055374 1760.000000 0.000000 0.001104 0.005095 0.262517
alpha2 0.010000 0.055374 1765.000000 0.000000 0.001104 0.005095 0.259566
alpha2 0.010000 0.055374 1770.000000 0.000000 0.001104 0.005095 0.256649
alpha2 0.010000 0.055374 1775.000000 0.000000 0.001104 0.005095 0.253765
alpha2 0.010000 0.055374 1780.000000 0.000000 0.001104 0.005095 0.250914
alpha2 0.010000 0.055374 1785.000000 0.000000 0.001104 0.005095 0.248096
alpha2 0.010000 0.055374 1790.000000 0.000000 0.001104 0.005095 0.245310
alpha2 0.010000 0.055374 1795.000000 0.000000 0.001104 0.005095 0.242556
alpha2 0.010000 0.055374 1800.000000 0.000000 0.001104 0.005095 0.239833
alpha2 0.010000 0.055374 1805.000000 0.000000 0.001104 0.005095 0.237141
alpha2 0.010000 0.055374 1810.000000 0.000000 0.001104 0.005095 0.234480
alpha2 0.010000 0.055374 1815.000000 0.000000 0.001104 0.005095 0.231850
alpha2 0.010000 0.055374 1820.000000 0.000000 0.001104 0.005095 0.229250
alpha2 0.010000 0.055374 1825.000000 0.000000 0.001104 0.005095 0.226679
alpha2 0.010000 0.055374 1830.000000 0.000000 0.001104 0.005095 0.224138
alpha2 0.010000 0.055374 1835.000000 0.000000 0.001104 0.005095 0.221626
alpha2 0.010000 0.055374 1840.000000 0.000000 0.001104 0.005094 0.219142
alpha2 0.010000 0.055374 1845.000000 0.000000 0.001104 0.005094 0.216687
alpha2 0.010000 0.055374 1850.000000 0.000000 0.001104 0.005094 0.214260
alpha2 0.010000 0.055374 1855.000000 0.000000 0.001104 0.005094 0.211861
alpha2 0.010000 0.055374 1860.000000 0.000000 0.001104 0.005094 0.209489
alpha2 0.010000 0.055374 1865.000000 0.000000 0.001104 0.005094 0.207144
alpha2 0.010000 0.055374 1870.000000 0.000000 0.001104 0.005094 0.204827
alpha2 0.010000 0.055374 1875.000000 0.000000 0.001104 0.005094 0.202535
alpha2 0.010000 0.055374 1880.000000 0.000000 0.001104 0.005094 0.200270
alpha2 0.010000 0.055374 1885.000000 0.000000 0.001104 0.005094 0.198031
alpha2 0.010000 0.055374 1890.000000 0.000000 0.001104 0.005094 0.195817
alpha2 0.010000 0.055374 1895.000000 0.000000 0.001104 0.005094 0.193629
alpha2 0.010000 0.055374 1900.000000 0.000000 0.001104 0.005094 0.191466
alpha2 0.010000 0.055374 1905.000000 0.000000 0.001104 0.005094 0.189327
alpha2 0.010000 0.055374 1910.000000 0.000000 0.001104 0.005094 0.187213
alpha2 0.010000 0.055374 1915.000000 0.000000 0.001104 0.005094 0.185123
alpha2 0.010000 0.055374 1920.000000 0.000000 0.001104 0.005094 0.183057
alpha2 0.010000 0.055374 1925.000000 0.000000 0.001104 0.005094 0.181014
alpha2 0.010000 0.055374 1930.000000 0.000000 0.001104 0.005094 0.178995
alpha2 0.010000 0.055374 1935.000000 0.000000 0.001104 0.005094 0.176999
alpha2 0.010000 0.055374 1940.000000 0.000000 0.001104 0.005094 0.175026
alpha2 0.010000 0.055374 1945.000000 0.000000 0.001104 0.005094 0.173075
alpha2 0.010000 0.055374 1950.000000 0.000000 0.001104 0.005094 0.171147
alpha2 0.010000 0.055374 1955.000000 0.000000 0.001104 0.005094 0.169241
alpha2 0.010000 0.055374 1960.000000 0.000000 0.001104 0.005094 0.167356
alpha2 0.010000 0.055374 1965.000000 0.000000 0.001104 0.005094 0.165493
alpha2 0.010000 0.055374 1970.000000 0.000000 0.001104 0.005094 0.163652
alpha2 0.010000 0.055374 1975.000000 0.000000 0.001104 0.005094 0.161831
alpha2 0.010000 0.055374 1980.000000 0.000000 0.001104 0.005094 0.160032
alpha2 0.010000 0.055374 1985.000000 0.000000 0.001104 0.005094 0.158252
alpha2 0.010000 0.055374 1990.000000 0.000000 0.001104 0.005094 0.156494
alpha2 0.010000 0.055374 1995.000000 0.000000 0.001104 0.005094 0.154755
alpha2 0.010000 0.055374 2000.000000 0.000000 0.001104 0.005094 0.153036
alpha2 0.010000 0.055374 2005.000000 0.000000 0.001104 0.005094 0.151337
alpha2 0.010000 0.055374 2010.000000 0.000000 0.001104 0.005094 0.149657
alpha2 0.010000 0.055374 2015.000000 0.000000 0.001104 0.005094 0.147997
alpha2 0.010000 0.055374 2020.000000 0.000000 0.001104 0.005094 0.146355
alpha2 0.010000 0.055374 2025.000000 0.000000 0.001104 0.005094 0.144732
alpha2 0.010000 0.055374 2030.000000 0.000000 0.001104 0.005094 0.143128
alpha2 0.010000 0.055374 2035.000000 0.000000 0.001104 0.005094 0.141542
alpha2 0.010000 0.055374 2040.000000 0.000000 0.001104 0.005094 0.139974
alpha2 0.010000 0.055374 2045.000000 0.000000 0.001104 0.005094 0.138425
alpha2 0.010000 0.055374 2050.000000 0.000000 0.001104 0.005094 0.136892
alpha2 0.010000 0.055374 2055.000000 0.000000 0.001104 0.005094 0.135378
alpha2 0.010000 0.055374 2060.000000 0.000000 0.001104 0.005094 0.133881
alpha2 0.010000 0.055374 2065.000000 0.000000 0.001104 0.005094 0.132400
alpha2 0.010000 0.055374 2070.000000 0.000000 0.001104 0.005094 0.130937
alpha2 0.010000 0.055374 2075.000000 0.000000 0.001104 0.005094 0.129491
alpha2 0.010000 0.055374 2080.000000 0.000000 0.001104 0.005094 0.128061
alpha2 0.010000 0.055374 2085.000000 0.000000 0.001104 0.005094 0.126647
alpha2 0.010000 0.055374 2090.000000 0.000000 0.001104 0.005094 0.125250
alpha2 0.010000 0.055374 2095.000000 0.000000 0.001104 0.005094 0.123868
alpha2 0.010000 0.055374 2100.000000 0.000000 0.001104 0.005094 0.122503
alpha2 0.010000 0.055374 2105.000000 0.000000 0.001104 0.005094 0.121152
alpha2 0.010000 0.055374 2110.000000 0.000000 0.001104 0.005094 0.119818
alpha2 0.010000 0.055374 2115.000000 0.000000 0.001104 0.005094 0.118498
alpha2 0.010000 0.055374 2120.000000 0.000000 0.001104 0.005094 0.117194
alpha2 0.010000 0.055374 2125.000000 0.000000 0.001104 0.005094 0.115905
alpha2 0.010000 0.055374 2130.000000 0.000000 0.001104 0.005094 0.114630
alpha2 0.010000 0.055374 2135.000000 0.000000 0.001104 0.005094 0.113370
alpha2 0.010000 0.055374 2140.000000 0.000000 0.001104 0.005094 0.112125
alpha2 0.010000 0.055374 2145.000000 0.000000 0.001104 0.005094 0.110893
alpha2 0.010000 0.055374 2150.000000 0.000000 0.001104 0.005094 0.109676
alpha2 0.010000 0.055374 2155.000000 0.000000 0.001104 0.005094 0.108472
alpha2 0.010000 0.055374 2160.000000 0.000000 0.001104 0.005094 0.107283
alpha2 0.010000 0.055374 2165.000000 0.000000 0.001104 0.005094 0.106107
alpha2 0.010000 0.055374 2170.000000 0.000000 0.001104 0.005094 0.104944
alpha2 0.010000 0.055374 2175.000000 0.000000 0.001104 0.005094 0.103795
alpha2 0.010000 0.055374 2180.000000 0.000000 0.001104 0.005094 0.102659
alpha2 0.010000 0.055374 2185.000000 0.000000 0.001104 0.005094 0.101536
alpha2 0.010000 0.055374 2190.000000 0.000000 0.001104 0.005094 0.100425
alpha2 0.010000 0.055374 2195.000000 0.000000 0.001104 0.005094 0.099328
alpha2 0.010000 0.055374 2200.000000 0.000000 0.001104 0.005094 0.098243
alpha2 0.010000 0.055374 2205.000000 0.000000 0.001104 0.005094 0.097170
alpha2 0.010000 0.055374 2210.000000 0.000000 0.001104 0.005094 0.096110
alpha2 0.010000 0.055374 2215.000000 0.000000 0.001104 0.005094 0.095061
alpha2 0.010000 0.055374 2220.000000 0.000000 0.001104 0.005094 0.094025
alpha2 0.010000 0.055374 2225.000000 0.000000 0.001104 0.005094 0.093001
alpha2 0.010000 0.055374 2230.000000 0.000000 0.001104 0.005094 0.091988
alpha2 0.010000 0.055374 2235.000000 0.000000 0.001104 0.005094 0.090987
alpha2 0.010000 0.055374 2240.000000 0.000000 0.001104 0.005094 0.089997
alpha2 0.010000 0.055374 2245.000000 0.000000 0.001104 0.005094 0.089019
alpha2 0.010000 0.055374 2250.000000 0.000000 0.001104 0.005094 0.088051
alpha2 0.010000 0.055374 2255.000000 0.000000 0.001104 0.005094 0.087095
alpha2 0.010000 0.055374 2260.000000 0.000000 0.001104 0.005094 0.086150
alpha2 0.010000 0.055374 2265.000000 0.000000 0.001104 0.005094 0.085216
alpha2 0.010000 0.055374 2270.000000 0.000000 0.001104 0.005094 0.084292
alpha2 0.010000 0.055374 2275.000000 0.000000 0.001104 0.005094 0.083379
alpha2 0.010000 0.055374 2280.000000 0.000000 0.001104 0.005094 0.082476
alpha2 0.010000 0.055374 2285.000000 0.000000 0.001104 0.005094 0.081584
alpha2 0.010000 0.055374 2290.000000 0.000000 0.001104 0.005094 0.080701
alpha2 0.010000 0.055374 2295.000000 0.000000 0.001104 0.005094 0.079829
alpha2 0.010000 0.055374 2300.000000 0.000000 0.001104 0.005094 0.078967
alpha2 0.010000 0.055374 2305.000000 0.000000 0.001104 0.005094 0.078115
alpha2 0.010000 0.055374 2310.000000 0.000000 0.001104 0.005094 0.077272
alpha2 0.010000 0.055374 2315.000000 0.000000 0.001104 0.005094 0.076440
alpha2 0.010000 0.055374 2320.000000 0.000000 0.001104 0.005094 0.075616
alpha2 0.010000 0.055374 2325.000000 0.000000 0.001104 0.005094 0.074802
alpha2 0.010000 0.055374 2330.000000 0.000000 0.001104 0.005094 0.073998
alpha2 0.010000 0.055374 2335.000000 0.000000 0.001104 0.005094 0.073202
alpha2 0.010000 0.055374 2340.000000 0.000000 0.001104 0.005094 0.072416
alpha2 0.010000 0.055374 2345.000000 0.000000 0.001104 0.005094 0.071638
alpha2 0.010000 0.055374 2350.000000 0.000000 0.001104 0.005094 0.070870
alpha2 0.010000 0.055374 2355.000000 0.000000 0.001104 0.005094 0.070110
alpha2 0.010000 0.055374 2360.000000 0.000000 0.001104 0.005094 0.069359
alpha2 0.010000 0.055374 2365.000000 0.000000 0.001104 0.005094 0.068617
alpha2 0.010000 0.055374 2370.000000 0.000000 0.001104 0.005094 0.067883
alpha2 0.010000 0.055374 2375.000000 0.000000 0.001104 0.005094 0.067157
alpha2 0.010000 0.055374 2380.000000 0.000000 0.001104 0.005094 0.066440
alpha2 0.010000 0.055374 2385.000000 0.000000 0.001104 0.005094 0.065731
alpha2 0.010000 0.055374 2390.000000 0.000000 0.001104 0.005094 0.065030
alpha2 0.010000 0.055374 2395.000000 0.000000 0.001104 0.005094 0.064337
alpha2 0.010000 0.055374 2400.000000 0.000000 0.001104 0.005094 0.063652
alpha2 0.010000 0.055374 2405.000000 0.000000 0.001104 0.005094 0.062975
alpha2 0.010000 0.055374 2410.000000 0.000000 0.001104 0.005094 0.062306
alpha2 0.010000 0.055374 2415.000000 0.000000 0.001104 0.005094 0.061644
alpha2 0.010000 0.055374 2420.000000 0.000000 0.001104 0.005094 0.060990
alpha2 0.010000 0.055374 2425.000000 0.000000 0.001104 0.005094 0.060343
alpha2 0.010000 0.055374 2430.000000 0.000000 0.001104 0.005094 0.059704
alpha2 0.010000 0.055374 2435.000000 0.000000 0.001104 0.005094 0.059072
alpha2 0.010000 0.055374 2440.000000 0.000000 0.001104 0.005094 0.058447
alpha2 0.010000 0.055374 2445.000000 0.000000 0.001104 0.005094 0.057829
alpha2 0.010000 0.055374 2450.000000 0.000000 0.001104 0.005094 0.057219
alpha2 0.010000 0.055374 2455.000000 0.000000 0.001104 0.005094 0.056615
alpha2 0.010000 0.055374 2460.000000 0.000000 0.001104 0.005094 0.056019
alpha2 0.010000 0.055374 2465.000000 0.000000 0.001104 0.005094 0.055429
alpha2 0.010000 0.055374 2470.000000 0.000000 0.001104 0.005094 0.054846
alpha2 0.010000 0.055374 2475.000000 0.000000 0.001104 0.005094 0.054269
alpha2 0.010000 0.055374 2480.000000 0.000000 0.001104 0.005094 0.053699
alpha2 0.010000 0.055374 2485.000000 0.000000 0.001104 0.005094 0.053136
alpha2 0.010000 0.055374 2490.000000 0.000000 0.001104 0.005094 0.052579
alpha2 0.010000 0.055374 2495.000000 0.000000 0.001104 0.005094 0.052028
alpha2 0.010000 0.055374 2500.000000 0.000000 0.001104 0.005094 0.051484
alpha2 0.010000 0.055374 2505.000000 0.000000 0.001104 0.005094 0.050946
alpha2 0.010000 0.055374 2510.000000 0.000000 0.001104 0.005094 0.050414
alpha2 0.010000 0.055374 2515.000000 0.000000 0.001104 0.005094 0.049888
alpha2 0.010000 0.055374 2520.000000 0.000000 0.001104 0.005094 0.049369
alpha2 0.010000 0.055374 2525.000000 0.000000 0.001104 0.005094 0.048855
alpha2 0.010000 0.055374 2530.000000 0.000000 0.001104 0.005094 0.048347
alpha2 0.010000 0.055374 2535.000000 0.000000 0.001104 0.005094 0.047845
alpha2 0.010000 0.055374 2540.000000 0.000000 0.001104 0.005094 0.047348
alpha2 0.010000 0.055374 2545.000000 0.000000 0.001104 0.005094 0.046858
alpha2 0.010000 0.055374 2550.000000 0.000000 0.001104 0.005094 0.046372
alpha2 0.010000 0.055374 2555.000000 0.000000 0.001104 0.005094 0.045893
alpha2 0.010000 0.055374 2560.000000 0.000000 0.001104 0.005094 0.045419
alpha2 0.010000 0.055374 2565.000000 0.000000 0.001104 0.005094 0.044950
alpha2 0.010000 0.055374 2570.000000 0.000000 0.001104 0.005094 0.044487
alpha2 0.010000 0.055374 2575.000000 0.000000 0.001104 0.005094 0.044029
alpha2 0.010000 0.055374 2580.000000 0.000000 0.001104 0.005094 0.043576
alpha2 0.010000 0.055374 2585.000000 0.000000 0.001104 0.005094 0.043128
alpha2 0.010000 0.055374 2590.000000 0.000000 0.001104 0.005094 0.042686
alpha2 0.010000 0.055374 2595.000000 0.000000 0.001104 0.005094 0.042249
alpha2 0.010000 0.055374 2600.000000 0.000000 0.001104 0.005094 0.041816
alpha2 0.010000 0.055374 2605.000000 0.000000 0.001104 0.005094 0.041389
alpha2 0.010000 0.055374 2610.000000 0.000000 0.001104 0.005094 0.040966
alpha2 0.010000 0.055374 2615.000000 0.000000 0.001104 0.005094 0.040548
alpha2 0.010000 0.055374 2620.000000 0.000000 0.001104 0.005094 0.040135
alpha2 0.010000 0.055374 2625.000000 0.000000 0.001104 0.005094 0.039727
alpha2 0.010000 0.055374 2630.000000 0.000000 0.001104 0.005094 0.039323
alpha2 0.010000 0.055374 2635.000000 0.000000 0.001104 0.005094 0.038924
alpha2 0.010000 0.055374 2640.000000 0.000000 0.001104 0.005094 0.038530
alpha2 0.010000 0.055374 2645.000000 0.000000 0.001104 0.005094 0.038140
alpha2 0.010000 0.055374 2650.000000 0.000000 0.001104 0.005094 0.037755
alpha2 0.010000 0.055374 2655.000000 0.000000 0.001104 0.005094 0.037374
alpha2 0.010000 0.055374 2660.000000 0.000000 0.001104 0.005094 0.036997
alpha2 0.010000 0.055374 2665.000000 0.000000 0.001104 0.005094 0.036625
alpha2 0.010000 0.055374 2670.000000 0.000000 0.001104 0.005094 0.036257
alpha2 0.010000 0.055374 2675.000000 0.000000 0.001104 0.005094 0.035893
alpha2 0.010000 0.055374 2680.000000 0.000000 0.001104 0.005094 0.035533
alpha2 0.010000 0.055374 2685.000000 0.000000 0.001104 0.005094 0.035177
alpha2 0.010000 0.055374 2690.000000 0.000000 0.001104 0.005094 0.034826
alpha2 0.010000 0.055374 2695.000000 0.000000 0.001104 0.005094 0.034478
alpha2 0.010000 0.055374 2700.000000 0.000000 0.001104 0.005094 0.034135
alpha2 0.010000 0.055374 2705.000000 0.000000 0.001104 0.005094 0.033795
alpha2 0.010000 0.055374 2710.000000 0.000000 0.001104 0.005094 0.033459
alpha2 0.010000 0.055374 2715.000000 0.000000 0.001104 0.005094 0.033127
alpha2 0.010000 0.055374 2720.000000 0.000000 0.001104 0.005094 0.032799
alpha2 0.010000 0.055374 2725.000000 0.000000 0.001104 0.005094 0.032475
alpha2 0.010000 0.055374 2730.000000 0.000000 0.001104 0.005094 0.032154
alpha2 0.010000 0.055374 2735.000000 0.000000 0.001104 0.005094 0.031837
alpha2 0.010000 0.055374 2740.000000 0.000000 0.001104 0.005094 0.031524
alpha2 0.010000 0.055374 2745.000000 0.000000 0.001104 0.005094 0.031214
alpha2 0.010000 0.055374 2750.000000 0.000000 0.001104 0.005094 0.030908
alpha2 0.010000 0.055374 2755.000000 0.000000 0.001104 0.005094 0.030605
alpha2 0.010000 0.055374 2760.000000 0.000000 0.001104 0.005094 0.030306
alpha2 0.010000 0.055374 2765.000000 0.000000 0.001104 0.005094 0.030010
alpha2 0.010000 0.055374 2770.000000 0.000000 0.001104 0.005094 0.029717
alpha2 0.010000 0.055374 2775.000000 0.000000 0.001104 0.005094 0.029428
alpha2 0.010000 0.055374 2780.000000 0.000000 0.001104 0.005094 0.029142
alpha2 0.010000 0.055374 2785.000000 0.000000 0.001104 0.005094 0.028860
alpha2 0.010000 0.055374 2790.000000 0.000000 0.001104 0.005094 0.028580
alpha2 0.010000 0.055374 2795.000000 0.000000 0.001104 0.005094 0.028304
alpha2 0.010000 0.055374 2800.000000 0.000000 0.001104 0.005094 0.028031
alpha2 0.010000 0.055374 2805.000000 0.000000 0.001104 0.005094 0.027762
alpha2 0.010000 0.055374 2810.000000 0.000000 0.001104 0.005094 0.027495
alpha2 0.010000 0.055374 2815.000000 0.000000 0.001104 0.005094 0.027231
alpha2 0.010000 0.055374 2820.000000 0.000000 0.001104 0.005094 0.026970
alpha2 0.010000 0.055374 2825.000000 0.000000 0.001104 0.005094 0.026713
alpha2 0.010000 0.055374 2830.000000 0.000000 0.001104 0.005094 0.026458
alpha2 0.010000 0.055374 2835.000000 0.000000 0.001104 0.005094 0.026206
alpha2 0.010000 0.055374 2840.000000 0.000000 0.001104 0.005094 0.025957
alpha2 0.010000 0.055374 2845.000000 0.000000 0.001104 0.005094 0.025711
alpha2 0.010000 0.055374 2850.000000 0.000000 0.001104 0.005094 0.025467
alpha2 0.010000 0.055374 2855.000000 0.000000 0.001104 0.005094 0.025227
alpha2 0.010000 0.055374 2860.000000 0.000000 0.001104 0.005094 0.024989
alpha2 0.010000 0.055374 2865.000000 0.000000 0.001104 0.005094 0.024754
alpha2 0.010000 0.055374 2870.000000 0.000000 0.001104 0.005094 0.024522
alpha2 0.010000 0.055374 2875.000000 0.000000 0.001104 0.005094 0.024292
alpha2 0.010000 0.055374 2880.000000 0.000000 0.001104 0.005094 0.024065
alpha2 0.010000 0.055374 2885.000000 0.000000 0.001104 0.005094 0.023840
alpha2 0.010000 0.055374 2890.000000 0.000000 0.001104 0.005094 0.023618
alpha2 0.010000 0.055374 2895.000000 0.000000 0.001104 0.005094 0.023399
alpha2 0.010000 0.055374 2900.000000 0.000000 0.001104 0.005094 0.023182
alpha2 0.010000 0.055374 2905.000000 0.000000 0.001104 0.005094 0.022968
alpha2 0.010000 0.055374 2910.000000 0.000000 0.001104 0.005094 0.022756
alpha2 0.010000 0.055374 2915.000000 0.000000 0.001104 0.005094 0.022546
alpha2 0.010000 0.055374 2920.000000 0.000000 0.001104 0.005094 0.022339
alpha2 0.010000 0.055374 2925.000000 0.000000 0.001104 0.005094 0.022134
alpha2 0.010000 0.055374 2930.000000 0.000000 0.001104 0.005094 0.021932
alpha2 0.010000 0.055374 2935.000000 0.000000 0.001104 0.005094 0.021732
alpha2 0.010000 0.055374 2940.000000 0.000000 0.001104 0.005094 0.021534
alpha2 0.010000 0.055374 2945.000000 0.000000 0.001104 0.005094 0.021338
alpha2 0.010000 0.055374 2950.000000 0.000000 0.001104 0.005094 0.021145
alpha2 0.010000 0.055374 2955.000000 0.000000 0.001104 0.005094 0.020954
alpha2 0.010000 0.055374 2960.000000 0.000000 0.001104 0.005094 0.020765
alpha2 0.010000 0.055374 2965.000000 0.000000 0.001104 0.005094 0.020578
alpha2 0.010000 0.055374 2970.000000 0.000000 0.001104 0.005094 0.020394
alpha2 0.010000 0.055374 2975.000000 0.000000 0.001104 0.005094 0.020211
alpha2 0.010000 0.055374 2980.000000 0.000000 0.001104 0.005094 0.020031
alpha2 0.010000 0.055374 2985.000000 0.000000 0.001104 0.005094 0.019852
alpha2 0.010000 0.055374 2990.000000 0.000000 0.001104 0.005094 0.019676
alpha2 0.010000 0.055374 2995.000000 0.000000 0.001104 0.005094 0.019502
alpha2 0.010000 0.055374 3000.000000 0.000000 0.001104 0.005094 0.019329
alpha2 0.010000 0.055374 3005.000000 0.000000 0.001104 0.005094 0.019159
alpha2 0.010000 0.055374 3010.000000 0.000000 0.001104 0.005094 0.018990
alpha2 0.010000 0.055374 3015.000000 0.000000 0.001104 0.005094 0.018824
alpha2 0.010000 0.055374 3020.000000 0.000000 0.001104 0.005094 0.018659
alpha2 0.010000 0.055374 3025.000000 0.000000 0.001104 0.005094 0.018497
alpha2 0.010000 0.055374 3030.000000 0.000000 0.001104 0.005094 0.018336
alpha2 0.010000 0.055374 3035.000000 0.000000 0.001104 0.005094 0.018177
alpha2 0.010000 0.055374 3040.000000 0.000000 0.001104 0.005094 0.018020
alpha2 0.010000 0.055374 3045.000000 0.000000 0.001104 0.005094 0.017864
alpha2 0.010000 0.055374 3050.000000 0.000000 0.001104 0.005094 0.017711
alpha2 0.010000 0.055374 3055.000000 0.000000 0.001104 0.005094 0.017559
alpha2 0.010000 0.055374 3060.000000 0.000000 0.001104 0.005094 0.017409
alpha2 0.010000 0.055374 3065.000000 0.000000 0.001104 0.005094 0.017260
alpha2 0.010000 0.055374 3070.000000 0.000000 0.001104 0.005094 0.017114
alpha2 0.010000 0.055374 3075.000000 0.000000 0.001104 0.005094 0.016969
alpha2 0.010000 0.055374 3080.000000 0.000000 0.001104 0.005094 0.016825
alpha2 0.010000 0.055374 3085.000000 0.000000 0.001104 0.005094 0.016683
alpha2 0.010000 0.055374 3090.000000 0.000000 0.001104 0.005094 0.016543
alpha2 0.010000 0.055374 3095.000000 0.000000 0.001104 0.005094 0.016405
alpha2 0.010000 0.055374 3100.000000 0.000000 0.001104 0.005094 0.016268
alpha2 0.010000 0.055374 3105.000000 0.000000 0.001104 0.005094 0.016133
alpha2 0.010000 0.055374 3110.000000 0.000000 0.001104 0.005094 0.015999
alpha2 0.010000 0.055374 3115.000000 0.000000 0.001104 0.005094 0.015866
alpha2 0.010000 0.055374 3120.000000 0.000000 0.001104 0.005094 0.015736
alpha2 0.010000 0.055374 3125.000000 0.000000 0.001104 0.005094 0.015606
alpha2 0.010000 0.055374 3130.000000 0.000000 0.001104 0.005094 0.015479
alpha2 0.010000 0.055374 3135.000000 0.000000 0.001104 0.005094 0.015352
alpha2 0.010000 0.055374 3140.000000 0.000000 0.001104 0.005094 0.015227
alpha2 0.010000 0.055374 3145.000000 0.000000 0.001104 0.005094 0.015104
alpha2 0.010000 0.055374 3150.000000 0.000000 0.001104 0.005094 0.014982
alpha2 0.010000 0.055374 3155.000000 0.000000 0.001104 0.005094 0.014861
alpha2 0.010000 0.055374 3160.000000 0.000000 0.001104 0.005094 0.014742
alpha2 0.010000 0.055374 3165.000000 0.000000 0.001104 0.005094 0.014624
alpha2 0.010000 0.055374 3170.000000 0.000000 0.001104 0.005094 0.014508
alpha2 0.010000 0.055374 3175.000000 0.000000 0.001104 0.005094 0.014392
alpha2 0.010000 0.055374 3180.000000 0.000000 0.001104 0.005094 0.014278
alpha2 0.010000 0.055374 3185.000000 0.000000 0.001104 0.005094 0.014166
alpha2 0.010000 0.055374 3190.000000 0.000000 0.001104 0.005094 0.014054
alpha2 0.010000 0.055374 3195.000000 0.000000 0.001104 0.005094 0.013944
alpha2 0.010000 0.055374 3200.000000 0.000000 0.001104 0.005094 0.013836
alpha2 0.010000 0.055374 3205.000000 0.000000 0.001104 0.005094 0.013728
alpha2 0.010000 0.055374 3210.000000 0.000000 0.001104 0.005094 0.013622
alpha2 0.010000 0.055374 3215.000000 0.000000 0.001104 0.005094 0.013517
alpha2 0.010000 0.055374 3220.000000 0.000000 0.001104 0.005094 0.013413
alpha2 0.010000 0.055374 3225.000000 0.000000 0.001104 0.005094 0.013310
alpha2 0.010000 0.055374 3230.000000 0.000000 0.001104 0.005094 0.013209
alpha2 0.010000 0.055374 3235.000000 0.000000 0.001104 0.005094 0.013108
alpha2 0.010000 0.055374 3240.000000 0.000000 0.001104 0.005094 0.013009
alpha2 0.010000 0.055374 3245.000000 0.000000 0.001104 0.005094 0.012911
alpha2 0.010000 0.055374 3250.000000 0.000000 0.001104 0.005094 0.012814
alpha2 0.010000 0.055374 3255.000000 0.000000 0.001104 0.005094 0.012718
alpha2 0.010000 0.055374 3260.000000 0.000000 0.001104 0.005094 0.012623
alpha2 0.010000 0.055374 3265.000000 0.000000 0.001104 0.005094 0.012530
alpha2 0.010000 0.055374 3270.000000 0.000000 0.001104 0.005094 0.012437
alpha2 0.010000 0.055374 3275.000000 0.000000 0.001104 0.005094 0.012345
alpha2 0.010000 0.055374 3280.000000 0.000000 0.001104 0.005094 0.012255
alpha2 0.010000 0.055374 3285.000000 0.000000 0.001104 0.005094 0.012165
alpha2 0.010000 0.055374 3290.000000 0.000000 0.001104 0.005094 0.012077
alpha2 0.010000 0.055374 3295.000000 0.000000 0.001104 0.005094 0.011990
alpha2 0.010000 0.055374 3300.000000 0.000000 0.001104 0.005094 0.011903
alpha2 0.010000 0.055374 3305.000000 0.000000 0.001104 0.005094 0.011818
alpha2 0.010000 0.055374 3310.000000 0.000000 0.001104 0.005094 0.011733
alpha2 0.010000 0.055374 3315.000000 0.000000 0.001104 0.005094 0.011650
alpha2 0.010000 0.055374 3320.000000 0.000000 0.001104 0.005094 0.011567
alpha2 0.010000 0.055374 3325.000000 0.000000 0.001104 0.005094 0.011486
alpha2 0.010000 0.055374 3330.000000 0.000000 0.001104 0.005094 0.011405
alpha2 0.010000 0.055374 3335.000000 0.000000 0.001104 0.005094 0.011325
alpha2 0.010000 0.055374 3340.000000 0.000000 0.001104 0.005094 0.011246
alpha2 0.010000 0.055374 3345.000000 0.000000 0.001104 0.005094 0.011168
alpha2 0.010000 0.055374 3350.000000 0.000000 0.001104 0.005094 0.011091
alpha2 0.010000 0.055374 3355.000000 0.000000 0.001104 0.005094 0.011015
alpha2 0.010000 0.055374 3360.000000 0.000000 0.001104 0.005094 0.010940
alpha2 0.010000 0.055374 3365.000000 0.000000 0.001104 0.005094 0.010865
alpha2 0.010000 0.055374 3370.000000 0.000000 0.001104 0.005094 0.010792
alpha2 0.010000 0.055374 3375.000000 0.000000 0.001104 0.005094 0.010719
alpha2 0.010000 0.055374 3380.000000 0.000000 0.001104 0.005094 0.010647
alpha2 0.010000 0.055374 3385.000000 0.000000 0.001104 0.005094 0.010576
alpha2 0.010000 0.055374 3390.000000 0.000000 0.001104 0.005094 0.010506
alpha2 0.010000 0.055374 3395.000000 0.000000 0.001104 0.005094 0.010436
alpha2 0.010000 0.055374 3400.000000 0.000000 0.001104 0.005094 0.010368
alpha2 0.010000 0.055374 3405.000000 0.000000 0.001104 0.005094 0.010300
alpha2 0.010000 0.055374 3410.000000 0.000000 0.001104 0.005094 0.010233
alpha2 0.010000 0.055374 3415.000000 0.000000 0.001104 0.005094 0.010166
alpha2 0.010000 0.055374 3420.000000 0.000000 0.001104 0.005094 0.010101
alpha2 0.010000 0.055374 3425.000000 0.000000 0.001104 0.005094 0.010036
alpha2 0.010000 0.055374 3430.000000 0.000000 0.001104 0.005094 0.009972
alpha2 0.010000 0.055374 3435.000000 0.000000 0.001104 0.005094 0.009908
alpha2 0.010000 0.055374 3440.000000 0.000000 0.001104 0.005094 0.009846
alpha2 0.010000 0.055374 3445.000000 0.000000 0.001104 0.005094 0.009784
alpha2 0.010000 0.055374 3450.000000 0.000000 0.001104 0.005094 0.009723
alpha2 0.010000 0.055374 3455.000000 0.000000 0.001104 0.005094 0.009662
alpha2 0.010000 0.055374 3460.000000 0.000000 0.001104 0.005094 0.009602
alpha2 0.010000 0.055374 3465.000000 0.000000 0.001104 0.005094 0.009543
alpha2 0.010000 0.055374 3470.000000 0.000000 0.001104 0.005094 0.009485
alpha2 0.010000 0.055374 3475.000000 0.000000 0.001104 0.005094 0.009427
alpha2 0.010000 0.055374 3480.000000 0.000000 0.001104 0.005094 0.009370
alpha2 0.010000 0.055374 3485.000000 0.000000 0.001104 0.005094 0.009313
alpha2 0.010000 0.055374 3490.000000 0.000000 0.001104 0.005094 0.009257
alpha2 0.010000 0.055374 3495.000000 0.000000 0.001104 0.005094 0.009202
alpha2 0.010000 0.055374 3500.000000 0.000000 0.001104 0.005094 0.009148
alpha2 0.010000 0.055374 3505.000000 0.000000 0.001104 0.005094 0.009094
alpha2 0.010000 0.055374 3510.000000 0.000000 0.001104 0.005094 0.009040
alpha2 0.010000 0.055374 3515.000000 0.000000 0.001104 0.005094 0.008988
alpha2 0.010000 0.055374 3520.000000 0.000000 0.001104 0.005094 0.008936
alpha2 0.010000 0.055374 3525.000000 0.000000 0.001104 0.005094 0.008884
alpha2 0.010000 0.055374 3530.000000 0.000000 0.001104 0.005094 0.008833
alpha2 0.010000 0.055374 3535.000000 0.000000 0.001104 0.005094 0.008783
alpha2 0.010000 0.055374 3540.000000 0.000000 0.001104 0.005094 0.008733
alpha2 0.010000 0.055374 3545.000000 0.000000 0.001104 0.005094 0.008684
alpha2 0.010000 0.055374 3550.000000 0.000000 0.001104 0.005094 0.008635
alpha2 0.010000 0.055374 3555.000000 0.000000 0.001104 0.005094 0.008587
alpha2 0.010000 0.055374 3560.000000 0.000000 0.001104 0.005094 0.008540
alpha2 0.010000 0.055374 3565.000000 0.000000 0.001104 0.005094 0.008493
alpha2 0.010000 0.055374 3570.000000 0.000000 0.001104 0.005094 0.008446
alpha2 0.010000 0.055374 3575.000000 0.000000 0.001104 0.005094 0.008400
alpha2 0.010000 0.055374 3580.000000 0.000000 0.001104 0.005094 0.008355
alpha2 0.010000 0.055374 3585.000000 0.000000 0.001104 0.005094 0.008310
alpha2 0.010000 0.055374 3590.000000 0.000000 0.001104 0.005094 0.008266
alpha2 0.010000 0.055374 3595.000000 0.000000 0.001104 0.005094 0.008222
alpha2 0.010000 0.055374 3600.000000 0.000000 0.001104 0.005094 0.008178
