HEADER DATE 01-Aug-2017 12:47:09
HEADER RANDSEED 1748193273
Param True_Value Sim_Value Sim_Time Input mRNA foldedP fluo
Kf 0.002000 0.014030 0.000000 2.000000 1.380379 0.574433 3.504114
Kf 0.002000 0.014030 5.000000 2.000000 1.380379 0.574433 3.504114
Kf 0.002000 0.014030 10.000000 2.000000 1.380379 0.574433 3.504114
Kf 0.002000 0.014030 15.000000 2.000000 1.380379 0.574433 3.504114
Kf 0.002000 0.014030 20.000000 2.000000 1.380379 0.574433 3.504114
Kf 0.002000 0.014030 25.000000 2.000000 1.380379 0.574433 3.504114
Kf 0.002000 0.014030 30.000000 2.000000 1.380379 0.574433 3.504114
Kf 0.002000 0.014030 35.000000 2.000000 1.380379 0.574433 3.504114
Kf 0.002000 0.014030 40.000000 2.000000 1.380379 0.574433 3.504114
Kf 0.002000 0.014030 45.000000 2.000000 1.380379 0.574433 3.504114
Kf 0.002000 0.014030 50.000000 2.000000 1.380379 0.574433 3.504114
Kf 0.002000 0.014030 55.000000 2.000000 1.380379 0.574433 3.504114
Kf 0.002000 0.014030 60.000000 2.000000 1.380379 0.574433 3.504114
Kf 0.002000 0.014030 65.000000 2.000000 1.380379 0.574433 3.504114
Kf 0.002000 0.014030 70.000000 2.000000 1.380379 0.574433 3.504114
Kf 0.002000 0.014030 75.000000 2.000000 1.380379 0.574433 3.504114
Kf 0.002000 0.014030 80.000000 2.000000 1.380379 0.574433 3.504114
Kf 0.002000 0.014030 85.000000 2.000000 1.380379 0.574433 3.504114
Kf 0.002000 0.014030 90.000000 2.000000 1.380379 0.574433 3.504114
Kf 0.002000 0.014030 95.000000 2.000000 1.380379 0.574433 3.504114
Kf 0.002000 0.014030 100.000000 2.000000 1.380379 0.574433 3.504114
Kf 0.002000 0.014030 105.000000 2.000000 1.380379 0.574433 3.504114
Kf 0.002000 0.014030 110.000000 2.000000 1.380379 0.574433 3.504114
Kf 0.002000 0.014030 115.000000 2.000000 1.380379 0.574433 3.504114
Kf 0.002000 0.014030 120.000000 2.000000 1.380379 0.574433 3.504114
Kf 0.002000 0.014030 125.000000 2.000000 1.380379 0.574433 3.504114
Kf 0.002000 0.014030 130.000000 2.000000 1.380379 0.574433 3.504114
Kf 0.002000 0.014030 135.000000 2.000000 1.380379 0.574433 3.504114
Kf 0.002000 0.014030 140.000000 2.000000 1.380379 0.574433 3.504114
Kf 0.002000 0.014030 145.000000 2.000000 1.380379 0.574433 3.504114
Kf 0.002000 0.014030 150.000000 2.000000 1.380379 0.574433 3.504114
Kf 0.002000 0.014030 155.000000 2.000000 1.380379 0.574433 3.504114
Kf 0.002000 0.014030 160.000000 2.000000 1.380379 0.574433 3.504114
Kf 0.002000 0.014030 165.000000 2.000000 1.380379 0.574433 3.504114
Kf 0.002000 0.014030 170.000000 2.000000 1.380379 0.574433 3.504114
Kf 0.002000 0.014030 175.000000 2.000000 1.380379 0.574433 3.504114
Kf 0.002000 0.014030 180.000000 2.000000 1.380379 0.574433 3.504114
Kf 0.002000 0.014030 185.000000 2.000000 1.380379 0.574433 3.504114
Kf 0.002000 0.014030 190.000000 2.000000 1.380379 0.574433 3.504114
Kf 0.002000 0.014030 195.000000 2.000000 1.380379 0.574433 3.504114
Kf 0.002000 0.014030 200.000000 2.000000 1.380379 0.574433 3.504114
Kf 0.002000 0.014030 205.000000 2.000000 1.380379 0.574433 3.504114
Kf 0.002000 0.014030 210.000000 2.000000 1.380379 0.574433 3.504114
Kf 0.002000 0.014030 215.000000 2.000000 1.380379 0.574433 3.504114
Kf 0.002000 0.014030 220.000000 2.000000 1.380379 0.574433 3.504114
Kf 0.002000 0.014030 225.000000 2.000000 1.380379 0.574433 3.504114
Kf 0.002000 0.014030 230.000000 2.000000 1.380379 0.574433 3.504114
Kf 0.002000 0.014030 235.000000 2.000000 1.380379 0.574433 3.504114
Kf 0.002000 0.014030 240.000000 2.000000 1.380379 0.574433 3.504114
Kf 0.002000 0.014030 245.000000 2.000000 1.380379 0.574433 3.504114
Kf 0.002000 0.014030 250.000000 2.000000 1.380379 0.574433 3.504114
Kf 0.002000 0.014030 255.000000 2.000000 1.380379 0.574433 3.504114
Kf 0.002000 0.014030 260.000000 2.000000 1.380379 0.574433 3.504114
Kf 0.002000 0.014030 265.000000 2.000000 1.380379 0.574433 3.504114
Kf 0.002000 0.014030 270.000000 2.000000 1.380379 0.574433 3.504114
Kf 0.002000 0.014030 275.000000 2.000000 1.380379 0.574433 3.504114
Kf 0.002000 0.014030 280.000000 2.000000 1.380379 0.574433 3.504114
Kf 0.002000 0.014030 285.000000 2.000000 1.380379 0.574433 3.504114
Kf 0.002000 0.014030 290.000000 2.000000 1.380379 0.574433 3.504114
Kf 0.002000 0.014030 295.000000 2.000000 1.380379 0.574433 3.504114
Kf 0.002000 0.014030 300.000000 2.000000 1.380379 0.574433 3.504114
Kf 0.002000 0.014030 305.000000 0.000000 1.188256 0.569705 3.504001
Kf 0.002000 0.014030 310.000000 0.000000 1.022895 0.557118 3.503272
Kf 0.002000 0.014030 315.000000 0.000000 0.880568 0.538733 3.501459
Kf 0.002000 0.014030 320.000000 0.000000 0.758065 0.516211 3.498233
Kf 0.002000 0.014030 325.000000 0.000000 0.652626 0.490889 3.493367
Kf 0.002000 0.014030 330.000000 0.000000 0.561874 0.463827 3.486724
Kf 0.002000 0.014030 335.000000 0.000000 0.483763 0.435864 3.478234
Kf 0.002000 0.014030 340.000000 0.000000 0.416533 0.407654 3.467879
Kf 0.002000 0.014030 345.000000 0.000000 0.358667 0.379702 3.455681
Kf 0.002000 0.014030 350.000000 0.000000 0.308861 0.352386 3.441694
Kf 0.002000 0.014030 355.000000 0.000000 0.265993 0.325987 3.425991
Kf 0.002000 0.014030 360.000000 0.000000 0.229097 0.300704 3.408665
Kf 0.002000 0.014030 365.000000 0.000000 0.197339 0.276672 3.389817
Kf 0.002000 0.014030 370.000000 0.000000 0.170005 0.253973 3.369554
Kf 0.002000 0.014030 375.000000 0.000000 0.146479 0.232650 3.347988
Kf 0.002000 0.014030 380.000000 0.000000 0.126230 0.212713 3.325229
Kf 0.002000 0.014030 385.000000 0.000000 0.108800 0.194149 3.301388
Kf 0.002000 0.014030 390.000000 0.000000 0.093799 0.176926 3.276572
Kf 0.002000 0.014030 395.000000 0.000000 0.080887 0.160996 3.250884
Kf 0.002000 0.014030 400.000000 0.000000 0.069775 0.146306 3.224422
Kf 0.002000 0.014030 405.000000 0.000000 0.060210 0.132794 3.197279
Kf 0.002000 0.014030 410.000000 0.000000 0.051977 0.120394 3.169544
Kf 0.002000 0.014030 415.000000 0.000000 0.044890 0.109038 3.141298
Kf 0.002000 0.014030 420.000000 0.000000 0.038791 0.098658 3.112617
Kf 0.002000 0.014030 425.000000 0.000000 0.033542 0.089187 3.083572
Kf 0.002000 0.014030 430.000000 0.000000 0.029024 0.080559 3.054229
Kf 0.002000 0.014030 435.000000 0.000000 0.025135 0.072710 3.024647
Kf 0.002000 0.014030 440.000000 0.000000 0.021788 0.065580 2.994881
Kf 0.002000 0.014030 445.000000 0.000000 0.018907 0.059111 2.964982
Kf 0.002000 0.014030 450.000000 0.000000 0.016427 0.053248 2.934994
Kf 0.002000 0.014030 455.000000 0.000000 0.014293 0.047941 2.904961
Kf 0.002000 0.014030 460.000000 0.000000 0.012455 0.043142 2.874919
Kf 0.002000 0.014030 465.000000 0.000000 0.010874 0.038806 2.844901
Kf 0.002000 0.014030 470.000000 0.000000 0.009513 0.034891 2.814940
Kf 0.002000 0.014030 475.000000 0.000000 0.008342 0.031360 2.785062
Kf 0.002000 0.014030 480.000000 0.000000 0.007334 0.028178 2.755291
Kf 0.002000 0.014030 485.000000 0.000000 0.006466 0.025312 2.725650
Kf 0.002000 0.014030 490.000000 0.000000 0.005720 0.022733 2.696159
Kf 0.002000 0.014030 495.000000 0.000000 0.005077 0.020413 2.666834
Kf 0.002000 0.014030 500.000000 0.000000 0.004523 0.018327 2.637690
Kf 0.002000 0.014030 505.000000 0.000000 0.004047 0.016454 2.608742
Kf 0.002000 0.014030 510.000000 0.000000 0.003637 0.014772 2.580001
Kf 0.002000 0.014030 515.000000 0.000000 0.003284 0.013262 2.551478
Kf 0.002000 0.014030 520.000000 0.000000 0.002981 0.011908 2.523181
Kf 0.002000 0.014030 525.000000 0.000000 0.002719 0.010694 2.495118
Kf 0.002000 0.014030 530.000000 0.000000 0.002494 0.009605 2.467295
Kf 0.002000 0.014030 535.000000 0.000000 0.002301 0.008631 2.439719
Kf 0.002000 0.014030 540.000000 0.000000 0.002134 0.007758 2.412394
Kf 0.002000 0.014030 545.000000 0.000000 0.001991 0.006977 2.385324
Kf 0.002000 0.014030 550.000000 0.000000 0.001867 0.006278 2.358511
Kf 0.002000 0.014030 555.000000 0.000000 0.001761 0.005652 2.331959
Kf 0.002000 0.014030 560.000000 0.000000 0.001669 0.005093 2.305670
Kf 0.002000 0.014030 565.000000 0.000000 0.001591 0.004593 2.279644
Kf 0.002000 0.014030 570.000000 0.000000 0.001523 0.004146 2.253883
Kf 0.002000 0.014030 575.000000 0.000000 0.001464 0.003747 2.228387
Kf 0.002000 0.014030 580.000000 0.000000 0.001414 0.003391 2.203156
Kf 0.002000 0.014030 585.000000 0.000000 0.001371 0.003072 2.178190
Kf 0.002000 0.014030 590.000000 0.000000 0.001334 0.002788 2.153488
Kf 0.002000 0.014030 595.000000 0.000000 0.001302 0.002535 2.129050
Kf 0.002000 0.014030 600.000000 0.000000 0.001274 0.002308 2.104875
Kf 0.002000 0.014030 605.000000 0.000000 0.001251 0.002107 2.080962
Kf 0.002000 0.014030 610.000000 0.000000 0.001230 0.001926 2.057308
Kf 0.002000 0.014030 615.000000 0.000000 0.001213 0.001766 2.033913
Kf 0.002000 0.014030 620.000000 0.000000 0.001197 0.001623 2.010775
Kf 0.002000 0.014030 625.000000 0.000000 0.001184 0.001495 1.987892
Kf 0.002000 0.014030 630.000000 0.000000 0.001173 0.001381 1.965263
Kf 0.002000 0.014030 635.000000 0.000000 0.001164 0.001280 1.942885
Kf 0.002000 0.014030 640.000000 0.000000 0.001155 0.001190 1.920755
Kf 0.002000 0.014030 645.000000 0.000000 0.001148 0.001109 1.898873
Kf 0.002000 0.014030 650.000000 0.000000 0.001142 0.001038 1.877236
Kf 0.002000 0.014030 655.000000 0.000000 0.001137 0.000974 1.855842
Kf 0.002000 0.014030 660.000000 0.000000 0.001132 0.000917 1.834688
Kf 0.002000 0.014030 665.000000 0.000000 0.001128 0.000867 1.813772
Kf 0.002000 0.014030 670.000000 0.000000 0.001125 0.000822 1.793092
Kf 0.002000 0.014030 675.000000 0.000000 0.001122 0.000781 1.772645
Kf 0.002000 0.014030 680.000000 0.000000 0.001119 0.000746 1.752430
Kf 0.002000 0.014030 685.000000 0.000000 0.001117 0.000714 1.732443
Kf 0.002000 0.014030 690.000000 0.000000 0.001115 0.000686 1.712683
Kf 0.002000 0.014030 695.000000 0.000000 0.001114 0.000661 1.693147
Kf 0.002000 0.014030 700.000000 0.000000 0.001113 0.000638 1.673832
Kf 0.002000 0.014030 705.000000 0.000000 0.001111 0.000618 1.654737
Kf 0.002000 0.014030 710.000000 0.000000 0.001110 0.000601 1.635859
Kf 0.002000 0.014030 715.000000 0.000000 0.001109 0.000585 1.617196
Kf 0.002000 0.014030 720.000000 0.000000 0.001109 0.000571 1.598745
Kf 0.002000 0.014030 725.000000 0.000000 0.001108 0.000559 1.580504
Kf 0.002000 0.014030 730.000000 0.000000 0.001107 0.000548 1.562471
Kf 0.002000 0.014030 735.000000 0.000000 0.001107 0.000538 1.544644
Kf 0.002000 0.014030 740.000000 0.000000 0.001107 0.000529 1.527019
Kf 0.002000 0.014030 745.000000 0.000000 0.001106 0.000521 1.509596
Kf 0.002000 0.014030 750.000000 0.000000 0.001106 0.000514 1.492371
Kf 0.002000 0.014030 755.000000 0.000000 0.001106 0.000508 1.475343
Kf 0.002000 0.014030 760.000000 0.000000 0.001105 0.000503 1.458509
Kf 0.002000 0.014030 765.000000 0.000000 0.001105 0.000498 1.441867
Kf 0.002000 0.014030 770.000000 0.000000 0.001105 0.000494 1.425415
Kf 0.002000 0.014030 775.000000 0.000000 0.001105 0.000490 1.409151
Kf 0.002000 0.014030 780.000000 0.000000 0.001105 0.000486 1.393072
Kf 0.002000 0.014030 785.000000 0.000000 0.001105 0.000483 1.377177
Kf 0.002000 0.014030 790.000000 0.000000 0.001105 0.000481 1.361464
Kf 0.002000 0.014030 795.000000 0.000000 0.001105 0.000478 1.345931
Kf 0.002000 0.014030 800.000000 0.000000 0.001104 0.000476 1.330574
Kf 0.002000 0.014030 805.000000 0.000000 0.001104 0.000474 1.315393
Kf 0.002000 0.014030 810.000000 0.000000 0.001104 0.000473 1.300386
Kf 0.002000 0.014030 815.000000 0.000000 0.001104 0.000471 1.285550
Kf 0.002000 0.014030 820.000000 0.000000 0.001104 0.000470 1.270884
Kf 0.002000 0.014030 825.000000 0.000000 0.001104 0.000469 1.256385
Kf 0.002000 0.014030 830.000000 0.000000 0.001104 0.000468 1.242052
Kf 0.002000 0.014030 835.000000 0.000000 0.001104 0.000467 1.227883
Kf 0.002000 0.014030 840.000000 0.000000 0.001104 0.000466 1.213876
Kf 0.002000 0.014030 845.000000 0.000000 0.001104 0.000465 1.200029
Kf 0.002000 0.014030 850.000000 0.000000 0.001104 0.000465 1.186340
Kf 0.002000 0.014030 855.000000 0.000000 0.001104 0.000464 1.172807
Kf 0.002000 0.014030 860.000000 0.000000 0.001104 0.000464 1.159430
Kf 0.002000 0.014030 865.000000 0.000000 0.001104 0.000463 1.146205
Kf 0.002000 0.014030 870.000000 0.000000 0.001104 0.000463 1.133131
Kf 0.002000 0.014030 875.000000 0.000000 0.001104 0.000462 1.120207
Kf 0.002000 0.014030 880.000000 0.000000 0.001104 0.000462 1.107431
Kf 0.002000 0.014030 885.000000 0.000000 0.001104 0.000462 1.094801
Kf 0.002000 0.014030 890.000000 0.000000 0.001104 0.000462 1.082315
Kf 0.002000 0.014030 895.000000 0.000000 0.001104 0.000461 1.069971
Kf 0.002000 0.014030 900.000000 0.000000 0.001104 0.000461 1.057769
Kf 0.002000 0.014030 905.000000 0.000000 0.001104 0.000461 1.045707
Kf 0.002000 0.014030 910.000000 0.000000 0.001104 0.000461 1.033782
Kf 0.002000 0.014030 915.000000 0.000000 0.001104 0.000461 1.021994
Kf 0.002000 0.014030 920.000000 0.000000 0.001104 0.000461 1.010340
Kf 0.002000 0.014030 925.000000 0.000000 0.001104 0.000461 0.998820
Kf 0.002000 0.014030 930.000000 0.000000 0.001104 0.000461 0.987432
Kf 0.002000 0.014030 935.000000 0.000000 0.001104 0.000460 0.976173
Kf 0.002000 0.014030 940.000000 0.000000 0.001104 0.000460 0.965044
Kf 0.002000 0.014030 945.000000 0.000000 0.001104 0.000460 0.954041
Kf 0.002000 0.014030 950.000000 0.000000 0.001104 0.000460 0.943165
Kf 0.002000 0.014030 955.000000 0.000000 0.001104 0.000460 0.932413
Kf 0.002000 0.014030 960.000000 0.000000 0.001104 0.000460 0.921783
Kf 0.002000 0.014030 965.000000 0.000000 0.001104 0.000460 0.911276
Kf 0.002000 0.014030 970.000000 0.000000 0.001104 0.000460 0.900888
Kf 0.002000 0.014030 975.000000 0.000000 0.001104 0.000460 0.890619
Kf 0.002000 0.014030 980.000000 0.000000 0.001104 0.000460 0.880468
Kf 0.002000 0.014030 985.000000 0.000000 0.001104 0.000460 0.870433
Kf 0.002000 0.014030 990.000000 0.000000 0.001104 0.000460 0.860512
Kf 0.002000 0.014030 995.000000 0.000000 0.001104 0.000460 0.850705
Kf 0.002000 0.014030 1000.000000 0.000000 0.001104 0.000460 0.841010
Kf 0.002000 0.014030 1005.000000 0.000000 0.001104 0.000460 0.831426
Kf 0.002000 0.014030 1010.000000 0.000000 0.001104 0.000460 0.821951
Kf 0.002000 0.014030 1015.000000 0.000000 0.001104 0.000460 0.812585
Kf 0.002000 0.014030 1020.000000 0.000000 0.001104 0.000460 0.803326
Kf 0.002000 0.014030 1025.000000 0.000000 0.001104 0.000460 0.794173
Kf 0.002000 0.014030 1030.000000 0.000000 0.001104 0.000460 0.785124
Kf 0.002000 0.014030 1035.000000 0.000000 0.001104 0.000460 0.776179
Kf 0.002000 0.014030 1040.000000 0.000000 0.001104 0.000460 0.767336
Kf 0.002000 0.014030 1045.000000 0.000000 0.001104 0.000460 0.758594
Kf 0.002000 0.014030 1050.000000 0.000000 0.001104 0.000460 0.749952
Kf 0.002000 0.014030 1055.000000 0.000000 0.001104 0.000459 0.741409
Kf 0.002000 0.014030 1060.000000 0.000000 0.001104 0.000459 0.732964
Kf 0.002000 0.014030 1065.000000 0.000000 0.001104 0.000459 0.724615
Kf 0.002000 0.014030 1070.000000 0.000000 0.001104 0.000459 0.716362
Kf 0.002000 0.014030 1075.000000 0.000000 0.001104 0.000459 0.708203
Kf 0.002000 0.014030 1080.000000 0.000000 0.001104 0.000459 0.700137
Kf 0.002000 0.014030 1085.000000 0.000000 0.001104 0.000459 0.692164
Kf 0.002000 0.014030 1090.000000 0.000000 0.001104 0.000459 0.684282
Kf 0.002000 0.014030 1095.000000 0.000000 0.001104 0.000459 0.676490
Kf 0.002000 0.014030 1100.000000 0.000000 0.001104 0.000459 0.668787
Kf 0.002000 0.014030 1105.000000 0.000000 0.001104 0.000459 0.661172
Kf 0.002000 0.014030 1110.000000 0.000000 0.001104 0.000459 0.653644
Kf 0.002000 0.014030 1115.000000 0.000000 0.001104 0.000459 0.646202
Kf 0.002000 0.014030 1120.000000 0.000000 0.001104 0.000459 0.638845
Kf 0.002000 0.014030 1125.000000 0.000000 0.001104 0.000459 0.631573
Kf 0.002000 0.014030 1130.000000 0.000000 0.001104 0.000459 0.624383
Kf 0.002000 0.014030 1135.000000 0.000000 0.001104 0.000459 0.617276
Kf 0.002000 0.014030 1140.000000 0.000000 0.001104 0.000459 0.610250
Kf 0.002000 0.014030 1145.000000 0.000000 0.001104 0.000459 0.603305
Kf 0.002000 0.014030 1150.000000 0.000000 0.001104 0.000459 0.596438
Kf 0.002000 0.014030 1155.000000 0.000000 0.001104 0.000459 0.589651
Kf 0.002000 0.014030 1160.000000 0.000000 0.001104 0.000459 0.582941
Kf 0.002000 0.014030 1165.000000 0.000000 0.001104 0.000459 0.576307
Kf 0.002000 0.014030 1170.000000 0.000000 0.001104 0.000459 0.569750
Kf 0.002000 0.014030 1175.000000 0.000000 0.001104 0.000459 0.563267
Kf 0.002000 0.014030 1180.000000 0.000000 0.001104 0.000459 0.556859
Kf 0.002000 0.014030 1185.000000 0.000000 0.001104 0.000459 0.550524
Kf 0.002000 0.014030 1190.000000 0.000000 0.001104 0.000459 0.544261
Kf 0.002000 0.014030 1195.000000 0.000000 0.001104 0.000459 0.538070
Kf 0.002000 0.014030 1200.000000 0.000000 0.001104 0.000459 0.531949
Kf 0.002000 0.014030 1205.000000 0.000000 0.001104 0.000459 0.525899
Kf 0.002000 0.014030 1210.000000 0.000000 0.001104 0.000459 0.519918
Kf 0.002000 0.014030 1215.000000 0.000000 0.001104 0.000459 0.514005
Kf 0.002000 0.014030 1220.000000 0.000000 0.001104 0.000459 0.508160
Kf 0.002000 0.014030 1225.000000 0.000000 0.001104 0.000459 0.502382
Kf 0.002000 0.014030 1230.000000 0.000000 0.001104 0.000459 0.496669
Kf 0.002000 0.014030 1235.000000 0.000000 0.001104 0.000459 0.491022
Kf 0.002000 0.014030 1240.000000 0.000000 0.001104 0.000459 0.485440
Kf 0.002000 0.014030 1245.000000 0.000000 0.001104 0.000459 0.479922
Kf 0.002000 0.014030 1250.000000 0.000000 0.001104 0.000459 0.474466
Kf 0.002000 0.014030 1255.000000 0.000000 0.001104 0.000459 0.469073
Kf 0.002000 0.014030 1260.000000 0.000000 0.001104 0.000459 0.463742
Kf 0.002000 0.014030 1265.000000 0.000000 0.001104 0.000459 0.458471
Kf 0.002000 0.014030 1270.000000 0.000000 0.001104 0.000459 0.453261
Kf 0.002000 0.014030 1275.000000 0.000000 0.001104 0.000459 0.448110
Kf 0.002000 0.014030 1280.000000 0.000000 0.001104 0.000459 0.443019
Kf 0.002000 0.014030 1285.000000 0.000000 0.001104 0.000459 0.437985
Kf 0.002000 0.014030 1290.000000 0.000000 0.001104 0.000459 0.433009
Kf 0.002000 0.014030 1295.000000 0.000000 0.001104 0.000459 0.428090
Kf 0.002000 0.014030 1300.000000 0.000000 0.001104 0.000459 0.423228
Kf 0.002000 0.014030 1305.000000 0.000000 0.001104 0.000459 0.418420
Kf 0.002000 0.014030 1310.000000 0.000000 0.001104 0.000459 0.413668
Kf 0.002000 0.014030 1315.000000 0.000000 0.001104 0.000459 0.408970
Kf 0.002000 0.014030 1320.000000 0.000000 0.001104 0.000459 0.404326
Kf 0.002000 0.014030 1325.000000 0.000000 0.001104 0.000459 0.399735
Kf 0.002000 0.014030 1330.000000 0.000000 0.001104 0.000459 0.395196
Kf 0.002000 0.014030 1335.000000 0.000000 0.001104 0.000459 0.390710
Kf 0.002000 0.014030 1340.000000 0.000000 0.001104 0.000459 0.386274
Kf 0.002000 0.014030 1345.000000 0.000000 0.001104 0.000459 0.381890
Kf 0.002000 0.014030 1350.000000 0.000000 0.001104 0.000459 0.377555
Kf 0.002000 0.014030 1355.000000 0.000000 0.001104 0.000459 0.373270
Kf 0.002000 0.014030 1360.000000 0.000000 0.001104 0.000459 0.369034
Kf 0.002000 0.014030 1365.000000 0.000000 0.001104 0.000459 0.364847
Kf 0.002000 0.014030 1370.000000 0.000000 0.001104 0.000459 0.360707
Kf 0.002000 0.014030 1375.000000 0.000000 0.001104 0.000459 0.356615
Kf 0.002000 0.014030 1380.000000 0.000000 0.001104 0.000459 0.352569
Kf 0.002000 0.014030 1385.000000 0.000000 0.001104 0.000459 0.348570
Kf 0.002000 0.014030 1390.000000 0.000000 0.001104 0.000459 0.344616
Kf 0.002000 0.014030 1395.000000 0.000000 0.001104 0.000459 0.340708
Kf 0.002000 0.014030 1400.000000 0.000000 0.001104 0.000459 0.336844
Kf 0.002000 0.014030 1405.000000 0.000000 0.001104 0.000459 0.333025
Kf 0.002000 0.014030 1410.000000 0.000000 0.001104 0.000459 0.329249
Kf 0.002000 0.014030 1415.000000 0.000000 0.001104 0.000459 0.325516
Kf 0.002000 0.014030 1420.000000 0.000000 0.001104 0.000459 0.321826
Kf 0.002000 0.014030 1425.000000 0.000000 0.001104 0.000459 0.318179
Kf 0.002000 0.014030 1430.000000 0.000000 0.001104 0.000459 0.314573
Kf 0.002000 0.014030 1435.000000 0.000000 0.001104 0.000459 0.311008
Kf 0.002000 0.014030 1440.000000 0.000000 0.001104 0.000459 0.307484
Kf 0.002000 0.014030 1445.000000 0.000000 0.001104 0.000459 0.304000
Kf 0.002000 0.014030 1450.000000 0.000000 0.001104 0.000459 0.300556
Kf 0.002000 0.014030 1455.000000 0.000000 0.001104 0.000459 0.297152
Kf 0.002000 0.014030 1460.000000 0.000000 0.001104 0.000459 0.293786
Kf 0.002000 0.014030 1465.000000 0.000000 0.001104 0.000459 0.290459
Kf 0.002000 0.014030 1470.000000 0.000000 0.001104 0.000459 0.287170
Kf 0.002000 0.014030 1475.000000 0.000000 0.001104 0.000459 0.283918
Kf 0.002000 0.014030 1480.000000 0.000000 0.001104 0.000459 0.280704
Kf 0.002000 0.014030 1485.000000 0.000000 0.001104 0.000459 0.277526
Kf 0.002000 0.014030 1490.000000 0.000000 0.001104 0.000459 0.274385
Kf 0.002000 0.014030 1495.000000 0.000000 0.001104 0.000459 0.271280
Kf 0.002000 0.014030 1500.000000 0.000000 0.001104 0.000459 0.268210
Kf 0.002000 0.014030 1505.000000 0.000000 0.001104 0.000459 0.265175
Kf 0.002000 0.014030 1510.000000 0.000000 0.001104 0.000459 0.262175
Kf 0.002000 0.014030 1515.000000 0.000000 0.001104 0.000459 0.259210
Kf 0.002000 0.014030 1520.000000 0.000000 0.001104 0.000459 0.256278
Kf 0.002000 0.014030 1525.000000 0.000000 0.001104 0.000459 0.253380
Kf 0.002000 0.014030 1530.000000 0.000000 0.001104 0.000459 0.250515
Kf 0.002000 0.014030 1535.000000 0.000000 0.001104 0.000459 0.247682
Kf 0.002000 0.014030 1540.000000 0.000000 0.001104 0.000459 0.244882
Kf 0.002000 0.014030 1545.000000 0.000000 0.001104 0.000459 0.242114
Kf 0.002000 0.014030 1550.000000 0.000000 0.001104 0.000459 0.239378
Kf 0.002000 0.014030 1555.000000 0.000000 0.001104 0.000459 0.236673
Kf 0.002000 0.014030 1560.000000 0.000000 0.001104 0.000459 0.233999
Kf 0.002000 0.014030 1565.000000 0.000000 0.001104 0.000459 0.231355
Kf 0.002000 0.014030 1570.000000 0.000000 0.001104 0.000459 0.228742
Kf 0.002000 0.014030 1575.000000 0.000000 0.001104 0.000459 0.226159
Kf 0.002000 0.014030 1580.000000 0.000000 0.001104 0.000459 0.223605
Kf 0.002000 0.014030 1585.000000 0.000000 0.001104 0.000459 0.221080
Kf 0.002000 0.014030 1590.000000 0.000000 0.001104 0.000459 0.218584
Kf 0.002000 0.014030 1595.000000 0.000000 0.001104 0.000459 0.216117
Kf 0.002000 0.014030 1600.000000 0.000000 0.001104 0.000459 0.213678
Kf 0.002000 0.014030 1605.000000 0.000000 0.001104 0.000459 0.211267
Kf 0.002000 0.014030 1610.000000 0.000000 0.001104 0.000459 0.208883
Kf 0.002000 0.014030 1615.000000 0.000000 0.001104 0.000459 0.206527
Kf 0.002000 0.014030 1620.000000 0.000000 0.001104 0.000459 0.204197
Kf 0.002000 0.014030 1625.000000 0.000000 0.001104 0.000459 0.201895
Kf 0.002000 0.014030 1630.000000 0.000000 0.001104 0.000459 0.199618
Kf 0.002000 0.014030 1635.000000 0.000000 0.001104 0.000459 0.197368
Kf 0.002000 0.014030 1640.000000 0.000000 0.001104 0.000459 0.195143
Kf 0.002000 0.014030 1645.000000 0.000000 0.001104 0.000459 0.192944
Kf 0.002000 0.014030 1650.000000 0.000000 0.001104 0.000459 0.190770
Kf 0.002000 0.014030 1655.000000 0.000000 0.001104 0.000459 0.188621
Kf 0.002000 0.014030 1660.000000 0.000000 0.001104 0.000459 0.186496
Kf 0.002000 0.014030 1665.000000 0.000000 0.001104 0.000459 0.184396
Kf 0.002000 0.014030 1670.000000 0.000000 0.001104 0.000459 0.182319
Kf 0.002000 0.014030 1675.000000 0.000000 0.001104 0.000459 0.180267
Kf 0.002000 0.014030 1680.000000 0.000000 0.001104 0.000459 0.178237
Kf 0.002000 0.014030 1685.000000 0.000000 0.001104 0.000459 0.176231
Kf 0.002000 0.014030 1690.000000 0.000000 0.001104 0.000459 0.174248
Kf 0.002000 0.014030 1695.000000 0.000000 0.001104 0.000459 0.172288
Kf 0.002000 0.014030 1700.000000 0.000000 0.001104 0.000459 0.170350
Kf 0.002000 0.014030 1705.000000 0.000000 0.001104 0.000459 0.168434
Kf 0.002000 0.014030 1710.000000 0.000000 0.001104 0.000459 0.166541
Kf 0.002000 0.014030 1715.000000 0.000000 0.001104 0.000459 0.164668
Kf 0.002000 0.014030 1720.000000 0.000000 0.001104 0.000459 0.162818
Kf 0.002000 0.014030 1725.000000 0.000000 0.001104 0.000459 0.160988
Kf 0.002000 0.014030 1730.000000 0.000000 0.001104 0.000459 0.159179
Kf 0.002000 0.014030 1735.000000 0.000000 0.001104 0.000459 0.157391
Kf 0.002000 0.014030 1740.000000 0.000000 0.001104 0.000459 0.155624
Kf 0.002000 0.014030 1745.000000 0.000000 0.001104 0.000459 0.153876
Kf 0.002000 0.014030 1750.000000 0.000000 0.001104 0.000459 0.152149
Kf 0.002000 0.014030 1755.000000 0.000000 0.001104 0.000459 0.150441
Kf 0.002000 0.014030 1760.000000 0.000000 0.001104 0.000459 0.148753
Kf 0.002000 0.014030 1765.000000 0.000000 0.001104 0.000459 0.147084
Kf 0.002000 0.014030 1770.000000 0.000000 0.001104 0.000459 0.145435
Kf 0.002000 0.014030 1775.000000 0.000000 0.001104 0.000459 0.143804
Kf 0.002000 0.014030 1780.000000 0.000000 0.001104 0.000459 0.142192
Kf 0.002000 0.014030 1785.000000 0.000000 0.001104 0.000459 0.140598
Kf 0.002000 0.014030 1790.000000 0.000000 0.001104 0.000459 0.139022
Kf 0.002000 0.014030 1795.000000 0.000000 0.001104 0.000459 0.137465
Kf 0.002000 0.014030 1800.000000 0.000000 0.001104 0.000459 0.135925
Kf 0.002000 0.014030 1805.000000 0.000000 0.001104 0.000459 0.134403
Kf 0.002000 0.014030 1810.000000 0.000000 0.001104 0.000459 0.132898
Kf 0.002000 0.014030 1815.000000 0.000000 0.001104 0.000459 0.131411
Kf 0.002000 0.014030 1820.000000 0.000000 0.001104 0.000459 0.129940
Kf 0.002000 0.014030 1825.000000 0.000000 0.001104 0.000459 0.128486
Kf 0.002000 0.014030 1830.000000 0.000000 0.001104 0.000459 0.127049
Kf 0.002000 0.014030 1835.000000 0.000000 0.001104 0.000459 0.125629
Kf 0.002000 0.014030 1840.000000 0.000000 0.001104 0.000459 0.124224
Kf 0.002000 0.014030 1845.000000 0.000000 0.001104 0.000459 0.122836
Kf 0.002000 0.014030 1850.000000 0.000000 0.001104 0.000459 0.121463
Kf 0.002000 0.014030 1855.000000 0.000000 0.001104 0.000459 0.120107
Kf 0.002000 0.014030 1860.000000 0.000000 0.001104 0.000459 0.118765
Kf 0.002000 0.014030 1865.000000 0.000000 0.001104 0.000459 0.117439
Kf 0.002000 0.014030 1870.000000 0.000000 0.001104 0.000459 0.116129
Kf 0.002000 0.014030 1875.000000 0.000000 0.001104 0.000459 0.114833
Kf 0.002000 0.014030 1880.000000 0.000000 0.001104 0.000459 0.113552
Kf 0.002000 0.014030 1885.000000 0.000000 0.001104 0.000459 0.112286
Kf 0.002000 0.014030 1890.000000 0.000000 0.001104 0.000459 0.111034
Kf 0.002000 0.014030 1895.000000 0.000000 0.001104 0.000459 0.109796
Kf 0.002000 0.014030 1900.000000 0.000000 0.001104 0.000459 0.108573
Kf 0.002000 0.014030 1905.000000 0.000000 0.001104 0.000459 0.107363
Kf 0.002000 0.014030 1910.000000 0.000000 0.001104 0.000459 0.106168
Kf 0.002000 0.014030 1915.000000 0.000000 0.001104 0.000459 0.104986
Kf 0.002000 0.014030 1920.000000 0.000000 0.001104 0.000459 0.103818
Kf 0.002000 0.014030 1925.000000 0.000000 0.001104 0.000459 0.102663
Kf 0.002000 0.014030 1930.000000 0.000000 0.001104 0.000459 0.101521
Kf 0.002000 0.014030 1935.000000 0.000000 0.001104 0.000459 0.100392
Kf 0.002000 0.014030 1940.000000 0.000000 0.001104 0.000459 0.099276
Kf 0.002000 0.014030 1945.000000 0.000000 0.001104 0.000459 0.098173
Kf 0.002000 0.014030 1950.000000 0.000000 0.001104 0.000459 0.097083
Kf 0.002000 0.014030 1955.000000 0.000000 0.001104 0.000459 0.096005
Kf 0.002000 0.014030 1960.000000 0.000000 0.001104 0.000459 0.094939
Kf 0.002000 0.014030 1965.000000 0.000000 0.001104 0.000459 0.093885
Kf 0.002000 0.014030 1970.000000 0.000000 0.001104 0.000459 0.092844
Kf 0.002000 0.014030 1975.000000 0.000000 0.001104 0.000459 0.091814
Kf 0.002000 0.014030 1980.000000 0.000000 0.001104 0.000459 0.090797
Kf 0.002000 0.014030 1985.000000 0.000000 0.001104 0.000459 0.089791
Kf 0.002000 0.014030 1990.000000 0.000000 0.001104 0.000459 0.088796
Kf 0.002000 0.014030 1995.000000 0.000000 0.001104 0.000459 0.087813
Kf 0.002000 0.014030 2000.000000 0.000000 0.001104 0.000459 0.086841
Kf 0.002000 0.014030 2005.000000 0.000000 0.001104 0.000459 0.085880
Kf 0.002000 0.014030 2010.000000 0.000000 0.001104 0.000459 0.084930
Kf 0.002000 0.014030 2015.000000 0.000000 0.001104 0.000459 0.083991
Kf 0.002000 0.014030 2020.000000 0.000000 0.001104 0.000459 0.083062
Kf 0.002000 0.014030 2025.000000 0.000000 0.001104 0.000459 0.082145
Kf 0.002000 0.014030 2030.000000 0.000000 0.001104 0.000459 0.081238
Kf 0.002000 0.014030 2035.000000 0.000000 0.001104 0.000459 0.080341
Kf 0.002000 0.014030 2040.000000 0.000000 0.001104 0.000459 0.079454
Kf 0.002000 0.014030 2045.000000 0.000000 0.001104 0.000459 0.078578
Kf 0.002000 0.014030 2050.000000 0.000000 0.001104 0.000459 0.077711
Kf 0.002000 0.014030 2055.000000 0.000000 0.001104 0.000459 0.076855
Kf 0.002000 0.014030 2060.000000 0.000000 0.001104 0.000459 0.076008
Kf 0.002000 0.014030 2065.000000 0.000000 0.001104 0.000459 0.075171
Kf 0.002000 0.014030 2070.000000 0.000000 0.001104 0.000459 0.074344
Kf 0.002000 0.014030 2075.000000 0.000000 0.001104 0.000459 0.073526
Kf 0.002000 0.014030 2080.000000 0.000000 0.001104 0.000459 0.072717
Kf 0.002000 0.014030 2085.000000 0.000000 0.001104 0.000459 0.071917
Kf 0.002000 0.014030 2090.000000 0.000000 0.001104 0.000459 0.071127
Kf 0.002000 0.014030 2095.000000 0.000000 0.001104 0.000459 0.070346
Kf 0.002000 0.014030 2100.000000 0.000000 0.001104 0.000459 0.069574
Kf 0.002000 0.014030 2105.000000 0.000000 0.001104 0.000459 0.068810
Kf 0.002000 0.014030 2110.000000 0.000000 0.001104 0.000459 0.068055
Kf 0.002000 0.014030 2115.000000 0.000000 0.001104 0.000459 0.067309
Kf 0.002000 0.014030 2120.000000 0.000000 0.001104 0.000459 0.066572
Kf 0.002000 0.014030 2125.000000 0.000000 0.001104 0.000459 0.065843
Kf 0.002000 0.014030 2130.000000 0.000000 0.001104 0.000459 0.065122
Kf 0.002000 0.014030 2135.000000 0.000000 0.001104 0.000459 0.064409
Kf 0.002000 0.014030 2140.000000 0.000000 0.001104 0.000459 0.063705
Kf 0.002000 0.014030 2145.000000 0.000000 0.001104 0.000459 0.063008
Kf 0.002000 0.014030 2150.000000 0.000000 0.001104 0.000459 0.062320
Kf 0.002000 0.014030 2155.000000 0.000000 0.001104 0.000459 0.061640
Kf 0.002000 0.014030 2160.000000 0.000000 0.001104 0.000459 0.060967
Kf 0.002000 0.014030 2165.000000 0.000000 0.001104 0.000459 0.060302
Kf 0.002000 0.014030 2170.000000 0.000000 0.001104 0.000459 0.059644
Kf 0.002000 0.014030 2175.000000 0.000000 0.001104 0.000459 0.058994
Kf 0.002000 0.014030 2180.000000 0.000000 0.001104 0.000459 0.058352
Kf 0.002000 0.014030 2185.000000 0.000000 0.001104 0.000459 0.057717
Kf 0.002000 0.014030 2190.000000 0.000000 0.001104 0.000459 0.057089
Kf 0.002000 0.014030 2195.000000 0.000000 0.001104 0.000459 0.056468
Kf 0.002000 0.014030 2200.000000 0.000000 0.001104 0.000459 0.055854
Kf 0.002000 0.014030 2205.000000 0.000000 0.001104 0.000459 0.055248
Kf 0.002000 0.014030 2210.000000 0.000000 0.001104 0.000459 0.054648
Kf 0.002000 0.014030 2215.000000 0.000000 0.001104 0.000459 0.054055
Kf 0.002000 0.014030 2220.000000 0.000000 0.001104 0.000459 0.053469
Kf 0.002000 0.014030 2225.000000 0.000000 0.001104 0.000459 0.052890
Kf 0.002000 0.014030 2230.000000 0.000000 0.001104 0.000459 0.052317
Kf 0.002000 0.014030 2235.000000 0.000000 0.001104 0.000459 0.051751
Kf 0.002000 0.014030 2240.000000 0.000000 0.001104 0.000459 0.051191
Kf 0.002000 0.014030 2245.000000 0.000000 0.001104 0.000459 0.050638
Kf 0.002000 0.014030 2250.000000 0.000000 0.001104 0.000459 0.050091
Kf 0.002000 0.014030 2255.000000 0.000000 0.001104 0.000459 0.049551
Kf 0.002000 0.014030 2260.000000 0.000000 0.001104 0.000459 0.049016
Kf 0.002000 0.014030 2265.000000 0.000000 0.001104 0.000459 0.048488
Kf 0.002000 0.014030 2270.000000 0.000000 0.001104 0.000459 0.047965
Kf 0.002000 0.014030 2275.000000 0.000000 0.001104 0.000459 0.047449
Kf 0.002000 0.014030 2280.000000 0.000000 0.001104 0.000459 0.046938
Kf 0.002000 0.014030 2285.000000 0.000000 0.001104 0.000459 0.046434
Kf 0.002000 0.014030 2290.000000 0.000000 0.001104 0.000459 0.045935
Kf 0.002000 0.014030 2295.000000 0.000000 0.001104 0.000459 0.045442
Kf 0.002000 0.014030 2300.000000 0.000000 0.001104 0.000459 0.044954
Kf 0.002000 0.014030 2305.000000 0.000000 0.001104 0.000459 0.044472
Kf 0.002000 0.014030 2310.000000 0.000000 0.001104 0.000459 0.043996
Kf 0.002000 0.014030 2315.000000 0.000000 0.001104 0.000459 0.043525
Kf 0.002000 0.014030 2320.000000 0.000000 0.001104 0.000459 0.043059
Kf 0.002000 0.014030 2325.000000 0.000000 0.001104 0.000459 0.042599
Kf 0.002000 0.014030 2330.000000 0.000000 0.001104 0.000459 0.042144
Kf 0.002000 0.014030 2335.000000 0.000000 0.001104 0.000459 0.041694
Kf 0.002000 0.014030 2340.000000 0.000000 0.001104 0.000459 0.041249
Kf 0.002000 0.014030 2345.000000 0.000000 0.001104 0.000459 0.040810
Kf 0.002000 0.014030 2350.000000 0.000000 0.001104 0.000459 0.040375
Kf 0.002000 0.014030 2355.000000 0.000000 0.001104 0.000459 0.039945
Kf 0.002000 0.014030 2360.000000 0.000000 0.001104 0.000459 0.039521
Kf 0.002000 0.014030 2365.000000 0.000000 0.001104 0.000459 0.039101
Kf 0.002000 0.014030 2370.000000 0.000000 0.001104 0.000459 0.038686
Kf 0.002000 0.014030 2375.000000 0.000000 0.001104 0.000459 0.038276
Kf 0.002000 0.014030 2380.000000 0.000000 0.001104 0.000459 0.037870
Kf 0.002000 0.014030 2385.000000 0.000000 0.001104 0.000459 0.037469
Kf 0.002000 0.014030 2390.000000 0.000000 0.001104 0.000459 0.037073
Kf 0.002000 0.014030 2395.000000 0.000000 0.001104 0.000459 0.036681
Kf 0.002000 0.014030 2400.000000 0.000000 0.001104 0.000459 0.036293
Kf 0.002000 0.014030 2405.000000 0.000000 0.001104 0.000459 0.035910
Kf 0.002000 0.014030 2410.000000 0.000000 0.001104 0.000459 0.035532
Kf 0.002000 0.014030 2415.000000 0.000000 0.001104 0.000459 0.035158
Kf 0.002000 0.014030 2420.000000 0.000000 0.001104 0.000459 0.034788
Kf 0.002000 0.014030 2425.000000 0.000000 0.001104 0.000459 0.034422
Kf 0.002000 0.014030 2430.000000 0.000000 0.001104 0.000459 0.034060
Kf 0.002000 0.014030 2435.000000 0.000000 0.001104 0.000459 0.033703
Kf 0.002000 0.014030 2440.000000 0.000000 0.001104 0.000459 0.033350
Kf 0.002000 0.014030 2445.000000 0.000000 0.001104 0.000459 0.033000
Kf 0.002000 0.014030 2450.000000 0.000000 0.001104 0.000459 0.032655
Kf 0.002000 0.014030 2455.000000 0.000000 0.001104 0.000459 0.032314
Kf 0.002000 0.014030 2460.000000 0.000000 0.001104 0.000459 0.031976
Kf 0.002000 0.014030 2465.000000 0.000000 0.001104 0.000459 0.031643
Kf 0.002000 0.014030 2470.000000 0.000000 0.001104 0.000459 0.031313
Kf 0.002000 0.014030 2475.000000 0.000000 0.001104 0.000459 0.030987
Kf 0.002000 0.014030 2480.000000 0.000000 0.001104 0.000459 0.030665
Kf 0.002000 0.014030 2485.000000 0.000000 0.001104 0.000459 0.030346
Kf 0.002000 0.014030 2490.000000 0.000000 0.001104 0.000459 0.030031
Kf 0.002000 0.014030 2495.000000 0.000000 0.001104 0.000459 0.029720
Kf 0.002000 0.014030 2500.000000 0.000000 0.001104 0.000459 0.029412
Kf 0.002000 0.014030 2505.000000 0.000000 0.001104 0.000459 0.029108
Kf 0.002000 0.014030 2510.000000 0.000000 0.001104 0.000459 0.028807
Kf 0.002000 0.014030 2515.000000 0.000000 0.001104 0.000459 0.028510
Kf 0.002000 0.014030 2520.000000 0.000000 0.001104 0.000459 0.028216
Kf 0.002000 0.014030 2525.000000 0.000000 0.001104 0.000459 0.027925
Kf 0.002000 0.014030 2530.000000 0.000000 0.001104 0.000459 0.027638
Kf 0.002000 0.014030 2535.000000 0.000000 0.001104 0.000459 0.027354
Kf 0.002000 0.014030 2540.000000 0.000000 0.001104 0.000459 0.027073
Kf 0.002000 0.014030 2545.000000 0.000000 0.001104 0.000459 0.026796
Kf 0.002000 0.014030 2550.000000 0.000000 0.001104 0.000459 0.026521
Kf 0.002000 0.014030 2555.000000 0.000000 0.001104 0.000459 0.026250
Kf 0.002000 0.014030 2560.000000 0.000000 0.001104 0.000459 0.025982
Kf 0.002000 0.014030 2565.000000 0.000000 0.001104 0.000459 0.025717
Kf 0.002000 0.014030 2570.000000 0.000000 0.001104 0.000459 0.025455
Kf 0.002000 0.014030 2575.000000 0.000000 0.001104 0.000459 0.025196
Kf 0.002000 0.014030 2580.000000 0.000000 0.001104 0.000459 0.024940
Kf 0.002000 0.014030 2585.000000 0.000000 0.001104 0.000459 0.024687
Kf 0.002000 0.014030 2590.000000 0.000000 0.001104 0.000459 0.024437
Kf 0.002000 0.014030 2595.000000 0.000000 0.001104 0.000459 0.024189
Kf 0.002000 0.014030 2600.000000 0.000000 0.001104 0.000459 0.023945
Kf 0.002000 0.014030 2605.000000 0.000000 0.001104 0.000459 0.023703
Kf 0.002000 0.014030 2610.000000 0.000000 0.001104 0.000459 0.023464
Kf 0.002000 0.014030 2615.000000 0.000000 0.001104 0.000459 0.023228
Kf 0.002000 0.014030 2620.000000 0.000000 0.001104 0.000459 0.022994
Kf 0.002000 0.014030 2625.000000 0.000000 0.001104 0.000459 0.022763
Kf 0.002000 0.014030 2630.000000 0.000000 0.001104 0.000459 0.022535
Kf 0.002000 0.014030 2635.000000 0.000000 0.001104 0.000459 0.022310
Kf 0.002000 0.014030 2640.000000 0.000000 0.001104 0.000459 0.022086
Kf 0.002000 0.014030 2645.000000 0.000000 0.001104 0.000459 0.021866
Kf 0.002000 0.014030 2650.000000 0.000000 0.001104 0.000459 0.021648
Kf 0.002000 0.014030 2655.000000 0.000000 0.001104 0.000459 0.021433
Kf 0.002000 0.014030 2660.000000 0.000000 0.001104 0.000459 0.021220
Kf 0.002000 0.014030 2665.000000 0.000000 0.001104 0.000459 0.021009
Kf 0.002000 0.014030 2670.000000 0.000000 0.001104 0.000459 0.020801
Kf 0.002000 0.014030 2675.000000 0.000000 0.001104 0.000459 0.020595
Kf 0.002000 0.014030 2680.000000 0.000000 0.001104 0.000459 0.020392
Kf 0.002000 0.014030 2685.000000 0.000000 0.001104 0.000459 0.020190
Kf 0.002000 0.014030 2690.000000 0.000000 0.001104 0.000459 0.019992
Kf 0.002000 0.014030 2695.000000 0.000000 0.001104 0.000459 0.019795
Kf 0.002000 0.014030 2700.000000 0.000000 0.001104 0.000459 0.019601
Kf 0.002000 0.014030 2705.000000 0.000000 0.001104 0.000459 0.019409
Kf 0.002000 0.014030 2710.000000 0.000000 0.001104 0.000459 0.019219
Kf 0.002000 0.014030 2715.000000 0.000000 0.001104 0.000459 0.019031
Kf 0.002000 0.014030 2720.000000 0.000000 0.001104 0.000459 0.018846
Kf 0.002000 0.014030 2725.000000 0.000000 0.001104 0.000459 0.018662
Kf 0.002000 0.014030 2730.000000 0.000000 0.001104 0.000459 0.018481
Kf 0.002000 0.014030 2735.000000 0.000000 0.001104 0.000459 0.018302
Kf 0.002000 0.014030 2740.000000 0.000000 0.001104 0.000459 0.018124
Kf 0.002000 0.014030 2745.000000 0.000000 0.001104 0.000459 0.017949
Kf 0.002000 0.014030 2750.000000 0.000000 0.001104 0.000459 0.017776
Kf 0.002000 0.014030 2755.000000 0.000000 0.001104 0.000459 0.017605
Kf 0.002000 0.014030 2760.000000 0.000000 0.001104 0.000459 0.017435
Kf 0.002000 0.014030 2765.000000 0.000000 0.001104 0.000459 0.017268
Kf 0.002000 0.014030 2770.000000 0.000000 0.001104 0.000459 0.017103
Kf 0.002000 0.014030 2775.000000 0.000000 0.001104 0.000459 0.016939
Kf 0.002000 0.014030 2780.000000 0.000000 0.001104 0.000459 0.016778
Kf 0.002000 0.014030 2785.000000 0.000000 0.001104 0.000459 0.016618
Kf 0.002000 0.014030 2790.000000 0.000000 0.001104 0.000459 0.016460
Kf 0.002000 0.014030 2795.000000 0.000000 0.001104 0.000459 0.016304
Kf 0.002000 0.014030 2800.000000 0.000000 0.001104 0.000459 0.016149
Kf 0.002000 0.014030 2805.000000 0.000000 0.001104 0.000459 0.015997
Kf 0.002000 0.014030 2810.000000 0.000000 0.001104 0.000459 0.015846
Kf 0.002000 0.014030 2815.000000 0.000000 0.001104 0.000459 0.015697
Kf 0.002000 0.014030 2820.000000 0.000000 0.001104 0.000459 0.015549
Kf 0.002000 0.014030 2825.000000 0.000000 0.001104 0.000459 0.015404
Kf 0.002000 0.014030 2830.000000 0.000000 0.001104 0.000459 0.015260
Kf 0.002000 0.014030 2835.000000 0.000000 0.001104 0.000459 0.015117
Kf 0.002000 0.014030 2840.000000 0.000000 0.001104 0.000459 0.014976
Kf 0.002000 0.014030 2845.000000 0.000000 0.001104 0.000459 0.014837
Kf 0.002000 0.014030 2850.000000 0.000000 0.001104 0.000459 0.014699
Kf 0.002000 0.014030 2855.000000 0.000000 0.001104 0.000459 0.014563
Kf 0.002000 0.014030 2860.000000 0.000000 0.001104 0.000459 0.014429
Kf 0.002000 0.014030 2865.000000 0.000000 0.001104 0.000459 0.014296
Kf 0.002000 0.014030 2870.000000 0.000000 0.001104 0.000459 0.014165
Kf 0.002000 0.014030 2875.000000 0.000000 0.001104 0.000459 0.014035
Kf 0.002000 0.014030 2880.000000 0.000000 0.001104 0.000459 0.013906
Kf 0.002000 0.014030 2885.000000 0.000000 0.001104 0.000459 0.013779
Kf 0.002000 0.014030 2890.000000 0.000000 0.001104 0.000459 0.013654
Kf 0.002000 0.014030 2895.000000 0.000000 0.001104 0.000459 0.013530
Kf 0.002000 0.014030 2900.000000 0.000000 0.001104 0.000459 0.013407
Kf 0.002000 0.014030 2905.000000 0.000000 0.001104 0.000459 0.013286
Kf 0.002000 0.014030 2910.000000 0.000000 0.001104 0.000459 0.013166
Kf 0.002000 0.014030 2915.000000 0.000000 0.001104 0.000459 0.013048
Kf 0.002000 0.014030 2920.000000 0.000000 0.001104 0.000459 0.012930
Kf 0.002000 0.014030 2925.000000 0.000000 0.001104 0.000459 0.012815
Kf 0.002000 0.014030 2930.000000 0.000000 0.001104 0.000459 0.012700
Kf 0.002000 0.014030 2935.000000 0.000000 0.001104 0.000459 0.012587
Kf 0.002000 0.014030 2940.000000 0.000000 0.001104 0.000459 0.012475
Kf 0.002000 0.014030 2945.000000 0.000000 0.001104 0.000459 0.012364
Kf 0.002000 0.014030 2950.000000 0.000000 0.001104 0.000459 0.012255
Kf 0.002000 0.014030 2955.000000 0.000000 0.001104 0.000459 0.012147
Kf 0.002000 0.014030 2960.000000 0.000000 0.001104 0.000459 0.012040
Kf 0.002000 0.014030 2965.000000 0.000000 0.001104 0.000459 0.011935
Kf 0.002000 0.014030 2970.000000 0.000000 0.001104 0.000459 0.011830
Kf 0.002000 0.014030 2975.000000 0.000000 0.001104 0.000459 0.011727
Kf 0.002000 0.014030 2980.000000 0.000000 0.001104 0.000459 0.011625
Kf 0.002000 0.014030 2985.000000 0.000000 0.001104 0.000459 0.011524
Kf 0.002000 0.014030 2990.000000 0.000000 0.001104 0.000459 0.011424
Kf 0.002000 0.014030 2995.000000 0.000000 0.001104 0.000459 0.011326
Kf 0.002000 0.014030 3000.000000 0.000000 0.001104 0.000459 0.011228
Kf 0.002000 0.014030 3005.000000 0.000000 0.001104 0.000459 0.011132
Kf 0.002000 0.014030 3010.000000 0.000000 0.001104 0.000459 0.011037
Kf 0.002000 0.014030 3015.000000 0.000000 0.001104 0.000459 0.010943
Kf 0.002000 0.014030 3020.000000 0.000000 0.001104 0.000459 0.010849
Kf 0.002000 0.014030 3025.000000 0.000000 0.001104 0.000459 0.010757
Kf 0.002000 0.014030 3030.000000 0.000000 0.001104 0.000459 0.010667
Kf 0.002000 0.014030 3035.000000 0.000000 0.001104 0.000459 0.010577
Kf 0.002000 0.014030 3040.000000 0.000000 0.001104 0.000459 0.010488
Kf 0.002000 0.014030 3045.000000 0.000000 0.001104 0.000459 0.010400
Kf 0.002000 0.014030 3050.000000 0.000000 0.001104 0.000459 0.010313
Kf 0.002000 0.014030 3055.000000 0.000000 0.001104 0.000459 0.010227
Kf 0.002000 0.014030 3060.000000 0.000000 0.001104 0.000459 0.010142
Kf 0.002000 0.014030 3065.000000 0.000000 0.001104 0.000459 0.010058
Kf 0.002000 0.014030 3070.000000 0.000000 0.001104 0.000459 0.009975
Kf 0.002000 0.014030 3075.000000 0.000000 0.001104 0.000459 0.009893
Kf 0.002000 0.014030 3080.000000 0.000000 0.001104 0.000459 0.009812
Kf 0.002000 0.014030 3085.000000 0.000000 0.001104 0.000459 0.009732
Kf 0.002000 0.014030 3090.000000 0.000000 0.001104 0.000459 0.009653
Kf 0.002000 0.014030 3095.000000 0.000000 0.001104 0.000459 0.009575
Kf 0.002000 0.014030 3100.000000 0.000000 0.001104 0.000459 0.009497
Kf 0.002000 0.014030 3105.000000 0.000000 0.001104 0.000459 0.009421
Kf 0.002000 0.014030 3110.000000 0.000000 0.001104 0.000459 0.009345
Kf 0.002000 0.014030 3115.000000 0.000000 0.001104 0.000459 0.009270
Kf 0.002000 0.014030 3120.000000 0.000000 0.001104 0.000459 0.009196
Kf 0.002000 0.014030 3125.000000 0.000000 0.001104 0.000459 0.009123
Kf 0.002000 0.014030 3130.000000 0.000000 0.001104 0.000459 0.009051
Kf 0.002000 0.014030 3135.000000 0.000000 0.001104 0.000459 0.008979
Kf 0.002000 0.014030 3140.000000 0.000000 0.001104 0.000459 0.008909
Kf 0.002000 0.014030 3145.000000 0.000000 0.001104 0.000459 0.008839
Kf 0.002000 0.014030 3150.000000 0.000000 0.001104 0.000459 0.008770
Kf 0.002000 0.014030 3155.000000 0.000000 0.001104 0.000459 0.008702
Kf 0.002000 0.014030 3160.000000 0.000000 0.001104 0.000459 0.008634
Kf 0.002000 0.014030 3165.000000 0.000000 0.001104 0.000459 0.008568
Kf 0.002000 0.014030 3170.000000 0.000000 0.001104 0.000459 0.008502
Kf 0.002000 0.014030 3175.000000 0.000000 0.001104 0.000459 0.008436
Kf 0.002000 0.014030 3180.000000 0.000000 0.001104 0.000459 0.008372
Kf 0.002000 0.014030 3185.000000 0.000000 0.001104 0.000459 0.008308
Kf 0.002000 0.014030 3190.000000 0.000000 0.001104 0.000459 0.008245
Kf 0.002000 0.014030 3195.000000 0.000000 0.001104 0.000459 0.008183
Kf 0.002000 0.014030 3200.000000 0.000000 0.001104 0.000459 0.008122
Kf 0.002000 0.014030 3205.000000 0.000000 0.001104 0.000459 0.008061
Kf 0.002000 0.014030 3210.000000 0.000000 0.001104 0.000459 0.008001
Kf 0.002000 0.014030 3215.000000 0.000000 0.001104 0.000459 0.007941
Kf 0.002000 0.014030 3220.000000 0.000000 0.001104 0.000459 0.007883
Kf 0.002000 0.014030 3225.000000 0.000000 0.001104 0.000459 0.007824
Kf 0.002000 0.014030 3230.000000 0.000000 0.001104 0.000459 0.007767
Kf 0.002000 0.014030 3235.000000 0.000000 0.001104 0.000459 0.007710
Kf 0.002000 0.014030 3240.000000 0.000000 0.001104 0.000459 0.007654
Kf 0.002000 0.014030 3245.000000 0.000000 0.001104 0.000459 0.007599
Kf 0.002000 0.014030 3250.000000 0.000000 0.001104 0.000459 0.007544
Kf 0.002000 0.014030 3255.000000 0.000000 0.001104 0.000459 0.007490
Kf 0.002000 0.014030 3260.000000 0.000000 0.001104 0.000459 0.007436
Kf 0.002000 0.014030 3265.000000 0.000000 0.001104 0.000459 0.007383
Kf 0.002000 0.014030 3270.000000 0.000000 0.001104 0.000459 0.007331
Kf 0.002000 0.014030 3275.000000 0.000000 0.001104 0.000459 0.007279
Kf 0.002000 0.014030 3280.000000 0.000000 0.001104 0.000459 0.007228
Kf 0.002000 0.014030 3285.000000 0.000000 0.001104 0.000459 0.007177
Kf 0.002000 0.014030 3290.000000 0.000000 0.001104 0.000459 0.007127
Kf 0.002000 0.014030 3295.000000 0.000000 0.001104 0.000459 0.007078
Kf 0.002000 0.014030 3300.000000 0.000000 0.001104 0.000459 0.007029
Kf 0.002000 0.014030 3305.000000 0.000000 0.001104 0.000459 0.006980
Kf 0.002000 0.014030 3310.000000 0.000000 0.001104 0.000459 0.006933
Kf 0.002000 0.014030 3315.000000 0.000000 0.001104 0.000459 0.006885
Kf 0.002000 0.014030 3320.000000 0.000000 0.001104 0.000459 0.006839
Kf 0.002000 0.014030 3325.000000 0.000000 0.001104 0.000459 0.006793
Kf 0.002000 0.014030 3330.000000 0.000000 0.001104 0.000459 0.006747
Kf 0.002000 0.014030 3335.000000 0.000000 0.001104 0.000459 0.006702
Kf 0.002000 0.014030 3340.000000 0.000000 0.001104 0.000459 0.006657
Kf 0.002000 0.014030 3345.000000 0.000000 0.001104 0.000459 0.006613
Kf 0.002000 0.014030 3350.000000 0.000000 0.001104 0.000459 0.006570
Kf 0.002000 0.014030 3355.000000 0.000000 0.001104 0.000459 0.006527
Kf 0.002000 0.014030 3360.000000 0.000000 0.001104 0.000459 0.006484
Kf 0.002000 0.014030 3365.000000 0.000000 0.001104 0.000459 0.006442
Kf 0.002000 0.014030 3370.000000 0.000000 0.001104 0.000459 0.006400
Kf 0.002000 0.014030 3375.000000 0.000000 0.001104 0.000459 0.006359
Kf 0.002000 0.014030 3380.000000 0.000000 0.001104 0.000459 0.006318
Kf 0.002000 0.014030 3385.000000 0.000000 0.001104 0.000459 0.006278
Kf 0.002000 0.014030 3390.000000 0.000000 0.001104 0.000459 0.006239
Kf 0.002000 0.014030 3395.000000 0.000000 0.001104 0.000459 0.006199
Kf 0.002000 0.014030 3400.000000 0.000000 0.001104 0.000459 0.006160
Kf 0.002000 0.014030 3405.000000 0.000000 0.001104 0.000459 0.006122
Kf 0.002000 0.014030 3410.000000 0.000000 0.001104 0.000459 0.006084
Kf 0.002000 0.014030 3415.000000 0.000000 0.001104 0.000459 0.006047
Kf 0.002000 0.014030 3420.000000 0.000000 0.001104 0.000459 0.006009
Kf 0.002000 0.014030 3425.000000 0.000000 0.001104 0.000459 0.005973
Kf 0.002000 0.014030 3430.000000 0.000000 0.001104 0.000459 0.005937
Kf 0.002000 0.014030 3435.000000 0.000000 0.001104 0.000459 0.005901
Kf 0.002000 0.014030 3440.000000 0.000000 0.001104 0.000459 0.005865
Kf 0.002000 0.014030 3445.000000 0.000000 0.001104 0.000459 0.005830
Kf 0.002000 0.014030 3450.000000 0.000000 0.001104 0.000459 0.005796
Kf 0.002000 0.014030 3455.000000 0.000000 0.001104 0.000459 0.005761
Kf 0.002000 0.014030 3460.000000 0.000000 0.001104 0.000459 0.005728
Kf 0.002000 0.014030 3465.000000 0.000000 0.001104 0.000459 0.005694
Kf 0.002000 0.014030 3470.000000 0.000000 0.001104 0.000459 0.005661
Kf 0.002000 0.014030 3475.000000 0.000000 0.001104 0.000459 0.005628
Kf 0.002000 0.014030 3480.000000 0.000000 0.001104 0.000459 0.005596
Kf 0.002000 0.014030 3485.000000 0.000000 0.001104 0.000459 0.005564
Kf 0.002000 0.014030 3490.000000 0.000000 0.001104 0.000459 0.005533
Kf 0.002000 0.014030 3495.000000 0.000000 0.001104 0.000459 0.005501
Kf 0.002000 0.014030 3500.000000 0.000000 0.001104 0.000459 0.005471
Kf 0.002000 0.014030 3505.000000 0.000000 0.001104 0.000459 0.005440
Kf 0.002000 0.014030 3510.000000 0.000000 0.001104 0.000459 0.005410
Kf 0.002000 0.014030 3515.000000 0.000000 0.001104 0.000459 0.005380
Kf 0.002000 0.014030 3520.000000 0.000000 0.001104 0.000459 0.005351
Kf 0.002000 0.014030 3525.000000 0.000000 0.001104 0.000459 0.005321
Kf 0.002000 0.014030 3530.000000 0.000000 0.001104 0.000459 0.005293
Kf 0.002000 0.014030 3535.000000 0.000000 0.001104 0.000459 0.005264
Kf 0.002000 0.014030 3540.000000 0.000000 0.001104 0.000459 0.005236
Kf 0.002000 0.014030 3545.000000 0.000000 0.001104 0.000459 0.005208
Kf 0.002000 0.014030 3550.000000 0.000000 0.001104 0.000459 0.005181
Kf 0.002000 0.014030 3555.000000 0.000000 0.001104 0.000459 0.005153
Kf 0.002000 0.014030 3560.000000 0.000000 0.001104 0.000459 0.005127
Kf 0.002000 0.014030 3565.000000 0.000000 0.001104 0.000459 0.005100
Kf 0.002000 0.014030 3570.000000 0.000000 0.001104 0.000459 0.005074
Kf 0.002000 0.014030 3575.000000 0.000000 0.001104 0.000459 0.005048
Kf 0.002000 0.014030 3580.000000 0.000000 0.001104 0.000459 0.005022
Kf 0.002000 0.014030 3585.000000 0.000000 0.001104 0.000459 0.004997
Kf 0.002000 0.014030 3590.000000 0.000000 0.001104 0.000459 0.004972
Kf 0.002000 0.014030 3595.000000 0.000000 0.001104 0.000459 0.004947
Kf 0.002000 0.014030 3600.000000 0.000000 0.001104 0.000459 0.004922
