HEADER DATE 01-Aug-2017 12:35:51
HEADER RANDSEED 1748125451
Param True_Value Sim_Value Sim_Time Input mRNA foldedP fluo
d1 0.030000 0.125527 0.000000 2.000000 0.329899 0.274916 0.239057
d1 0.030000 0.125527 5.000000 2.000000 0.329899 0.274916 0.239057
d1 0.030000 0.125527 10.000000 2.000000 0.329899 0.274916 0.239057
d1 0.030000 0.125527 15.000000 2.000000 0.329899 0.274916 0.239057
d1 0.030000 0.125527 20.000000 2.000000 0.329899 0.274916 0.239057
d1 0.030000 0.125527 25.000000 2.000000 0.329899 0.274916 0.239057
d1 0.030000 0.125527 30.000000 2.000000 0.329899 0.274916 0.239057
d1 0.030000 0.125527 35.000000 2.000000 0.329899 0.274916 0.239057
d1 0.030000 0.125527 40.000000 2.000000 0.329899 0.274916 0.239057
d1 0.030000 0.125527 45.000000 2.000000 0.329899 0.274916 0.239057
d1 0.030000 0.125527 50.000000 2.000000 0.329899 0.274916 0.239057
d1 0.030000 0.125527 55.000000 2.000000 0.329899 0.274916 0.239057
d1 0.030000 0.125527 60.000000 2.000000 0.329899 0.274916 0.239057
d1 0.030000 0.125527 65.000000 2.000000 0.329899 0.274916 0.239057
d1 0.030000 0.125527 70.000000 2.000000 0.329899 0.274916 0.239057
d1 0.030000 0.125527 75.000000 2.000000 0.329899 0.274916 0.239057
d1 0.030000 0.125527 80.000000 2.000000 0.329899 0.274916 0.239057
d1 0.030000 0.125527 85.000000 2.000000 0.329899 0.274916 0.239057
d1 0.030000 0.125527 90.000000 2.000000 0.329899 0.274916 0.239057
d1 0.030000 0.125527 95.000000 2.000000 0.329899 0.274916 0.239057
d1 0.030000 0.125527 100.000000 2.000000 0.329899 0.274916 0.239057
d1 0.030000 0.125527 105.000000 2.000000 0.329899 0.274916 0.239057
d1 0.030000 0.125527 110.000000 2.000000 0.329899 0.274916 0.239057
d1 0.030000 0.125527 115.000000 2.000000 0.329899 0.274916 0.239057
d1 0.030000 0.125527 120.000000 2.000000 0.329899 0.274916 0.239057
d1 0.030000 0.125527 125.000000 2.000000 0.329899 0.274916 0.239057
d1 0.030000 0.125527 130.000000 2.000000 0.329899 0.274916 0.239057
d1 0.030000 0.125527 135.000000 2.000000 0.329899 0.274916 0.239057
d1 0.030000 0.125527 140.000000 2.000000 0.329899 0.274916 0.239057
d1 0.030000 0.125527 145.000000 2.000000 0.329899 0.274916 0.239057
d1 0.030000 0.125527 150.000000 2.000000 0.329899 0.274916 0.239057
d1 0.030000 0.125527 155.000000 2.000000 0.329899 0.274916 0.239057
d1 0.030000 0.125527 160.000000 2.000000 0.329899 0.274916 0.239057
d1 0.030000 0.125527 165.000000 2.000000 0.329899 0.274916 0.239057
d1 0.030000 0.125527 170.000000 2.000000 0.329899 0.274916 0.239057
d1 0.030000 0.125527 175.000000 2.000000 0.329899 0.274916 0.239057
d1 0.030000 0.125527 180.000000 2.000000 0.329899 0.274916 0.239057
d1 0.030000 0.125527 185.000000 2.000000 0.329899 0.274916 0.239057
d1 0.030000 0.125527 190.000000 2.000000 0.329899 0.274916 0.239057
d1 0.030000 0.125527 195.000000 2.000000 0.329899 0.274916 0.239057
d1 0.030000 0.125527 200.000000 2.000000 0.329899 0.274916 0.239057
d1 0.030000 0.125527 205.000000 2.000000 0.329899 0.274916 0.239057
d1 0.030000 0.125527 210.000000 2.000000 0.329899 0.274916 0.239057
d1 0.030000 0.125527 215.000000 2.000000 0.329899 0.274916 0.239057
d1 0.030000 0.125527 220.000000 2.000000 0.329899 0.274916 0.239057
d1 0.030000 0.125527 225.000000 2.000000 0.329899 0.274916 0.239057
d1 0.030000 0.125527 230.000000 2.000000 0.329899 0.274916 0.239057
d1 0.030000 0.125527 235.000000 2.000000 0.329899 0.274916 0.239057
d1 0.030000 0.125527 240.000000 2.000000 0.329899 0.274916 0.239057
d1 0.030000 0.125527 245.000000 2.000000 0.329899 0.274916 0.239057
d1 0.030000 0.125527 250.000000 2.000000 0.329899 0.274916 0.239057
d1 0.030000 0.125527 255.000000 2.000000 0.329899 0.274916 0.239057
d1 0.030000 0.125527 260.000000 2.000000 0.329899 0.274916 0.239057
d1 0.030000 0.125527 265.000000 2.000000 0.329899 0.274916 0.239057
d1 0.030000 0.125527 270.000000 2.000000 0.329899 0.274916 0.239057
d1 0.030000 0.125527 275.000000 2.000000 0.329899 0.274916 0.239057
d1 0.030000 0.125527 280.000000 2.000000 0.329899 0.274916 0.239057
d1 0.030000 0.125527 285.000000 2.000000 0.329899 0.274916 0.239057
d1 0.030000 0.125527 290.000000 2.000000 0.329899 0.274916 0.239057
d1 0.030000 0.125527 295.000000 2.000000 0.329899 0.274916 0.239057
d1 0.030000 0.125527 300.000000 2.000000 0.329899 0.274916 0.239057
d1 0.030000 0.125527 305.000000 0.000000 0.176240 0.270763 0.239043
d1 0.030000 0.125527 310.000000 0.000000 0.094209 0.261331 0.238958
d1 0.030000 0.125527 315.000000 0.000000 0.050417 0.249500 0.238766
d1 0.030000 0.125527 320.000000 0.000000 0.027038 0.236785 0.238454
d1 0.030000 0.125527 325.000000 0.000000 0.014558 0.223971 0.238017
d1 0.030000 0.125527 330.000000 0.000000 0.007895 0.211454 0.237460
d1 0.030000 0.125527 335.000000 0.000000 0.004338 0.199427 0.236787
d1 0.030000 0.125527 340.000000 0.000000 0.002439 0.187973 0.236005
d1 0.030000 0.125527 345.000000 0.000000 0.001425 0.177117 0.235121
d1 0.030000 0.125527 350.000000 0.000000 0.000884 0.166857 0.234142
d1 0.030000 0.125527 355.000000 0.000000 0.000595 0.157175 0.233075
d1 0.030000 0.125527 360.000000 0.000000 0.000441 0.148047 0.231927
d1 0.030000 0.125527 365.000000 0.000000 0.000358 0.139444 0.230704
d1 0.030000 0.125527 370.000000 0.000000 0.000314 0.131340 0.229411
d1 0.030000 0.125527 375.000000 0.000000 0.000291 0.123706 0.228056
d1 0.030000 0.125527 380.000000 0.000000 0.000278 0.116515 0.226642
d1 0.030000 0.125527 385.000000 0.000000 0.000272 0.109743 0.225175
d1 0.030000 0.125527 390.000000 0.000000 0.000268 0.103366 0.223659
d1 0.030000 0.125527 395.000000 0.000000 0.000266 0.097359 0.222099
d1 0.030000 0.125527 400.000000 0.000000 0.000265 0.091702 0.220499
d1 0.030000 0.125527 405.000000 0.000000 0.000264 0.086375 0.218863
d1 0.030000 0.125527 410.000000 0.000000 0.000264 0.081357 0.217194
d1 0.030000 0.125527 415.000000 0.000000 0.000264 0.076632 0.215496
d1 0.030000 0.125527 420.000000 0.000000 0.000264 0.072182 0.213772
d1 0.030000 0.125527 425.000000 0.000000 0.000264 0.067992 0.212024
d1 0.030000 0.125527 430.000000 0.000000 0.000264 0.064045 0.210256
d1 0.030000 0.125527 435.000000 0.000000 0.000264 0.060328 0.208470
d1 0.030000 0.125527 440.000000 0.000000 0.000264 0.056828 0.206668
d1 0.030000 0.125527 445.000000 0.000000 0.000264 0.053531 0.204854
d1 0.030000 0.125527 450.000000 0.000000 0.000264 0.050426 0.203028
d1 0.030000 0.125527 455.000000 0.000000 0.000264 0.047503 0.201193
d1 0.030000 0.125527 460.000000 0.000000 0.000264 0.044749 0.199351
d1 0.030000 0.125527 465.000000 0.000000 0.000264 0.042156 0.197504
d1 0.030000 0.125527 470.000000 0.000000 0.000264 0.039714 0.195652
d1 0.030000 0.125527 475.000000 0.000000 0.000264 0.037414 0.193798
d1 0.030000 0.125527 480.000000 0.000000 0.000264 0.035248 0.191944
d1 0.030000 0.125527 485.000000 0.000000 0.000264 0.033208 0.190089
d1 0.030000 0.125527 490.000000 0.000000 0.000264 0.031287 0.188236
d1 0.030000 0.125527 495.000000 0.000000 0.000264 0.029478 0.186386
d1 0.030000 0.125527 500.000000 0.000000 0.000264 0.027774 0.184539
d1 0.030000 0.125527 505.000000 0.000000 0.000264 0.026169 0.182697
d1 0.030000 0.125527 510.000000 0.000000 0.000264 0.024658 0.180861
d1 0.030000 0.125527 515.000000 0.000000 0.000264 0.023235 0.179031
d1 0.030000 0.125527 520.000000 0.000000 0.000264 0.021895 0.177208
d1 0.030000 0.125527 525.000000 0.000000 0.000264 0.020632 0.175393
d1 0.030000 0.125527 530.000000 0.000000 0.000264 0.019444 0.173587
d1 0.030000 0.125527 535.000000 0.000000 0.000264 0.018324 0.171790
d1 0.030000 0.125527 540.000000 0.000000 0.000264 0.017270 0.170002
d1 0.030000 0.125527 545.000000 0.000000 0.000264 0.016277 0.168225
d1 0.030000 0.125527 550.000000 0.000000 0.000264 0.015342 0.166459
d1 0.030000 0.125527 555.000000 0.000000 0.000264 0.014461 0.164704
d1 0.030000 0.125527 560.000000 0.000000 0.000264 0.013632 0.162960
d1 0.030000 0.125527 565.000000 0.000000 0.000264 0.012851 0.161228
d1 0.030000 0.125527 570.000000 0.000000 0.000264 0.012115 0.159509
d1 0.030000 0.125527 575.000000 0.000000 0.000264 0.011423 0.157802
d1 0.030000 0.125527 580.000000 0.000000 0.000264 0.010770 0.156108
d1 0.030000 0.125527 585.000000 0.000000 0.000264 0.010156 0.154427
d1 0.030000 0.125527 590.000000 0.000000 0.000264 0.009577 0.152759
d1 0.030000 0.125527 595.000000 0.000000 0.000264 0.009032 0.151105
d1 0.030000 0.125527 600.000000 0.000000 0.000264 0.008519 0.149465
d1 0.030000 0.125527 605.000000 0.000000 0.000264 0.008036 0.147838
d1 0.030000 0.125527 610.000000 0.000000 0.000264 0.007581 0.146225
d1 0.030000 0.125527 615.000000 0.000000 0.000264 0.007152 0.144626
d1 0.030000 0.125527 620.000000 0.000000 0.000264 0.006748 0.143042
d1 0.030000 0.125527 625.000000 0.000000 0.000264 0.006368 0.141471
d1 0.030000 0.125527 630.000000 0.000000 0.000264 0.006010 0.139915
d1 0.030000 0.125527 635.000000 0.000000 0.000264 0.005673 0.138373
d1 0.030000 0.125527 640.000000 0.000000 0.000264 0.005355 0.136846
d1 0.030000 0.125527 645.000000 0.000000 0.000264 0.005056 0.135333
d1 0.030000 0.125527 650.000000 0.000000 0.000264 0.004775 0.133835
d1 0.030000 0.125527 655.000000 0.000000 0.000264 0.004509 0.132350
d1 0.030000 0.125527 660.000000 0.000000 0.000264 0.004260 0.130881
d1 0.030000 0.125527 665.000000 0.000000 0.000264 0.004024 0.129425
d1 0.030000 0.125527 670.000000 0.000000 0.000264 0.003803 0.127984
d1 0.030000 0.125527 675.000000 0.000000 0.000264 0.003594 0.126558
d1 0.030000 0.125527 680.000000 0.000000 0.000264 0.003398 0.125145
d1 0.030000 0.125527 685.000000 0.000000 0.000264 0.003213 0.123747
d1 0.030000 0.125527 690.000000 0.000000 0.000264 0.003038 0.122363
d1 0.030000 0.125527 695.000000 0.000000 0.000264 0.002874 0.120994
d1 0.030000 0.125527 700.000000 0.000000 0.000264 0.002720 0.119638
d1 0.030000 0.125527 705.000000 0.000000 0.000264 0.002574 0.118296
d1 0.030000 0.125527 710.000000 0.000000 0.000264 0.002437 0.116969
d1 0.030000 0.125527 715.000000 0.000000 0.000264 0.002308 0.115655
d1 0.030000 0.125527 720.000000 0.000000 0.000264 0.002186 0.114355
d1 0.030000 0.125527 725.000000 0.000000 0.000264 0.002072 0.113068
d1 0.030000 0.125527 730.000000 0.000000 0.000264 0.001964 0.111796
d1 0.030000 0.125527 735.000000 0.000000 0.000264 0.001862 0.110536
d1 0.030000 0.125527 740.000000 0.000000 0.000264 0.001767 0.109290
d1 0.030000 0.125527 745.000000 0.000000 0.000264 0.001677 0.108058
d1 0.030000 0.125527 750.000000 0.000000 0.000264 0.001592 0.106839
d1 0.030000 0.125527 755.000000 0.000000 0.000264 0.001512 0.105632
d1 0.030000 0.125527 760.000000 0.000000 0.000264 0.001437 0.104439
d1 0.030000 0.125527 765.000000 0.000000 0.000264 0.001366 0.103259
d1 0.030000 0.125527 770.000000 0.000000 0.000264 0.001299 0.102092
d1 0.030000 0.125527 775.000000 0.000000 0.000264 0.001236 0.100937
d1 0.030000 0.125527 780.000000 0.000000 0.000264 0.001177 0.099795
d1 0.030000 0.125527 785.000000 0.000000 0.000264 0.001121 0.098665
d1 0.030000 0.125527 790.000000 0.000000 0.000264 0.001069 0.097548
d1 0.030000 0.125527 795.000000 0.000000 0.000264 0.001019 0.096443
d1 0.030000 0.125527 800.000000 0.000000 0.000264 0.000973 0.095350
d1 0.030000 0.125527 805.000000 0.000000 0.000264 0.000929 0.094269
d1 0.030000 0.125527 810.000000 0.000000 0.000264 0.000888 0.093200
d1 0.030000 0.125527 815.000000 0.000000 0.000264 0.000849 0.092143
d1 0.030000 0.125527 820.000000 0.000000 0.000264 0.000812 0.091098
d1 0.030000 0.125527 825.000000 0.000000 0.000264 0.000778 0.090064
d1 0.030000 0.125527 830.000000 0.000000 0.000264 0.000745 0.089042
d1 0.030000 0.125527 835.000000 0.000000 0.000264 0.000715 0.088031
d1 0.030000 0.125527 840.000000 0.000000 0.000264 0.000686 0.087032
d1 0.030000 0.125527 845.000000 0.000000 0.000264 0.000659 0.086043
d1 0.030000 0.125527 850.000000 0.000000 0.000264 0.000633 0.085066
d1 0.030000 0.125527 855.000000 0.000000 0.000264 0.000609 0.084099
d1 0.030000 0.125527 860.000000 0.000000 0.000264 0.000586 0.083144
d1 0.030000 0.125527 865.000000 0.000000 0.000264 0.000565 0.082199
d1 0.030000 0.125527 870.000000 0.000000 0.000264 0.000545 0.081264
d1 0.030000 0.125527 875.000000 0.000000 0.000264 0.000526 0.080340
d1 0.030000 0.125527 880.000000 0.000000 0.000264 0.000508 0.079427
d1 0.030000 0.125527 885.000000 0.000000 0.000264 0.000491 0.078524
d1 0.030000 0.125527 890.000000 0.000000 0.000264 0.000476 0.077631
d1 0.030000 0.125527 895.000000 0.000000 0.000264 0.000461 0.076748
d1 0.030000 0.125527 900.000000 0.000000 0.000264 0.000447 0.075875
d1 0.030000 0.125527 905.000000 0.000000 0.000264 0.000433 0.075011
d1 0.030000 0.125527 910.000000 0.000000 0.000264 0.000421 0.074158
d1 0.030000 0.125527 915.000000 0.000000 0.000264 0.000409 0.073314
d1 0.030000 0.125527 920.000000 0.000000 0.000264 0.000398 0.072480
d1 0.030000 0.125527 925.000000 0.000000 0.000264 0.000388 0.071655
d1 0.030000 0.125527 930.000000 0.000000 0.000264 0.000378 0.070840
d1 0.030000 0.125527 935.000000 0.000000 0.000264 0.000369 0.070033
d1 0.030000 0.125527 940.000000 0.000000 0.000264 0.000360 0.069236
d1 0.030000 0.125527 945.000000 0.000000 0.000264 0.000352 0.068448
d1 0.030000 0.125527 950.000000 0.000000 0.000264 0.000344 0.067669
d1 0.030000 0.125527 955.000000 0.000000 0.000264 0.000337 0.066899
d1 0.030000 0.125527 960.000000 0.000000 0.000264 0.000330 0.066137
d1 0.030000 0.125527 965.000000 0.000000 0.000264 0.000324 0.065384
d1 0.030000 0.125527 970.000000 0.000000 0.000264 0.000318 0.064640
d1 0.030000 0.125527 975.000000 0.000000 0.000264 0.000312 0.063904
d1 0.030000 0.125527 980.000000 0.000000 0.000264 0.000307 0.063176
d1 0.030000 0.125527 985.000000 0.000000 0.000264 0.000302 0.062457
d1 0.030000 0.125527 990.000000 0.000000 0.000264 0.000297 0.061745
d1 0.030000 0.125527 995.000000 0.000000 0.000264 0.000293 0.061042
d1 0.030000 0.125527 1000.000000 0.000000 0.000264 0.000288 0.060347
d1 0.030000 0.125527 1005.000000 0.000000 0.000264 0.000284 0.059660
d1 0.030000 0.125527 1010.000000 0.000000 0.000264 0.000281 0.058981
d1 0.030000 0.125527 1015.000000 0.000000 0.000264 0.000277 0.058309
d1 0.030000 0.125527 1020.000000 0.000000 0.000264 0.000274 0.057645
d1 0.030000 0.125527 1025.000000 0.000000 0.000264 0.000271 0.056989
d1 0.030000 0.125527 1030.000000 0.000000 0.000264 0.000268 0.056340
d1 0.030000 0.125527 1035.000000 0.000000 0.000264 0.000265 0.055698
d1 0.030000 0.125527 1040.000000 0.000000 0.000264 0.000262 0.055064
d1 0.030000 0.125527 1045.000000 0.000000 0.000264 0.000260 0.054437
d1 0.030000 0.125527 1050.000000 0.000000 0.000264 0.000257 0.053817
d1 0.030000 0.125527 1055.000000 0.000000 0.000264 0.000255 0.053204
d1 0.030000 0.125527 1060.000000 0.000000 0.000264 0.000253 0.052599
d1 0.030000 0.125527 1065.000000 0.000000 0.000264 0.000251 0.052000
d1 0.030000 0.125527 1070.000000 0.000000 0.000264 0.000249 0.051408
d1 0.030000 0.125527 1075.000000 0.000000 0.000264 0.000248 0.050822
d1 0.030000 0.125527 1080.000000 0.000000 0.000264 0.000246 0.050244
d1 0.030000 0.125527 1085.000000 0.000000 0.000264 0.000245 0.049671
d1 0.030000 0.125527 1090.000000 0.000000 0.000264 0.000243 0.049106
d1 0.030000 0.125527 1095.000000 0.000000 0.000264 0.000242 0.048547
d1 0.030000 0.125527 1100.000000 0.000000 0.000264 0.000241 0.047994
d1 0.030000 0.125527 1105.000000 0.000000 0.000264 0.000239 0.047448
d1 0.030000 0.125527 1110.000000 0.000000 0.000264 0.000238 0.046908
d1 0.030000 0.125527 1115.000000 0.000000 0.000264 0.000237 0.046374
d1 0.030000 0.125527 1120.000000 0.000000 0.000264 0.000236 0.045846
d1 0.030000 0.125527 1125.000000 0.000000 0.000264 0.000235 0.045324
d1 0.030000 0.125527 1130.000000 0.000000 0.000264 0.000234 0.044808
d1 0.030000 0.125527 1135.000000 0.000000 0.000264 0.000234 0.044298
d1 0.030000 0.125527 1140.000000 0.000000 0.000264 0.000233 0.043794
d1 0.030000 0.125527 1145.000000 0.000000 0.000264 0.000232 0.043295
d1 0.030000 0.125527 1150.000000 0.000000 0.000264 0.000231 0.042803
d1 0.030000 0.125527 1155.000000 0.000000 0.000264 0.000231 0.042315
d1 0.030000 0.125527 1160.000000 0.000000 0.000264 0.000230 0.041834
d1 0.030000 0.125527 1165.000000 0.000000 0.000264 0.000229 0.041358
d1 0.030000 0.125527 1170.000000 0.000000 0.000264 0.000229 0.040887
d1 0.030000 0.125527 1175.000000 0.000000 0.000264 0.000228 0.040422
d1 0.030000 0.125527 1180.000000 0.000000 0.000264 0.000228 0.039962
d1 0.030000 0.125527 1185.000000 0.000000 0.000264 0.000227 0.039507
d1 0.030000 0.125527 1190.000000 0.000000 0.000264 0.000227 0.039058
d1 0.030000 0.125527 1195.000000 0.000000 0.000264 0.000227 0.038614
d1 0.030000 0.125527 1200.000000 0.000000 0.000264 0.000226 0.038174
d1 0.030000 0.125527 1205.000000 0.000000 0.000264 0.000226 0.037740
d1 0.030000 0.125527 1210.000000 0.000000 0.000264 0.000226 0.037311
d1 0.030000 0.125527 1215.000000 0.000000 0.000264 0.000225 0.036886
d1 0.030000 0.125527 1220.000000 0.000000 0.000264 0.000225 0.036467
d1 0.030000 0.125527 1225.000000 0.000000 0.000264 0.000225 0.036052
d1 0.030000 0.125527 1230.000000 0.000000 0.000264 0.000224 0.035642
d1 0.030000 0.125527 1235.000000 0.000000 0.000264 0.000224 0.035237
d1 0.030000 0.125527 1240.000000 0.000000 0.000264 0.000224 0.034836
d1 0.030000 0.125527 1245.000000 0.000000 0.000264 0.000224 0.034440
d1 0.030000 0.125527 1250.000000 0.000000 0.000264 0.000223 0.034049
d1 0.030000 0.125527 1255.000000 0.000000 0.000264 0.000223 0.033661
d1 0.030000 0.125527 1260.000000 0.000000 0.000264 0.000223 0.033279
d1 0.030000 0.125527 1265.000000 0.000000 0.000264 0.000223 0.032900
d1 0.030000 0.125527 1270.000000 0.000000 0.000264 0.000223 0.032527
d1 0.030000 0.125527 1275.000000 0.000000 0.000264 0.000222 0.032157
d1 0.030000 0.125527 1280.000000 0.000000 0.000264 0.000222 0.031791
d1 0.030000 0.125527 1285.000000 0.000000 0.000264 0.000222 0.031430
d1 0.030000 0.125527 1290.000000 0.000000 0.000264 0.000222 0.031073
d1 0.030000 0.125527 1295.000000 0.000000 0.000264 0.000222 0.030720
d1 0.030000 0.125527 1300.000000 0.000000 0.000264 0.000222 0.030371
d1 0.030000 0.125527 1305.000000 0.000000 0.000264 0.000222 0.030026
d1 0.030000 0.125527 1310.000000 0.000000 0.000264 0.000222 0.029685
d1 0.030000 0.125527 1315.000000 0.000000 0.000264 0.000221 0.029347
d1 0.030000 0.125527 1320.000000 0.000000 0.000264 0.000221 0.029014
d1 0.030000 0.125527 1325.000000 0.000000 0.000264 0.000221 0.028684
d1 0.030000 0.125527 1330.000000 0.000000 0.000264 0.000221 0.028359
d1 0.030000 0.125527 1335.000000 0.000000 0.000264 0.000221 0.028037
d1 0.030000 0.125527 1340.000000 0.000000 0.000264 0.000221 0.027718
d1 0.030000 0.125527 1345.000000 0.000000 0.000264 0.000221 0.027404
d1 0.030000 0.125527 1350.000000 0.000000 0.000264 0.000221 0.027092
d1 0.030000 0.125527 1355.000000 0.000000 0.000264 0.000221 0.026785
d1 0.030000 0.125527 1360.000000 0.000000 0.000264 0.000221 0.026481
d1 0.030000 0.125527 1365.000000 0.000000 0.000264 0.000221 0.026180
d1 0.030000 0.125527 1370.000000 0.000000 0.000264 0.000221 0.025883
d1 0.030000 0.125527 1375.000000 0.000000 0.000264 0.000221 0.025589
d1 0.030000 0.125527 1380.000000 0.000000 0.000264 0.000221 0.025299
d1 0.030000 0.125527 1385.000000 0.000000 0.000264 0.000221 0.025012
d1 0.030000 0.125527 1390.000000 0.000000 0.000264 0.000221 0.024728
d1 0.030000 0.125527 1395.000000 0.000000 0.000264 0.000221 0.024447
d1 0.030000 0.125527 1400.000000 0.000000 0.000264 0.000221 0.024170
d1 0.030000 0.125527 1405.000000 0.000000 0.000264 0.000221 0.023896
d1 0.030000 0.125527 1410.000000 0.000000 0.000264 0.000221 0.023625
d1 0.030000 0.125527 1415.000000 0.000000 0.000264 0.000221 0.023357
d1 0.030000 0.125527 1420.000000 0.000000 0.000264 0.000221 0.023092
d1 0.030000 0.125527 1425.000000 0.000000 0.000264 0.000220 0.022830
d1 0.030000 0.125527 1430.000000 0.000000 0.000264 0.000220 0.022571
d1 0.030000 0.125527 1435.000000 0.000000 0.000264 0.000220 0.022315
d1 0.030000 0.125527 1440.000000 0.000000 0.000264 0.000220 0.022063
d1 0.030000 0.125527 1445.000000 0.000000 0.000264 0.000220 0.021812
d1 0.030000 0.125527 1450.000000 0.000000 0.000264 0.000220 0.021565
d1 0.030000 0.125527 1455.000000 0.000000 0.000264 0.000220 0.021321
d1 0.030000 0.125527 1460.000000 0.000000 0.000264 0.000220 0.021079
d1 0.030000 0.125527 1465.000000 0.000000 0.000264 0.000220 0.020840
d1 0.030000 0.125527 1470.000000 0.000000 0.000264 0.000220 0.020604
d1 0.030000 0.125527 1475.000000 0.000000 0.000264 0.000220 0.020371
d1 0.030000 0.125527 1480.000000 0.000000 0.000264 0.000220 0.020140
d1 0.030000 0.125527 1485.000000 0.000000 0.000264 0.000220 0.019912
d1 0.030000 0.125527 1490.000000 0.000000 0.000264 0.000220 0.019687
d1 0.030000 0.125527 1495.000000 0.000000 0.000264 0.000220 0.019464
d1 0.030000 0.125527 1500.000000 0.000000 0.000264 0.000220 0.019243
d1 0.030000 0.125527 1505.000000 0.000000 0.000264 0.000220 0.019026
d1 0.030000 0.125527 1510.000000 0.000000 0.000264 0.000220 0.018810
d1 0.030000 0.125527 1515.000000 0.000000 0.000264 0.000220 0.018597
d1 0.030000 0.125527 1520.000000 0.000000 0.000264 0.000220 0.018387
d1 0.030000 0.125527 1525.000000 0.000000 0.000264 0.000220 0.018179
d1 0.030000 0.125527 1530.000000 0.000000 0.000264 0.000220 0.017973
d1 0.030000 0.125527 1535.000000 0.000000 0.000264 0.000220 0.017770
d1 0.030000 0.125527 1540.000000 0.000000 0.000264 0.000220 0.017569
d1 0.030000 0.125527 1545.000000 0.000000 0.000264 0.000220 0.017370
d1 0.030000 0.125527 1550.000000 0.000000 0.000264 0.000220 0.017174
d1 0.030000 0.125527 1555.000000 0.000000 0.000264 0.000220 0.016980
d1 0.030000 0.125527 1560.000000 0.000000 0.000264 0.000220 0.016788
d1 0.030000 0.125527 1565.000000 0.000000 0.000264 0.000220 0.016598
d1 0.030000 0.125527 1570.000000 0.000000 0.000264 0.000220 0.016410
d1 0.030000 0.125527 1575.000000 0.000000 0.000264 0.000220 0.016225
d1 0.030000 0.125527 1580.000000 0.000000 0.000264 0.000220 0.016041
d1 0.030000 0.125527 1585.000000 0.000000 0.000264 0.000220 0.015860
d1 0.030000 0.125527 1590.000000 0.000000 0.000264 0.000220 0.015681
d1 0.030000 0.125527 1595.000000 0.000000 0.000264 0.000220 0.015504
d1 0.030000 0.125527 1600.000000 0.000000 0.000264 0.000220 0.015329
d1 0.030000 0.125527 1605.000000 0.000000 0.000264 0.000220 0.015156
d1 0.030000 0.125527 1610.000000 0.000000 0.000264 0.000220 0.014985
d1 0.030000 0.125527 1615.000000 0.000000 0.000264 0.000220 0.014816
d1 0.030000 0.125527 1620.000000 0.000000 0.000264 0.000220 0.014648
d1 0.030000 0.125527 1625.000000 0.000000 0.000264 0.000220 0.014483
d1 0.030000 0.125527 1630.000000 0.000000 0.000264 0.000220 0.014320
d1 0.030000 0.125527 1635.000000 0.000000 0.000264 0.000220 0.014158
d1 0.030000 0.125527 1640.000000 0.000000 0.000264 0.000220 0.013998
d1 0.030000 0.125527 1645.000000 0.000000 0.000264 0.000220 0.013841
d1 0.030000 0.125527 1650.000000 0.000000 0.000264 0.000220 0.013684
d1 0.030000 0.125527 1655.000000 0.000000 0.000264 0.000220 0.013530
d1 0.030000 0.125527 1660.000000 0.000000 0.000264 0.000220 0.013378
d1 0.030000 0.125527 1665.000000 0.000000 0.000264 0.000220 0.013227
d1 0.030000 0.125527 1670.000000 0.000000 0.000264 0.000220 0.013078
d1 0.030000 0.125527 1675.000000 0.000000 0.000264 0.000220 0.012930
d1 0.030000 0.125527 1680.000000 0.000000 0.000264 0.000220 0.012785
d1 0.030000 0.125527 1685.000000 0.000000 0.000264 0.000220 0.012641
d1 0.030000 0.125527 1690.000000 0.000000 0.000264 0.000220 0.012498
d1 0.030000 0.125527 1695.000000 0.000000 0.000264 0.000220 0.012358
d1 0.030000 0.125527 1700.000000 0.000000 0.000264 0.000220 0.012219
d1 0.030000 0.125527 1705.000000 0.000000 0.000264 0.000220 0.012081
d1 0.030000 0.125527 1710.000000 0.000000 0.000264 0.000220 0.011945
d1 0.030000 0.125527 1715.000000 0.000000 0.000264 0.000220 0.011811
d1 0.030000 0.125527 1720.000000 0.000000 0.000264 0.000220 0.011678
d1 0.030000 0.125527 1725.000000 0.000000 0.000264 0.000220 0.011547
d1 0.030000 0.125527 1730.000000 0.000000 0.000264 0.000220 0.011417
d1 0.030000 0.125527 1735.000000 0.000000 0.000264 0.000220 0.011288
d1 0.030000 0.125527 1740.000000 0.000000 0.000264 0.000220 0.011161
d1 0.030000 0.125527 1745.000000 0.000000 0.000264 0.000220 0.011036
d1 0.030000 0.125527 1750.000000 0.000000 0.000264 0.000220 0.010912
d1 0.030000 0.125527 1755.000000 0.000000 0.000264 0.000220 0.010789
d1 0.030000 0.125527 1760.000000 0.000000 0.000264 0.000220 0.010668
d1 0.030000 0.125527 1765.000000 0.000000 0.000264 0.000220 0.010549
d1 0.030000 0.125527 1770.000000 0.000000 0.000264 0.000220 0.010430
d1 0.030000 0.125527 1775.000000 0.000000 0.000264 0.000220 0.010313
d1 0.030000 0.125527 1780.000000 0.000000 0.000264 0.000220 0.010197
d1 0.030000 0.125527 1785.000000 0.000000 0.000264 0.000220 0.010083
d1 0.030000 0.125527 1790.000000 0.000000 0.000264 0.000220 0.009970
d1 0.030000 0.125527 1795.000000 0.000000 0.000264 0.000220 0.009858
d1 0.030000 0.125527 1800.000000 0.000000 0.000264 0.000220 0.009747
d1 0.030000 0.125527 1805.000000 0.000000 0.000264 0.000220 0.009638
d1 0.030000 0.125527 1810.000000 0.000000 0.000264 0.000220 0.009530
d1 0.030000 0.125527 1815.000000 0.000000 0.000264 0.000220 0.009423
d1 0.030000 0.125527 1820.000000 0.000000 0.000264 0.000220 0.009318
d1 0.030000 0.125527 1825.000000 0.000000 0.000264 0.000220 0.009213
d1 0.030000 0.125527 1830.000000 0.000000 0.000264 0.000220 0.009110
d1 0.030000 0.125527 1835.000000 0.000000 0.000264 0.000220 0.009008
d1 0.030000 0.125527 1840.000000 0.000000 0.000264 0.000220 0.008908
d1 0.030000 0.125527 1845.000000 0.000000 0.000264 0.000220 0.008808
d1 0.030000 0.125527 1850.000000 0.000000 0.000264 0.000220 0.008709
d1 0.030000 0.125527 1855.000000 0.000000 0.000264 0.000220 0.008612
d1 0.030000 0.125527 1860.000000 0.000000 0.000264 0.000220 0.008516
d1 0.030000 0.125527 1865.000000 0.000000 0.000264 0.000220 0.008420
d1 0.030000 0.125527 1870.000000 0.000000 0.000264 0.000220 0.008326
d1 0.030000 0.125527 1875.000000 0.000000 0.000264 0.000220 0.008233
d1 0.030000 0.125527 1880.000000 0.000000 0.000264 0.000220 0.008141
d1 0.030000 0.125527 1885.000000 0.000000 0.000264 0.000220 0.008050
d1 0.030000 0.125527 1890.000000 0.000000 0.000264 0.000220 0.007961
d1 0.030000 0.125527 1895.000000 0.000000 0.000264 0.000220 0.007872
d1 0.030000 0.125527 1900.000000 0.000000 0.000264 0.000220 0.007784
d1 0.030000 0.125527 1905.000000 0.000000 0.000264 0.000220 0.007697
d1 0.030000 0.125527 1910.000000 0.000000 0.000264 0.000220 0.007611
d1 0.030000 0.125527 1915.000000 0.000000 0.000264 0.000220 0.007526
d1 0.030000 0.125527 1920.000000 0.000000 0.000264 0.000220 0.007443
d1 0.030000 0.125527 1925.000000 0.000000 0.000264 0.000220 0.007360
d1 0.030000 0.125527 1930.000000 0.000000 0.000264 0.000220 0.007278
d1 0.030000 0.125527 1935.000000 0.000000 0.000264 0.000220 0.007197
d1 0.030000 0.125527 1940.000000 0.000000 0.000264 0.000220 0.007117
d1 0.030000 0.125527 1945.000000 0.000000 0.000264 0.000220 0.007037
d1 0.030000 0.125527 1950.000000 0.000000 0.000264 0.000220 0.006959
d1 0.030000 0.125527 1955.000000 0.000000 0.000264 0.000220 0.006882
d1 0.030000 0.125527 1960.000000 0.000000 0.000264 0.000220 0.006805
d1 0.030000 0.125527 1965.000000 0.000000 0.000264 0.000220 0.006730
d1 0.030000 0.125527 1970.000000 0.000000 0.000264 0.000220 0.006655
d1 0.030000 0.125527 1975.000000 0.000000 0.000264 0.000220 0.006581
d1 0.030000 0.125527 1980.000000 0.000000 0.000264 0.000220 0.006508
d1 0.030000 0.125527 1985.000000 0.000000 0.000264 0.000220 0.006436
d1 0.030000 0.125527 1990.000000 0.000000 0.000264 0.000220 0.006364
d1 0.030000 0.125527 1995.000000 0.000000 0.000264 0.000220 0.006294
d1 0.030000 0.125527 2000.000000 0.000000 0.000264 0.000220 0.006224
d1 0.030000 0.125527 2005.000000 0.000000 0.000264 0.000220 0.006155
d1 0.030000 0.125527 2010.000000 0.000000 0.000264 0.000220 0.006087
d1 0.030000 0.125527 2015.000000 0.000000 0.000264 0.000220 0.006019
d1 0.030000 0.125527 2020.000000 0.000000 0.000264 0.000220 0.005953
d1 0.030000 0.125527 2025.000000 0.000000 0.000264 0.000220 0.005887
d1 0.030000 0.125527 2030.000000 0.000000 0.000264 0.000220 0.005822
d1 0.030000 0.125527 2035.000000 0.000000 0.000264 0.000220 0.005757
d1 0.030000 0.125527 2040.000000 0.000000 0.000264 0.000220 0.005694
d1 0.030000 0.125527 2045.000000 0.000000 0.000264 0.000220 0.005631
d1 0.030000 0.125527 2050.000000 0.000000 0.000264 0.000220 0.005569
d1 0.030000 0.125527 2055.000000 0.000000 0.000264 0.000220 0.005507
d1 0.030000 0.125527 2060.000000 0.000000 0.000264 0.000220 0.005446
d1 0.030000 0.125527 2065.000000 0.000000 0.000264 0.000220 0.005386
d1 0.030000 0.125527 2070.000000 0.000000 0.000264 0.000220 0.005327
d1 0.030000 0.125527 2075.000000 0.000000 0.000264 0.000220 0.005268
d1 0.030000 0.125527 2080.000000 0.000000 0.000264 0.000220 0.005210
d1 0.030000 0.125527 2085.000000 0.000000 0.000264 0.000220 0.005153
d1 0.030000 0.125527 2090.000000 0.000000 0.000264 0.000220 0.005096
d1 0.030000 0.125527 2095.000000 0.000000 0.000264 0.000220 0.005040
d1 0.030000 0.125527 2100.000000 0.000000 0.000264 0.000220 0.004984
d1 0.030000 0.125527 2105.000000 0.000000 0.000264 0.000220 0.004930
d1 0.030000 0.125527 2110.000000 0.000000 0.000264 0.000220 0.004875
d1 0.030000 0.125527 2115.000000 0.000000 0.000264 0.000220 0.004822
d1 0.030000 0.125527 2120.000000 0.000000 0.000264 0.000220 0.004769
d1 0.030000 0.125527 2125.000000 0.000000 0.000264 0.000220 0.004717
d1 0.030000 0.125527 2130.000000 0.000000 0.000264 0.000220 0.004665
d1 0.030000 0.125527 2135.000000 0.000000 0.000264 0.000220 0.004614
d1 0.030000 0.125527 2140.000000 0.000000 0.000264 0.000220 0.004563
d1 0.030000 0.125527 2145.000000 0.000000 0.000264 0.000220 0.004513
d1 0.030000 0.125527 2150.000000 0.000000 0.000264 0.000220 0.004464
d1 0.030000 0.125527 2155.000000 0.000000 0.000264 0.000220 0.004415
d1 0.030000 0.125527 2160.000000 0.000000 0.000264 0.000220 0.004367
d1 0.030000 0.125527 2165.000000 0.000000 0.000264 0.000220 0.004319
d1 0.030000 0.125527 2170.000000 0.000000 0.000264 0.000220 0.004272
d1 0.030000 0.125527 2175.000000 0.000000 0.000264 0.000220 0.004225
d1 0.030000 0.125527 2180.000000 0.000000 0.000264 0.000220 0.004179
d1 0.030000 0.125527 2185.000000 0.000000 0.000264 0.000220 0.004133
d1 0.030000 0.125527 2190.000000 0.000000 0.000264 0.000220 0.004088
d1 0.030000 0.125527 2195.000000 0.000000 0.000264 0.000220 0.004044
d1 0.030000 0.125527 2200.000000 0.000000 0.000264 0.000220 0.004000
d1 0.030000 0.125527 2205.000000 0.000000 0.000264 0.000220 0.003956
d1 0.030000 0.125527 2210.000000 0.000000 0.000264 0.000220 0.003913
d1 0.030000 0.125527 2215.000000 0.000000 0.000264 0.000220 0.003870
d1 0.030000 0.125527 2220.000000 0.000000 0.000264 0.000220 0.003828
d1 0.030000 0.125527 2225.000000 0.000000 0.000264 0.000220 0.003787
d1 0.030000 0.125527 2230.000000 0.000000 0.000264 0.000220 0.003746
d1 0.030000 0.125527 2235.000000 0.000000 0.000264 0.000220 0.003705
d1 0.030000 0.125527 2240.000000 0.000000 0.000264 0.000220 0.003665
d1 0.030000 0.125527 2245.000000 0.000000 0.000264 0.000220 0.003625
d1 0.030000 0.125527 2250.000000 0.000000 0.000264 0.000220 0.003586
d1 0.030000 0.125527 2255.000000 0.000000 0.000264 0.000220 0.003547
d1 0.030000 0.125527 2260.000000 0.000000 0.000264 0.000220 0.003509
d1 0.030000 0.125527 2265.000000 0.000000 0.000264 0.000220 0.003471
d1 0.030000 0.125527 2270.000000 0.000000 0.000264 0.000220 0.003433
d1 0.030000 0.125527 2275.000000 0.000000 0.000264 0.000220 0.003396
d1 0.030000 0.125527 2280.000000 0.000000 0.000264 0.000220 0.003360
d1 0.030000 0.125527 2285.000000 0.000000 0.000264 0.000220 0.003323
d1 0.030000 0.125527 2290.000000 0.000000 0.000264 0.000220 0.003288
d1 0.030000 0.125527 2295.000000 0.000000 0.000264 0.000220 0.003252
d1 0.030000 0.125527 2300.000000 0.000000 0.000264 0.000220 0.003217
d1 0.030000 0.125527 2305.000000 0.000000 0.000264 0.000220 0.003183
d1 0.030000 0.125527 2310.000000 0.000000 0.000264 0.000220 0.003148
d1 0.030000 0.125527 2315.000000 0.000000 0.000264 0.000220 0.003114
d1 0.030000 0.125527 2320.000000 0.000000 0.000264 0.000220 0.003081
d1 0.030000 0.125527 2325.000000 0.000000 0.000264 0.000220 0.003048
d1 0.030000 0.125527 2330.000000 0.000000 0.000264 0.000220 0.003015
d1 0.030000 0.125527 2335.000000 0.000000 0.000264 0.000220 0.002983
d1 0.030000 0.125527 2340.000000 0.000000 0.000264 0.000220 0.002951
d1 0.030000 0.125527 2345.000000 0.000000 0.000264 0.000220 0.002920
d1 0.030000 0.125527 2350.000000 0.000000 0.000264 0.000220 0.002888
d1 0.030000 0.125527 2355.000000 0.000000 0.000264 0.000220 0.002858
d1 0.030000 0.125527 2360.000000 0.000000 0.000264 0.000220 0.002827
d1 0.030000 0.125527 2365.000000 0.000000 0.000264 0.000220 0.002797
d1 0.030000 0.125527 2370.000000 0.000000 0.000264 0.000220 0.002767
d1 0.030000 0.125527 2375.000000 0.000000 0.000264 0.000220 0.002738
d1 0.030000 0.125527 2380.000000 0.000000 0.000264 0.000220 0.002709
d1 0.030000 0.125527 2385.000000 0.000000 0.000264 0.000220 0.002680
d1 0.030000 0.125527 2390.000000 0.000000 0.000264 0.000220 0.002651
d1 0.030000 0.125527 2395.000000 0.000000 0.000264 0.000220 0.002623
d1 0.030000 0.125527 2400.000000 0.000000 0.000264 0.000220 0.002595
d1 0.030000 0.125527 2405.000000 0.000000 0.000264 0.000220 0.002568
d1 0.030000 0.125527 2410.000000 0.000000 0.000264 0.000220 0.002541
d1 0.030000 0.125527 2415.000000 0.000000 0.000264 0.000220 0.002514
d1 0.030000 0.125527 2420.000000 0.000000 0.000264 0.000220 0.002487
d1 0.030000 0.125527 2425.000000 0.000000 0.000264 0.000220 0.002461
d1 0.030000 0.125527 2430.000000 0.000000 0.000264 0.000220 0.002435
d1 0.030000 0.125527 2435.000000 0.000000 0.000264 0.000220 0.002409
d1 0.030000 0.125527 2440.000000 0.000000 0.000264 0.000220 0.002384
d1 0.030000 0.125527 2445.000000 0.000000 0.000264 0.000220 0.002359
d1 0.030000 0.125527 2450.000000 0.000000 0.000264 0.000220 0.002334
d1 0.030000 0.125527 2455.000000 0.000000 0.000264 0.000220 0.002310
d1 0.030000 0.125527 2460.000000 0.000000 0.000264 0.000220 0.002285
d1 0.030000 0.125527 2465.000000 0.000000 0.000264 0.000220 0.002262
d1 0.030000 0.125527 2470.000000 0.000000 0.000264 0.000220 0.002238
d1 0.030000 0.125527 2475.000000 0.000000 0.000264 0.000220 0.002214
d1 0.030000 0.125527 2480.000000 0.000000 0.000264 0.000220 0.002191
d1 0.030000 0.125527 2485.000000 0.000000 0.000264 0.000220 0.002168
d1 0.030000 0.125527 2490.000000 0.000000 0.000264 0.000220 0.002146
d1 0.030000 0.125527 2495.000000 0.000000 0.000264 0.000220 0.002124
d1 0.030000 0.125527 2500.000000 0.000000 0.000264 0.000220 0.002101
d1 0.030000 0.125527 2505.000000 0.000000 0.000264 0.000220 0.002080
d1 0.030000 0.125527 2510.000000 0.000000 0.000264 0.000220 0.002058
d1 0.030000 0.125527 2515.000000 0.000000 0.000264 0.000220 0.002037
d1 0.030000 0.125527 2520.000000 0.000000 0.000264 0.000220 0.002016
d1 0.030000 0.125527 2525.000000 0.000000 0.000264 0.000220 0.001995
d1 0.030000 0.125527 2530.000000 0.000000 0.000264 0.000220 0.001974
d1 0.030000 0.125527 2535.000000 0.000000 0.000264 0.000220 0.001954
d1 0.030000 0.125527 2540.000000 0.000000 0.000264 0.000220 0.001934
d1 0.030000 0.125527 2545.000000 0.000000 0.000264 0.000220 0.001914
d1 0.030000 0.125527 2550.000000 0.000000 0.000264 0.000220 0.001894
d1 0.030000 0.125527 2555.000000 0.000000 0.000264 0.000220 0.001874
d1 0.030000 0.125527 2560.000000 0.000000 0.000264 0.000220 0.001855
d1 0.030000 0.125527 2565.000000 0.000000 0.000264 0.000220 0.001836
d1 0.030000 0.125527 2570.000000 0.000000 0.000264 0.000220 0.001817
d1 0.030000 0.125527 2575.000000 0.000000 0.000264 0.000220 0.001799
d1 0.030000 0.125527 2580.000000 0.000000 0.000264 0.000220 0.001780
d1 0.030000 0.125527 2585.000000 0.000000 0.000264 0.000220 0.001762
d1 0.030000 0.125527 2590.000000 0.000000 0.000264 0.000220 0.001744
d1 0.030000 0.125527 2595.000000 0.000000 0.000264 0.000220 0.001727
d1 0.030000 0.125527 2600.000000 0.000000 0.000264 0.000220 0.001709
d1 0.030000 0.125527 2605.000000 0.000000 0.000264 0.000220 0.001692
d1 0.030000 0.125527 2610.000000 0.000000 0.000264 0.000220 0.001674
d1 0.030000 0.125527 2615.000000 0.000000 0.000264 0.000220 0.001658
d1 0.030000 0.125527 2620.000000 0.000000 0.000264 0.000220 0.001641
d1 0.030000 0.125527 2625.000000 0.000000 0.000264 0.000220 0.001624
d1 0.030000 0.125527 2630.000000 0.000000 0.000264 0.000220 0.001608
d1 0.030000 0.125527 2635.000000 0.000000 0.000264 0.000220 0.001592
d1 0.030000 0.125527 2640.000000 0.000000 0.000264 0.000220 0.001576
d1 0.030000 0.125527 2645.000000 0.000000 0.000264 0.000220 0.001560
d1 0.030000 0.125527 2650.000000 0.000000 0.000264 0.000220 0.001544
d1 0.030000 0.125527 2655.000000 0.000000 0.000264 0.000220 0.001529
d1 0.030000 0.125527 2660.000000 0.000000 0.000264 0.000220 0.001513
d1 0.030000 0.125527 2665.000000 0.000000 0.000264 0.000220 0.001498
d1 0.030000 0.125527 2670.000000 0.000000 0.000264 0.000220 0.001483
d1 0.030000 0.125527 2675.000000 0.000000 0.000264 0.000220 0.001469
d1 0.030000 0.125527 2680.000000 0.000000 0.000264 0.000220 0.001454
d1 0.030000 0.125527 2685.000000 0.000000 0.000264 0.000220 0.001440
d1 0.030000 0.125527 2690.000000 0.000000 0.000264 0.000220 0.001425
d1 0.030000 0.125527 2695.000000 0.000000 0.000264 0.000220 0.001411
d1 0.030000 0.125527 2700.000000 0.000000 0.000264 0.000220 0.001397
d1 0.030000 0.125527 2705.000000 0.000000 0.000264 0.000220 0.001383
d1 0.030000 0.125527 2710.000000 0.000000 0.000264 0.000220 0.001370
d1 0.030000 0.125527 2715.000000 0.000000 0.000264 0.000220 0.001356
d1 0.030000 0.125527 2720.000000 0.000000 0.000264 0.000220 0.001343
d1 0.030000 0.125527 2725.000000 0.000000 0.000264 0.000220 0.001330
d1 0.030000 0.125527 2730.000000 0.000000 0.000264 0.000220 0.001317
d1 0.030000 0.125527 2735.000000 0.000000 0.000264 0.000220 0.001304
d1 0.030000 0.125527 2740.000000 0.000000 0.000264 0.000220 0.001291
d1 0.030000 0.125527 2745.000000 0.000000 0.000264 0.000220 0.001279
d1 0.030000 0.125527 2750.000000 0.000000 0.000264 0.000220 0.001266
d1 0.030000 0.125527 2755.000000 0.000000 0.000264 0.000220 0.001254
d1 0.030000 0.125527 2760.000000 0.000000 0.000264 0.000220 0.001242
d1 0.030000 0.125527 2765.000000 0.000000 0.000264 0.000220 0.001230
d1 0.030000 0.125527 2770.000000 0.000000 0.000264 0.000220 0.001218
d1 0.030000 0.125527 2775.000000 0.000000 0.000264 0.000220 0.001206
d1 0.030000 0.125527 2780.000000 0.000000 0.000264 0.000220 0.001195
d1 0.030000 0.125527 2785.000000 0.000000 0.000264 0.000220 0.001183
d1 0.030000 0.125527 2790.000000 0.000000 0.000264 0.000220 0.001172
d1 0.030000 0.125527 2795.000000 0.000000 0.000264 0.000220 0.001161
d1 0.030000 0.125527 2800.000000 0.000000 0.000264 0.000220 0.001149
d1 0.030000 0.125527 2805.000000 0.000000 0.000264 0.000220 0.001138
d1 0.030000 0.125527 2810.000000 0.000000 0.000264 0.000220 0.001128
d1 0.030000 0.125527 2815.000000 0.000000 0.000264 0.000220 0.001117
d1 0.030000 0.125527 2820.000000 0.000000 0.000264 0.000220 0.001106
d1 0.030000 0.125527 2825.000000 0.000000 0.000264 0.000220 0.001096
d1 0.030000 0.125527 2830.000000 0.000000 0.000264 0.000220 0.001086
d1 0.030000 0.125527 2835.000000 0.000000 0.000264 0.000220 0.001075
d1 0.030000 0.125527 2840.000000 0.000000 0.000264 0.000220 0.001065
d1 0.030000 0.125527 2845.000000 0.000000 0.000264 0.000220 0.001055
d1 0.030000 0.125527 2850.000000 0.000000 0.000264 0.000220 0.001045
d1 0.030000 0.125527 2855.000000 0.000000 0.000264 0.000220 0.001036
d1 0.030000 0.125527 2860.000000 0.000000 0.000264 0.000220 0.001026
d1 0.030000 0.125527 2865.000000 0.000000 0.000264 0.000220 0.001016
d1 0.030000 0.125527 2870.000000 0.000000 0.000264 0.000220 0.001007
d1 0.030000 0.125527 2875.000000 0.000000 0.000264 0.000220 0.000998
d1 0.030000 0.125527 2880.000000 0.000000 0.000264 0.000220 0.000988
d1 0.030000 0.125527 2885.000000 0.000000 0.000264 0.000220 0.000979
d1 0.030000 0.125527 2890.000000 0.000000 0.000264 0.000220 0.000970
d1 0.030000 0.125527 2895.000000 0.000000 0.000264 0.000220 0.000961
d1 0.030000 0.125527 2900.000000 0.000000 0.000264 0.000220 0.000953
d1 0.030000 0.125527 2905.000000 0.000000 0.000264 0.000220 0.000944
d1 0.030000 0.125527 2910.000000 0.000000 0.000264 0.000220 0.000935
d1 0.030000 0.125527 2915.000000 0.000000 0.000264 0.000220 0.000927
d1 0.030000 0.125527 2920.000000 0.000000 0.000264 0.000220 0.000918
d1 0.030000 0.125527 2925.000000 0.000000 0.000264 0.000220 0.000910
d1 0.030000 0.125527 2930.000000 0.000000 0.000264 0.000220 0.000902
d1 0.030000 0.125527 2935.000000 0.000000 0.000264 0.000220 0.000894
d1 0.030000 0.125527 2940.000000 0.000000 0.000264 0.000220 0.000886
d1 0.030000 0.125527 2945.000000 0.000000 0.000264 0.000220 0.000878
d1 0.030000 0.125527 2950.000000 0.000000 0.000264 0.000220 0.000870
d1 0.030000 0.125527 2955.000000 0.000000 0.000264 0.000220 0.000862
d1 0.030000 0.125527 2960.000000 0.000000 0.000264 0.000220 0.000854
d1 0.030000 0.125527 2965.000000 0.000000 0.000264 0.000220 0.000847
d1 0.030000 0.125527 2970.000000 0.000000 0.000264 0.000220 0.000839
d1 0.030000 0.125527 2975.000000 0.000000 0.000264 0.000220 0.000832
d1 0.030000 0.125527 2980.000000 0.000000 0.000264 0.000220 0.000825
d1 0.030000 0.125527 2985.000000 0.000000 0.000264 0.000220 0.000817
d1 0.030000 0.125527 2990.000000 0.000000 0.000264 0.000220 0.000810
d1 0.030000 0.125527 2995.000000 0.000000 0.000264 0.000220 0.000803
d1 0.030000 0.125527 3000.000000 0.000000 0.000264 0.000220 0.000796
d1 0.030000 0.125527 3005.000000 0.000000 0.000264 0.000220 0.000789
d1 0.030000 0.125527 3010.000000 0.000000 0.000264 0.000220 0.000782
d1 0.030000 0.125527 3015.000000 0.000000 0.000264 0.000220 0.000776
d1 0.030000 0.125527 3020.000000 0.000000 0.000264 0.000220 0.000769
d1 0.030000 0.125527 3025.000000 0.000000 0.000264 0.000220 0.000762
d1 0.030000 0.125527 3030.000000 0.000000 0.000264 0.000220 0.000756
d1 0.030000 0.125527 3035.000000 0.000000 0.000264 0.000220 0.000749
d1 0.030000 0.125527 3040.000000 0.000000 0.000264 0.000220 0.000743
d1 0.030000 0.125527 3045.000000 0.000000 0.000264 0.000220 0.000737
d1 0.030000 0.125527 3050.000000 0.000000 0.000264 0.000220 0.000730
d1 0.030000 0.125527 3055.000000 0.000000 0.000264 0.000220 0.000724
d1 0.030000 0.125527 3060.000000 0.000000 0.000264 0.000220 0.000718
d1 0.030000 0.125527 3065.000000 0.000000 0.000264 0.000220 0.000712
d1 0.030000 0.125527 3070.000000 0.000000 0.000264 0.000220 0.000706
d1 0.030000 0.125527 3075.000000 0.000000 0.000264 0.000220 0.000700
d1 0.030000 0.125527 3080.000000 0.000000 0.000264 0.000220 0.000694
d1 0.030000 0.125527 3085.000000 0.000000 0.000264 0.000220 0.000689
d1 0.030000 0.125527 3090.000000 0.000000 0.000264 0.000220 0.000683
d1 0.030000 0.125527 3095.000000 0.000000 0.000264 0.000220 0.000677
d1 0.030000 0.125527 3100.000000 0.000000 0.000264 0.000220 0.000672
d1 0.030000 0.125527 3105.000000 0.000000 0.000264 0.000220 0.000666
d1 0.030000 0.125527 3110.000000 0.000000 0.000264 0.000220 0.000661
d1 0.030000 0.125527 3115.000000 0.000000 0.000264 0.000220 0.000656
d1 0.030000 0.125527 3120.000000 0.000000 0.000264 0.000220 0.000650
d1 0.030000 0.125527 3125.000000 0.000000 0.000264 0.000220 0.000645
d1 0.030000 0.125527 3130.000000 0.000000 0.000264 0.000220 0.000640
d1 0.030000 0.125527 3135.000000 0.000000 0.000264 0.000220 0.000635
d1 0.030000 0.125527 3140.000000 0.000000 0.000264 0.000220 0.000630
d1 0.030000 0.125527 3145.000000 0.000000 0.000264 0.000220 0.000625
d1 0.030000 0.125527 3150.000000 0.000000 0.000264 0.000220 0.000620
d1 0.030000 0.125527 3155.000000 0.000000 0.000264 0.000220 0.000615
d1 0.030000 0.125527 3160.000000 0.000000 0.000264 0.000220 0.000610
d1 0.030000 0.125527 3165.000000 0.000000 0.000264 0.000220 0.000605
d1 0.030000 0.125527 3170.000000 0.000000 0.000264 0.000220 0.000600
d1 0.030000 0.125527 3175.000000 0.000000 0.000264 0.000220 0.000596
d1 0.030000 0.125527 3180.000000 0.000000 0.000264 0.000220 0.000591
d1 0.030000 0.125527 3185.000000 0.000000 0.000264 0.000220 0.000587
d1 0.030000 0.125527 3190.000000 0.000000 0.000264 0.000220 0.000582
d1 0.030000 0.125527 3195.000000 0.000000 0.000264 0.000220 0.000578
d1 0.030000 0.125527 3200.000000 0.000000 0.000264 0.000220 0.000573
d1 0.030000 0.125527 3205.000000 0.000000 0.000264 0.000220 0.000569
d1 0.030000 0.125527 3210.000000 0.000000 0.000264 0.000220 0.000564
d1 0.030000 0.125527 3215.000000 0.000000 0.000264 0.000220 0.000560
d1 0.030000 0.125527 3220.000000 0.000000 0.000264 0.000220 0.000556
d1 0.030000 0.125527 3225.000000 0.000000 0.000264 0.000220 0.000552
d1 0.030000 0.125527 3230.000000 0.000000 0.000264 0.000220 0.000548
d1 0.030000 0.125527 3235.000000 0.000000 0.000264 0.000220 0.000544
d1 0.030000 0.125527 3240.000000 0.000000 0.000264 0.000220 0.000540
d1 0.030000 0.125527 3245.000000 0.000000 0.000264 0.000220 0.000536
d1 0.030000 0.125527 3250.000000 0.000000 0.000264 0.000220 0.000532
d1 0.030000 0.125527 3255.000000 0.000000 0.000264 0.000220 0.000528
d1 0.030000 0.125527 3260.000000 0.000000 0.000264 0.000220 0.000524
d1 0.030000 0.125527 3265.000000 0.000000 0.000264 0.000220 0.000520
d1 0.030000 0.125527 3270.000000 0.000000 0.000264 0.000220 0.000516
d1 0.030000 0.125527 3275.000000 0.000000 0.000264 0.000220 0.000513
d1 0.030000 0.125527 3280.000000 0.000000 0.000264 0.000220 0.000509
d1 0.030000 0.125527 3285.000000 0.000000 0.000264 0.000220 0.000505
d1 0.030000 0.125527 3290.000000 0.000000 0.000264 0.000220 0.000502
d1 0.030000 0.125527 3295.000000 0.000000 0.000264 0.000220 0.000498
d1 0.030000 0.125527 3300.000000 0.000000 0.000264 0.000220 0.000495
d1 0.030000 0.125527 3305.000000 0.000000 0.000264 0.000220 0.000491
d1 0.030000 0.125527 3310.000000 0.000000 0.000264 0.000220 0.000488
d1 0.030000 0.125527 3315.000000 0.000000 0.000264 0.000220 0.000484
d1 0.030000 0.125527 3320.000000 0.000000 0.000264 0.000220 0.000481
d1 0.030000 0.125527 3325.000000 0.000000 0.000264 0.000220 0.000478
d1 0.030000 0.125527 3330.000000 0.000000 0.000264 0.000220 0.000474
d1 0.030000 0.125527 3335.000000 0.000000 0.000264 0.000220 0.000471
d1 0.030000 0.125527 3340.000000 0.000000 0.000264 0.000220 0.000468
d1 0.030000 0.125527 3345.000000 0.000000 0.000264 0.000220 0.000465
d1 0.030000 0.125527 3350.000000 0.000000 0.000264 0.000220 0.000462
d1 0.030000 0.125527 3355.000000 0.000000 0.000264 0.000220 0.000459
d1 0.030000 0.125527 3360.000000 0.000000 0.000264 0.000220 0.000456
d1 0.030000 0.125527 3365.000000 0.000000 0.000264 0.000220 0.000453
d1 0.030000 0.125527 3370.000000 0.000000 0.000264 0.000220 0.000450
d1 0.030000 0.125527 3375.000000 0.000000 0.000264 0.000220 0.000447
d1 0.030000 0.125527 3380.000000 0.000000 0.000264 0.000220 0.000444
d1 0.030000 0.125527 3385.000000 0.000000 0.000264 0.000220 0.000441
d1 0.030000 0.125527 3390.000000 0.000000 0.000264 0.000220 0.000438
d1 0.030000 0.125527 3395.000000 0.000000 0.000264 0.000220 0.000435
d1 0.030000 0.125527 3400.000000 0.000000 0.000264 0.000220 0.000432
d1 0.030000 0.125527 3405.000000 0.000000 0.000264 0.000220 0.000430
d1 0.030000 0.125527 3410.000000 0.000000 0.000264 0.000220 0.000427
d1 0.030000 0.125527 3415.000000 0.000000 0.000264 0.000220 0.000424
d1 0.030000 0.125527 3420.000000 0.000000 0.000264 0.000220 0.000421
d1 0.030000 0.125527 3425.000000 0.000000 0.000264 0.000220 0.000419
d1 0.030000 0.125527 3430.000000 0.000000 0.000264 0.000220 0.000416
d1 0.030000 0.125527 3435.000000 0.000000 0.000264 0.000220 0.000414
d1 0.030000 0.125527 3440.000000 0.000000 0.000264 0.000220 0.000411
d1 0.030000 0.125527 3445.000000 0.000000 0.000264 0.000220 0.000409
d1 0.030000 0.125527 3450.000000 0.000000 0.000264 0.000220 0.000406
d1 0.030000 0.125527 3455.000000 0.000000 0.000264 0.000220 0.000404
d1 0.030000 0.125527 3460.000000 0.000000 0.000264 0.000220 0.000401
d1 0.030000 0.125527 3465.000000 0.000000 0.000264 0.000220 0.000399
d1 0.030000 0.125527 3470.000000 0.000000 0.000264 0.000220 0.000396
d1 0.030000 0.125527 3475.000000 0.000000 0.000264 0.000220 0.000394
d1 0.030000 0.125527 3480.000000 0.000000 0.000264 0.000220 0.000392
d1 0.030000 0.125527 3485.000000 0.000000 0.000264 0.000220 0.000390
d1 0.030000 0.125527 3490.000000 0.000000 0.000264 0.000220 0.000387
d1 0.030000 0.125527 3495.000000 0.000000 0.000264 0.000220 0.000385
d1 0.030000 0.125527 3500.000000 0.000000 0.000264 0.000220 0.000383
d1 0.030000 0.125527 3505.000000 0.000000 0.000264 0.000220 0.000381
d1 0.030000 0.125527 3510.000000 0.000000 0.000264 0.000220 0.000378
d1 0.030000 0.125527 3515.000000 0.000000 0.000264 0.000220 0.000376
d1 0.030000 0.125527 3520.000000 0.000000 0.000264 0.000220 0.000374
d1 0.030000 0.125527 3525.000000 0.000000 0.000264 0.000220 0.000372
d1 0.030000 0.125527 3530.000000 0.000000 0.000264 0.000220 0.000370
d1 0.030000 0.125527 3535.000000 0.000000 0.000264 0.000220 0.000368
d1 0.030000 0.125527 3540.000000 0.000000 0.000264 0.000220 0.000366
d1 0.030000 0.125527 3545.000000 0.000000 0.000264 0.000220 0.000364
d1 0.030000 0.125527 3550.000000 0.000000 0.000264 0.000220 0.000362
d1 0.030000 0.125527 3555.000000 0.000000 0.000264 0.000220 0.000360
d1 0.030000 0.125527 3560.000000 0.000000 0.000264 0.000220 0.000358
d1 0.030000 0.125527 3565.000000 0.000000 0.000264 0.000220 0.000356
d1 0.030000 0.125527 3570.000000 0.000000 0.000264 0.000220 0.000354
d1 0.030000 0.125527 3575.000000 0.000000 0.000264 0.000220 0.000352
d1 0.030000 0.125527 3580.000000 0.000000 0.000264 0.000220 0.000351
d1 0.030000 0.125527 3585.000000 0.000000 0.000264 0.000220 0.000349
d1 0.030000 0.125527 3590.000000 0.000000 0.000264 0.000220 0.000347
d1 0.030000 0.125527 3595.000000 0.000000 0.000264 0.000220 0.000345
d1 0.030000 0.125527 3600.000000 0.000000 0.000264 0.000220 0.000343
