HEADER DATE 01-Aug-2017 12:43:13
HEADER RANDSEED 1748169611
Param True_Value Sim_Value Sim_Time Input mRNA foldedP fluo
alpha2 0.010000 0.025107 0.000000 2.000000 1.380379 2.888046 2.511344
alpha2 0.010000 0.025107 5.000000 2.000000 1.380379 2.888046 2.511344
alpha2 0.010000 0.025107 10.000000 2.000000 1.380379 2.888046 2.511344
alpha2 0.010000 0.025107 15.000000 2.000000 1.380379 2.888046 2.511344
alpha2 0.010000 0.025107 20.000000 2.000000 1.380379 2.888046 2.511344
alpha2 0.010000 0.025107 25.000000 2.000000 1.380379 2.888046 2.511344
alpha2 0.010000 0.025107 30.000000 2.000000 1.380379 2.888046 2.511344
alpha2 0.010000 0.025107 35.000000 2.000000 1.380379 2.888046 2.511344
alpha2 0.010000 0.025107 40.000000 2.000000 1.380379 2.888046 2.511344
alpha2 0.010000 0.025107 45.000000 2.000000 1.380379 2.888046 2.511344
alpha2 0.010000 0.025107 50.000000 2.000000 1.380379 2.888046 2.511344
alpha2 0.010000 0.025107 55.000000 2.000000 1.380379 2.888046 2.511344
alpha2 0.010000 0.025107 60.000000 2.000000 1.380379 2.888046 2.511344
alpha2 0.010000 0.025107 65.000000 2.000000 1.380379 2.888046 2.511344
alpha2 0.010000 0.025107 70.000000 2.000000 1.380379 2.888046 2.511344
alpha2 0.010000 0.025107 75.000000 2.000000 1.380379 2.888046 2.511344
alpha2 0.010000 0.025107 80.000000 2.000000 1.380379 2.888046 2.511344
alpha2 0.010000 0.025107 85.000000 2.000000 1.380379 2.888046 2.511344
alpha2 0.010000 0.025107 90.000000 2.000000 1.380379 2.888046 2.511344
alpha2 0.010000 0.025107 95.000000 2.000000 1.380379 2.888046 2.511344
alpha2 0.010000 0.025107 100.000000 2.000000 1.380379 2.888046 2.511344
alpha2 0.010000 0.025107 105.000000 2.000000 1.380379 2.888046 2.511344
alpha2 0.010000 0.025107 110.000000 2.000000 1.380379 2.888046 2.511344
alpha2 0.010000 0.025107 115.000000 2.000000 1.380379 2.888046 2.511344
alpha2 0.010000 0.025107 120.000000 2.000000 1.380379 2.888046 2.511344
alpha2 0.010000 0.025107 125.000000 2.000000 1.380379 2.888046 2.511344
alpha2 0.010000 0.025107 130.000000 2.000000 1.380379 2.888046 2.511344
alpha2 0.010000 0.025107 135.000000 2.000000 1.380379 2.888046 2.511344
alpha2 0.010000 0.025107 140.000000 2.000000 1.380379 2.888046 2.511344
alpha2 0.010000 0.025107 145.000000 2.000000 1.380379 2.888046 2.511344
alpha2 0.010000 0.025107 150.000000 2.000000 1.380379 2.888046 2.511344
alpha2 0.010000 0.025107 155.000000 2.000000 1.380379 2.888046 2.511344
alpha2 0.010000 0.025107 160.000000 2.000000 1.380379 2.888046 2.511344
alpha2 0.010000 0.025107 165.000000 2.000000 1.380379 2.888046 2.511344
alpha2 0.010000 0.025107 170.000000 2.000000 1.380379 2.888046 2.511344
alpha2 0.010000 0.025107 175.000000 2.000000 1.380379 2.888046 2.511344
alpha2 0.010000 0.025107 180.000000 2.000000 1.380379 2.888046 2.511344
alpha2 0.010000 0.025107 185.000000 2.000000 1.380379 2.888046 2.511344
alpha2 0.010000 0.025107 190.000000 2.000000 1.380379 2.888046 2.511344
alpha2 0.010000 0.025107 195.000000 2.000000 1.380379 2.888046 2.511344
alpha2 0.010000 0.025107 200.000000 2.000000 1.380379 2.888046 2.511344
alpha2 0.010000 0.025107 205.000000 2.000000 1.380379 2.888046 2.511344
alpha2 0.010000 0.025107 210.000000 2.000000 1.380379 2.888046 2.511344
alpha2 0.010000 0.025107 215.000000 2.000000 1.380379 2.888046 2.511344
alpha2 0.010000 0.025107 220.000000 2.000000 1.380379 2.888046 2.511344
alpha2 0.010000 0.025107 225.000000 2.000000 1.380379 2.888046 2.511344
alpha2 0.010000 0.025107 230.000000 2.000000 1.380379 2.888046 2.511344
alpha2 0.010000 0.025107 235.000000 2.000000 1.380379 2.888046 2.511344
alpha2 0.010000 0.025107 240.000000 2.000000 1.380379 2.888046 2.511344
alpha2 0.010000 0.025107 245.000000 2.000000 1.380379 2.888046 2.511344
alpha2 0.010000 0.025107 250.000000 2.000000 1.380379 2.888046 2.511344
alpha2 0.010000 0.025107 255.000000 2.000000 1.380379 2.888046 2.511344
alpha2 0.010000 0.025107 260.000000 2.000000 1.380379 2.888046 2.511344
alpha2 0.010000 0.025107 265.000000 2.000000 1.380379 2.888046 2.511344
alpha2 0.010000 0.025107 270.000000 2.000000 1.380379 2.888046 2.511344
alpha2 0.010000 0.025107 275.000000 2.000000 1.380379 2.888046 2.511344
alpha2 0.010000 0.025107 280.000000 2.000000 1.380379 2.888046 2.511344
alpha2 0.010000 0.025107 285.000000 2.000000 1.380379 2.888046 2.511344
alpha2 0.010000 0.025107 290.000000 2.000000 1.380379 2.888046 2.511344
alpha2 0.010000 0.025107 295.000000 2.000000 1.380379 2.888046 2.511344
alpha2 0.010000 0.025107 300.000000 2.000000 1.380379 2.888046 2.511344
alpha2 0.010000 0.025107 305.000000 0.000000 1.188257 2.875933 2.511303
alpha2 0.010000 0.025107 310.000000 0.000000 1.022897 2.842803 2.511034
alpha2 0.010000 0.025107 315.000000 0.000000 0.880569 2.792908 2.510352
alpha2 0.010000 0.025107 320.000000 0.000000 0.758066 2.729827 2.509112
alpha2 0.010000 0.025107 325.000000 0.000000 0.652627 2.656570 2.507207
alpha2 0.010000 0.025107 330.000000 0.000000 0.561875 2.575658 2.504555
alpha2 0.010000 0.025107 335.000000 0.000000 0.483764 2.489198 2.501100
alpha2 0.010000 0.025107 340.000000 0.000000 0.416533 2.398943 2.496805
alpha2 0.010000 0.025107 345.000000 0.000000 0.358666 2.306342 2.491648
alpha2 0.010000 0.025107 350.000000 0.000000 0.308861 2.212591 2.485623
alpha2 0.010000 0.025107 355.000000 0.000000 0.265993 2.118669 2.478733
alpha2 0.010000 0.025107 360.000000 0.000000 0.229096 2.025369 2.470991
alpha2 0.010000 0.025107 365.000000 0.000000 0.197338 1.933332 2.462415
alpha2 0.010000 0.025107 370.000000 0.000000 0.170005 1.843064 2.453031
alpha2 0.010000 0.025107 375.000000 0.000000 0.146478 1.754962 2.442867
alpha2 0.010000 0.025107 380.000000 0.000000 0.126229 1.669331 2.431955
alpha2 0.010000 0.025107 385.000000 0.000000 0.108800 1.586398 2.420330
alpha2 0.010000 0.025107 390.000000 0.000000 0.093799 1.506324 2.408028
alpha2 0.010000 0.025107 395.000000 0.000000 0.080887 1.429217 2.395085
alpha2 0.010000 0.025107 400.000000 0.000000 0.069774 1.355140 2.381538
alpha2 0.010000 0.025107 405.000000 0.000000 0.060209 1.284121 2.367424
alpha2 0.010000 0.025107 410.000000 0.000000 0.051976 1.216157 2.352782
alpha2 0.010000 0.025107 415.000000 0.000000 0.044890 1.151219 2.337646
alpha2 0.010000 0.025107 420.000000 0.000000 0.038791 1.089262 2.322052
alpha2 0.010000 0.025107 425.000000 0.000000 0.033541 1.030224 2.306035
alpha2 0.010000 0.025107 430.000000 0.000000 0.029023 0.974030 2.289628
alpha2 0.010000 0.025107 435.000000 0.000000 0.025134 0.920598 2.272865
alpha2 0.010000 0.025107 440.000000 0.000000 0.021787 0.869838 2.255775
alpha2 0.010000 0.025107 445.000000 0.000000 0.018906 0.821655 2.238388
alpha2 0.010000 0.025107 450.000000 0.000000 0.016427 0.775953 2.220734
alpha2 0.010000 0.025107 455.000000 0.000000 0.014292 0.732632 2.202839
alpha2 0.010000 0.025107 460.000000 0.000000 0.012455 0.691592 2.184730
alpha2 0.010000 0.025107 465.000000 0.000000 0.010874 0.652735 2.166430
alpha2 0.010000 0.025107 470.000000 0.000000 0.009513 0.615962 2.147964
alpha2 0.010000 0.025107 475.000000 0.000000 0.008342 0.581176 2.129354
alpha2 0.010000 0.025107 480.000000 0.000000 0.007334 0.548284 2.110619
alpha2 0.010000 0.025107 485.000000 0.000000 0.006466 0.517193 2.091781
alpha2 0.010000 0.025107 490.000000 0.000000 0.005719 0.487815 2.072858
alpha2 0.010000 0.025107 495.000000 0.000000 0.005076 0.460063 2.053868
alpha2 0.010000 0.025107 500.000000 0.000000 0.004523 0.433855 2.034826
alpha2 0.010000 0.025107 505.000000 0.000000 0.004047 0.409110 2.015749
alpha2 0.010000 0.025107 510.000000 0.000000 0.003637 0.385752 1.996651
alpha2 0.010000 0.025107 515.000000 0.000000 0.003284 0.363709 1.977545
alpha2 0.010000 0.025107 520.000000 0.000000 0.002980 0.342909 1.958445
alpha2 0.010000 0.025107 525.000000 0.000000 0.002719 0.323286 1.939363
alpha2 0.010000 0.025107 530.000000 0.000000 0.002494 0.304777 1.920309
alpha2 0.010000 0.025107 535.000000 0.000000 0.002300 0.287319 1.901295
alpha2 0.010000 0.025107 540.000000 0.000000 0.002134 0.270857 1.882329
alpha2 0.010000 0.025107 545.000000 0.000000 0.001990 0.255334 1.863421
alpha2 0.010000 0.025107 550.000000 0.000000 0.001867 0.240700 1.844580
alpha2 0.010000 0.025107 555.000000 0.000000 0.001761 0.226903 1.825813
alpha2 0.010000 0.025107 560.000000 0.000000 0.001669 0.213898 1.807127
alpha2 0.010000 0.025107 565.000000 0.000000 0.001591 0.201640 1.788529
alpha2 0.010000 0.025107 570.000000 0.000000 0.001523 0.190087 1.770025
alpha2 0.010000 0.025107 575.000000 0.000000 0.001464 0.179199 1.751622
alpha2 0.010000 0.025107 580.000000 0.000000 0.001414 0.168939 1.733324
alpha2 0.010000 0.025107 585.000000 0.000000 0.001371 0.159270 1.715136
alpha2 0.010000 0.025107 590.000000 0.000000 0.001334 0.150159 1.697062
alpha2 0.010000 0.025107 595.000000 0.000000 0.001302 0.141575 1.679108
alpha2 0.010000 0.025107 600.000000 0.000000 0.001274 0.133488 1.661275
alpha2 0.010000 0.025107 605.000000 0.000000 0.001251 0.125868 1.643569
alpha2 0.010000 0.025107 610.000000 0.000000 0.001230 0.118689 1.625992
alpha2 0.010000 0.025107 615.000000 0.000000 0.001213 0.111926 1.608546
alpha2 0.010000 0.025107 620.000000 0.000000 0.001197 0.105554 1.591234
alpha2 0.010000 0.025107 625.000000 0.000000 0.001184 0.099552 1.574059
alpha2 0.010000 0.025107 630.000000 0.000000 0.001173 0.093899 1.557023
alpha2 0.010000 0.025107 635.000000 0.000000 0.001164 0.088573 1.540126
alpha2 0.010000 0.025107 640.000000 0.000000 0.001155 0.083556 1.523372
alpha2 0.010000 0.025107 645.000000 0.000000 0.001148 0.078830 1.506760
alpha2 0.010000 0.025107 650.000000 0.000000 0.001142 0.074379 1.490293
alpha2 0.010000 0.025107 655.000000 0.000000 0.001137 0.070186 1.473971
alpha2 0.010000 0.025107 660.000000 0.000000 0.001132 0.066237 1.457796
alpha2 0.010000 0.025107 665.000000 0.000000 0.001128 0.062518 1.441767
alpha2 0.010000 0.025107 670.000000 0.000000 0.001125 0.059014 1.425886
alpha2 0.010000 0.025107 675.000000 0.000000 0.001122 0.055714 1.410152
alpha2 0.010000 0.025107 680.000000 0.000000 0.001119 0.052606 1.394567
alpha2 0.010000 0.025107 685.000000 0.000000 0.001117 0.049679 1.379129
alpha2 0.010000 0.025107 690.000000 0.000000 0.001115 0.046922 1.363840
alpha2 0.010000 0.025107 695.000000 0.000000 0.001114 0.044325 1.348699
alpha2 0.010000 0.025107 700.000000 0.000000 0.001113 0.041880 1.333707
alpha2 0.010000 0.025107 705.000000 0.000000 0.001111 0.039576 1.318862
alpha2 0.010000 0.025107 710.000000 0.000000 0.001110 0.037407 1.304164
alpha2 0.010000 0.025107 715.000000 0.000000 0.001109 0.035364 1.289614
alpha2 0.010000 0.025107 720.000000 0.000000 0.001109 0.033440 1.275210
alpha2 0.010000 0.025107 725.000000 0.000000 0.001108 0.031627 1.260953
alpha2 0.010000 0.025107 730.000000 0.000000 0.001107 0.029920 1.246841
alpha2 0.010000 0.025107 735.000000 0.000000 0.001107 0.028313 1.232873
alpha2 0.010000 0.025107 740.000000 0.000000 0.001107 0.026799 1.219050
alpha2 0.010000 0.025107 745.000000 0.000000 0.001106 0.025373 1.205371
alpha2 0.010000 0.025107 750.000000 0.000000 0.001106 0.024030 1.191834
alpha2 0.010000 0.025107 755.000000 0.000000 0.001106 0.022766 1.178439
alpha2 0.010000 0.025107 760.000000 0.000000 0.001105 0.021575 1.165185
alpha2 0.010000 0.025107 765.000000 0.000000 0.001105 0.020453 1.152071
alpha2 0.010000 0.025107 770.000000 0.000000 0.001105 0.019396 1.139096
alpha2 0.010000 0.025107 775.000000 0.000000 0.001105 0.018401 1.126259
alpha2 0.010000 0.025107 780.000000 0.000000 0.001105 0.017464 1.113560
alpha2 0.010000 0.025107 785.000000 0.000000 0.001105 0.016582 1.100996
alpha2 0.010000 0.025107 790.000000 0.000000 0.001105 0.015751 1.088568
alpha2 0.010000 0.025107 795.000000 0.000000 0.001104 0.014968 1.076274
alpha2 0.010000 0.025107 800.000000 0.000000 0.001104 0.014231 1.064113
alpha2 0.010000 0.025107 805.000000 0.000000 0.001104 0.013537 1.052084
alpha2 0.010000 0.025107 810.000000 0.000000 0.001104 0.012883 1.040185
alpha2 0.010000 0.025107 815.000000 0.000000 0.001104 0.012267 1.028417
alpha2 0.010000 0.025107 820.000000 0.000000 0.001104 0.011688 1.016777
alpha2 0.010000 0.025107 825.000000 0.000000 0.001104 0.011142 1.005264
alpha2 0.010000 0.025107 830.000000 0.000000 0.001104 0.010627 0.993878
alpha2 0.010000 0.025107 835.000000 0.000000 0.001104 0.010143 0.982617
alpha2 0.010000 0.025107 840.000000 0.000000 0.001104 0.009687 0.971480
alpha2 0.010000 0.025107 845.000000 0.000000 0.001104 0.009257 0.960467
alpha2 0.010000 0.025107 850.000000 0.000000 0.001104 0.008853 0.949574
alpha2 0.010000 0.025107 855.000000 0.000000 0.001104 0.008472 0.938803
alpha2 0.010000 0.025107 860.000000 0.000000 0.001104 0.008113 0.928151
alpha2 0.010000 0.025107 865.000000 0.000000 0.001104 0.007775 0.917617
alpha2 0.010000 0.025107 870.000000 0.000000 0.001104 0.007457 0.907201
alpha2 0.010000 0.025107 875.000000 0.000000 0.001104 0.007157 0.896900
alpha2 0.010000 0.025107 880.000000 0.000000 0.001104 0.006875 0.886715
alpha2 0.010000 0.025107 885.000000 0.000000 0.001104 0.006609 0.876643
alpha2 0.010000 0.025107 890.000000 0.000000 0.001104 0.006358 0.866684
alpha2 0.010000 0.025107 895.000000 0.000000 0.001104 0.006123 0.856836
alpha2 0.010000 0.025107 900.000000 0.000000 0.001104 0.005901 0.847099
alpha2 0.010000 0.025107 905.000000 0.000000 0.001104 0.005692 0.837471
alpha2 0.010000 0.025107 910.000000 0.000000 0.001104 0.005495 0.827950
alpha2 0.010000 0.025107 915.000000 0.000000 0.001104 0.005309 0.818537
alpha2 0.010000 0.025107 920.000000 0.000000 0.001104 0.005135 0.809230
alpha2 0.010000 0.025107 925.000000 0.000000 0.001104 0.004970 0.800027
alpha2 0.010000 0.025107 930.000000 0.000000 0.001104 0.004815 0.790928
alpha2 0.010000 0.025107 935.000000 0.000000 0.001104 0.004669 0.781932
alpha2 0.010000 0.025107 940.000000 0.000000 0.001104 0.004532 0.773037
alpha2 0.010000 0.025107 945.000000 0.000000 0.001104 0.004402 0.764242
alpha2 0.010000 0.025107 950.000000 0.000000 0.001104 0.004281 0.755547
alpha2 0.010000 0.025107 955.000000 0.000000 0.001104 0.004166 0.746950
alpha2 0.010000 0.025107 960.000000 0.000000 0.001104 0.004058 0.738450
alpha2 0.010000 0.025107 965.000000 0.000000 0.001104 0.003956 0.730046
alpha2 0.010000 0.025107 970.000000 0.000000 0.001104 0.003860 0.721738
alpha2 0.010000 0.025107 975.000000 0.000000 0.001104 0.003770 0.713523
alpha2 0.010000 0.025107 980.000000 0.000000 0.001104 0.003685 0.705402
alpha2 0.010000 0.025107 985.000000 0.000000 0.001104 0.003605 0.697372
alpha2 0.010000 0.025107 990.000000 0.000000 0.001104 0.003529 0.689434
alpha2 0.010000 0.025107 995.000000 0.000000 0.001104 0.003458 0.681586
alpha2 0.010000 0.025107 1000.000000 0.000000 0.001104 0.003391 0.673826
alpha2 0.010000 0.025107 1005.000000 0.000000 0.001104 0.003328 0.666155
alpha2 0.010000 0.025107 1010.000000 0.000000 0.001104 0.003269 0.658571
alpha2 0.010000 0.025107 1015.000000 0.000000 0.001104 0.003213 0.651073
alpha2 0.010000 0.025107 1020.000000 0.000000 0.001104 0.003161 0.643660
alpha2 0.010000 0.025107 1025.000000 0.000000 0.001104 0.003111 0.636332
alpha2 0.010000 0.025107 1030.000000 0.000000 0.001104 0.003064 0.629087
alpha2 0.010000 0.025107 1035.000000 0.000000 0.001104 0.003021 0.621924
alpha2 0.010000 0.025107 1040.000000 0.000000 0.001104 0.002979 0.614842
alpha2 0.010000 0.025107 1045.000000 0.000000 0.001104 0.002940 0.607842
alpha2 0.010000 0.025107 1050.000000 0.000000 0.001104 0.002903 0.600921
alpha2 0.010000 0.025107 1055.000000 0.000000 0.001104 0.002869 0.594078
alpha2 0.010000 0.025107 1060.000000 0.000000 0.001104 0.002836 0.587314
alpha2 0.010000 0.025107 1065.000000 0.000000 0.001104 0.002806 0.580627
alpha2 0.010000 0.025107 1070.000000 0.000000 0.001104 0.002777 0.574015
alpha2 0.010000 0.025107 1075.000000 0.000000 0.001104 0.002750 0.567479
alpha2 0.010000 0.025107 1080.000000 0.000000 0.001104 0.002724 0.561018
alpha2 0.010000 0.025107 1085.000000 0.000000 0.001104 0.002700 0.554630
alpha2 0.010000 0.025107 1090.000000 0.000000 0.001104 0.002677 0.548315
alpha2 0.010000 0.025107 1095.000000 0.000000 0.001104 0.002656 0.542072
alpha2 0.010000 0.025107 1100.000000 0.000000 0.001104 0.002636 0.535900
alpha2 0.010000 0.025107 1105.000000 0.000000 0.001104 0.002617 0.529799
alpha2 0.010000 0.025107 1110.000000 0.000000 0.001104 0.002599 0.523767
alpha2 0.010000 0.025107 1115.000000 0.000000 0.001104 0.002582 0.517804
alpha2 0.010000 0.025107 1120.000000 0.000000 0.001104 0.002566 0.511909
alpha2 0.010000 0.025107 1125.000000 0.000000 0.001104 0.002551 0.506081
alpha2 0.010000 0.025107 1130.000000 0.000000 0.001104 0.002537 0.500320
alpha2 0.010000 0.025107 1135.000000 0.000000 0.001104 0.002524 0.494624
alpha2 0.010000 0.025107 1140.000000 0.000000 0.001104 0.002511 0.488994
alpha2 0.010000 0.025107 1145.000000 0.000000 0.001104 0.002500 0.483427
alpha2 0.010000 0.025107 1150.000000 0.000000 0.001104 0.002489 0.477925
alpha2 0.010000 0.025107 1155.000000 0.000000 0.001104 0.002478 0.472485
alpha2 0.010000 0.025107 1160.000000 0.000000 0.001104 0.002468 0.467107
alpha2 0.010000 0.025107 1165.000000 0.000000 0.001104 0.002459 0.461790
alpha2 0.010000 0.025107 1170.000000 0.000000 0.001104 0.002451 0.456535
alpha2 0.010000 0.025107 1175.000000 0.000000 0.001104 0.002442 0.451339
alpha2 0.010000 0.025107 1180.000000 0.000000 0.001104 0.002435 0.446202
alpha2 0.010000 0.025107 1185.000000 0.000000 0.001104 0.002427 0.441125
alpha2 0.010000 0.025107 1190.000000 0.000000 0.001104 0.002421 0.436105
alpha2 0.010000 0.025107 1195.000000 0.000000 0.001104 0.002414 0.431142
alpha2 0.010000 0.025107 1200.000000 0.000000 0.001104 0.002408 0.426237
alpha2 0.010000 0.025107 1205.000000 0.000000 0.001104 0.002402 0.421387
alpha2 0.010000 0.025107 1210.000000 0.000000 0.001104 0.002397 0.416593
alpha2 0.010000 0.025107 1215.000000 0.000000 0.001104 0.002392 0.411853
alpha2 0.010000 0.025107 1220.000000 0.000000 0.001104 0.002387 0.407168
alpha2 0.010000 0.025107 1225.000000 0.000000 0.001104 0.002383 0.402536
alpha2 0.010000 0.025107 1230.000000 0.000000 0.001104 0.002378 0.397957
alpha2 0.010000 0.025107 1235.000000 0.000000 0.001104 0.002374 0.393430
alpha2 0.010000 0.025107 1240.000000 0.000000 0.001104 0.002371 0.388955
alpha2 0.010000 0.025107 1245.000000 0.000000 0.001104 0.002367 0.384531
alpha2 0.010000 0.025107 1250.000000 0.000000 0.001104 0.002364 0.380158
alpha2 0.010000 0.025107 1255.000000 0.000000 0.001104 0.002361 0.375835
alpha2 0.010000 0.025107 1260.000000 0.000000 0.001104 0.002358 0.371561
alpha2 0.010000 0.025107 1265.000000 0.000000 0.001104 0.002355 0.367336
alpha2 0.010000 0.025107 1270.000000 0.000000 0.001104 0.002352 0.363159
alpha2 0.010000 0.025107 1275.000000 0.000000 0.001104 0.002350 0.359030
alpha2 0.010000 0.025107 1280.000000 0.000000 0.001104 0.002347 0.354948
alpha2 0.010000 0.025107 1285.000000 0.000000 0.001104 0.002345 0.350913
alpha2 0.010000 0.025107 1290.000000 0.000000 0.001104 0.002343 0.346924
alpha2 0.010000 0.025107 1295.000000 0.000000 0.001104 0.002341 0.342980
alpha2 0.010000 0.025107 1300.000000 0.000000 0.001104 0.002339 0.339082
alpha2 0.010000 0.025107 1305.000000 0.000000 0.001104 0.002338 0.335228
alpha2 0.010000 0.025107 1310.000000 0.000000 0.001104 0.002336 0.331418
alpha2 0.010000 0.025107 1315.000000 0.000000 0.001104 0.002335 0.327652
alpha2 0.010000 0.025107 1320.000000 0.000000 0.001104 0.002333 0.323929
alpha2 0.010000 0.025107 1325.000000 0.000000 0.001104 0.002332 0.320248
alpha2 0.010000 0.025107 1330.000000 0.000000 0.001104 0.002330 0.316610
alpha2 0.010000 0.025107 1335.000000 0.000000 0.001104 0.002329 0.313013
alpha2 0.010000 0.025107 1340.000000 0.000000 0.001104 0.002328 0.309457
alpha2 0.010000 0.025107 1345.000000 0.000000 0.001104 0.002327 0.305942
alpha2 0.010000 0.025107 1350.000000 0.000000 0.001104 0.002326 0.302467
alpha2 0.010000 0.025107 1355.000000 0.000000 0.001104 0.002325 0.299031
alpha2 0.010000 0.025107 1360.000000 0.000000 0.001104 0.002324 0.295635
alpha2 0.010000 0.025107 1365.000000 0.000000 0.001104 0.002323 0.292278
alpha2 0.010000 0.025107 1370.000000 0.000000 0.001104 0.002323 0.288959
alpha2 0.010000 0.025107 1375.000000 0.000000 0.001104 0.002322 0.285678
alpha2 0.010000 0.025107 1380.000000 0.000000 0.001104 0.002321 0.282435
alpha2 0.010000 0.025107 1385.000000 0.000000 0.001104 0.002320 0.279228
alpha2 0.010000 0.025107 1390.000000 0.000000 0.001104 0.002320 0.276059
alpha2 0.010000 0.025107 1395.000000 0.000000 0.001104 0.002319 0.272925
alpha2 0.010000 0.025107 1400.000000 0.000000 0.001104 0.002319 0.269828
alpha2 0.010000 0.025107 1405.000000 0.000000 0.001104 0.002318 0.266766
alpha2 0.010000 0.025107 1410.000000 0.000000 0.001104 0.002318 0.263738
alpha2 0.010000 0.025107 1415.000000 0.000000 0.001104 0.002317 0.260746
alpha2 0.010000 0.025107 1420.000000 0.000000 0.001104 0.002317 0.257787
alpha2 0.010000 0.025107 1425.000000 0.000000 0.001104 0.002316 0.254863
alpha2 0.010000 0.025107 1430.000000 0.000000 0.001104 0.002316 0.251972
alpha2 0.010000 0.025107 1435.000000 0.000000 0.001104 0.002316 0.249114
alpha2 0.010000 0.025107 1440.000000 0.000000 0.001104 0.002315 0.246288
alpha2 0.010000 0.025107 1445.000000 0.000000 0.001104 0.002315 0.243495
alpha2 0.010000 0.025107 1450.000000 0.000000 0.001104 0.002315 0.240734
alpha2 0.010000 0.025107 1455.000000 0.000000 0.001104 0.002314 0.238005
alpha2 0.010000 0.025107 1460.000000 0.000000 0.001104 0.002314 0.235306
alpha2 0.010000 0.025107 1465.000000 0.000000 0.001104 0.002314 0.232639
alpha2 0.010000 0.025107 1470.000000 0.000000 0.001104 0.002314 0.230002
alpha2 0.010000 0.025107 1475.000000 0.000000 0.001104 0.002313 0.227395
alpha2 0.010000 0.025107 1480.000000 0.000000 0.001104 0.002313 0.224818
alpha2 0.010000 0.025107 1485.000000 0.000000 0.001104 0.002313 0.222270
alpha2 0.010000 0.025107 1490.000000 0.000000 0.001104 0.002313 0.219752
alpha2 0.010000 0.025107 1495.000000 0.000000 0.001104 0.002313 0.217262
alpha2 0.010000 0.025107 1500.000000 0.000000 0.001104 0.002313 0.214801
alpha2 0.010000 0.025107 1505.000000 0.000000 0.001104 0.002312 0.212368
alpha2 0.010000 0.025107 1510.000000 0.000000 0.001104 0.002312 0.209963
alpha2 0.010000 0.025107 1515.000000 0.000000 0.001104 0.002312 0.207585
alpha2 0.010000 0.025107 1520.000000 0.000000 0.001104 0.002312 0.205234
alpha2 0.010000 0.025107 1525.000000 0.000000 0.001104 0.002312 0.202911
alpha2 0.010000 0.025107 1530.000000 0.000000 0.001104 0.002312 0.200614
alpha2 0.010000 0.025107 1535.000000 0.000000 0.001104 0.002312 0.198343
alpha2 0.010000 0.025107 1540.000000 0.000000 0.001104 0.002312 0.196098
alpha2 0.010000 0.025107 1545.000000 0.000000 0.001104 0.002311 0.193879
alpha2 0.010000 0.025107 1550.000000 0.000000 0.001104 0.002311 0.191685
alpha2 0.010000 0.025107 1555.000000 0.000000 0.001104 0.002311 0.189516
alpha2 0.010000 0.025107 1560.000000 0.000000 0.001104 0.002311 0.187372
alpha2 0.010000 0.025107 1565.000000 0.000000 0.001104 0.002311 0.185253
alpha2 0.010000 0.025107 1570.000000 0.000000 0.001104 0.002311 0.183157
alpha2 0.010000 0.025107 1575.000000 0.000000 0.001104 0.002311 0.181086
alpha2 0.010000 0.025107 1580.000000 0.000000 0.001104 0.002311 0.179038
alpha2 0.010000 0.025107 1585.000000 0.000000 0.001104 0.002311 0.177014
alpha2 0.010000 0.025107 1590.000000 0.000000 0.001104 0.002311 0.175013
alpha2 0.010000 0.025107 1595.000000 0.000000 0.001104 0.002311 0.173035
alpha2 0.010000 0.025107 1600.000000 0.000000 0.001104 0.002311 0.171080
alpha2 0.010000 0.025107 1605.000000 0.000000 0.001104 0.002311 0.169146
alpha2 0.010000 0.025107 1610.000000 0.000000 0.001104 0.002311 0.167235
alpha2 0.010000 0.025107 1615.000000 0.000000 0.001104 0.002311 0.165346
alpha2 0.010000 0.025107 1620.000000 0.000000 0.001104 0.002310 0.163479
alpha2 0.010000 0.025107 1625.000000 0.000000 0.001104 0.002310 0.161632
alpha2 0.010000 0.025107 1630.000000 0.000000 0.001104 0.002310 0.159807
alpha2 0.010000 0.025107 1635.000000 0.000000 0.001104 0.002310 0.158003
alpha2 0.010000 0.025107 1640.000000 0.000000 0.001104 0.002310 0.156219
alpha2 0.010000 0.025107 1645.000000 0.000000 0.001104 0.002310 0.154456
alpha2 0.010000 0.025107 1650.000000 0.000000 0.001104 0.002310 0.152713
alpha2 0.010000 0.025107 1655.000000 0.000000 0.001104 0.002310 0.150990
alpha2 0.010000 0.025107 1660.000000 0.000000 0.001104 0.002310 0.149286
alpha2 0.010000 0.025107 1665.000000 0.000000 0.001104 0.002310 0.147602
alpha2 0.010000 0.025107 1670.000000 0.000000 0.001104 0.002310 0.145938
alpha2 0.010000 0.025107 1675.000000 0.000000 0.001104 0.002310 0.144292
alpha2 0.010000 0.025107 1680.000000 0.000000 0.001104 0.002310 0.142665
alpha2 0.010000 0.025107 1685.000000 0.000000 0.001104 0.002310 0.141057
alpha2 0.010000 0.025107 1690.000000 0.000000 0.001104 0.002310 0.139467
alpha2 0.010000 0.025107 1695.000000 0.000000 0.001104 0.002310 0.137895
alpha2 0.010000 0.025107 1700.000000 0.000000 0.001104 0.002310 0.136341
alpha2 0.010000 0.025107 1705.000000 0.000000 0.001104 0.002310 0.134805
alpha2 0.010000 0.025107 1710.000000 0.000000 0.001104 0.002310 0.133287
alpha2 0.010000 0.025107 1715.000000 0.000000 0.001104 0.002310 0.131786
alpha2 0.010000 0.025107 1720.000000 0.000000 0.001104 0.002310 0.130302
alpha2 0.010000 0.025107 1725.000000 0.000000 0.001104 0.002310 0.128835
alpha2 0.010000 0.025107 1730.000000 0.000000 0.001104 0.002310 0.127385
alpha2 0.010000 0.025107 1735.000000 0.000000 0.001104 0.002310 0.125951
alpha2 0.010000 0.025107 1740.000000 0.000000 0.001104 0.002310 0.124534
alpha2 0.010000 0.025107 1745.000000 0.000000 0.001104 0.002310 0.123133
alpha2 0.010000 0.025107 1750.000000 0.000000 0.001104 0.002310 0.121748
alpha2 0.010000 0.025107 1755.000000 0.000000 0.001104 0.002310 0.120379
alpha2 0.010000 0.025107 1760.000000 0.000000 0.001104 0.002310 0.119026
alpha2 0.010000 0.025107 1765.000000 0.000000 0.001104 0.002310 0.117688
alpha2 0.010000 0.025107 1770.000000 0.000000 0.001104 0.002310 0.116365
alpha2 0.010000 0.025107 1775.000000 0.000000 0.001104 0.002310 0.115057
alpha2 0.010000 0.025107 1780.000000 0.000000 0.001104 0.002310 0.113765
alpha2 0.010000 0.025107 1785.000000 0.000000 0.001104 0.002310 0.112487
alpha2 0.010000 0.025107 1790.000000 0.000000 0.001104 0.002310 0.111224
alpha2 0.010000 0.025107 1795.000000 0.000000 0.001104 0.002310 0.109975
alpha2 0.010000 0.025107 1800.000000 0.000000 0.001104 0.002310 0.108741
alpha2 0.010000 0.025107 1805.000000 0.000000 0.001104 0.002310 0.107520
alpha2 0.010000 0.025107 1810.000000 0.000000 0.001104 0.002310 0.106314
alpha2 0.010000 0.025107 1815.000000 0.000000 0.001104 0.002310 0.105121
alpha2 0.010000 0.025107 1820.000000 0.000000 0.001104 0.002310 0.103942
alpha2 0.010000 0.025107 1825.000000 0.000000 0.001104 0.002310 0.102777
alpha2 0.010000 0.025107 1830.000000 0.000000 0.001104 0.002310 0.101624
alpha2 0.010000 0.025107 1835.000000 0.000000 0.001104 0.002310 0.100485
alpha2 0.010000 0.025107 1840.000000 0.000000 0.001104 0.002310 0.099359
alpha2 0.010000 0.025107 1845.000000 0.000000 0.001104 0.002310 0.098246
alpha2 0.010000 0.025107 1850.000000 0.000000 0.001104 0.002310 0.097146
alpha2 0.010000 0.025107 1855.000000 0.000000 0.001104 0.002310 0.096058
alpha2 0.010000 0.025107 1860.000000 0.000000 0.001104 0.002310 0.094983
alpha2 0.010000 0.025107 1865.000000 0.000000 0.001104 0.002310 0.093920
alpha2 0.010000 0.025107 1870.000000 0.000000 0.001104 0.002310 0.092869
alpha2 0.010000 0.025107 1875.000000 0.000000 0.001104 0.002310 0.091830
alpha2 0.010000 0.025107 1880.000000 0.000000 0.001104 0.002310 0.090803
alpha2 0.010000 0.025107 1885.000000 0.000000 0.001104 0.002310 0.089787
alpha2 0.010000 0.025107 1890.000000 0.000000 0.001104 0.002310 0.088784
alpha2 0.010000 0.025107 1895.000000 0.000000 0.001104 0.002310 0.087792
alpha2 0.010000 0.025107 1900.000000 0.000000 0.001104 0.002310 0.086811
alpha2 0.010000 0.025107 1905.000000 0.000000 0.001104 0.002310 0.085841
alpha2 0.010000 0.025107 1910.000000 0.000000 0.001104 0.002310 0.084883
alpha2 0.010000 0.025107 1915.000000 0.000000 0.001104 0.002310 0.083935
alpha2 0.010000 0.025107 1920.000000 0.000000 0.001104 0.002310 0.082998
alpha2 0.010000 0.025107 1925.000000 0.000000 0.001104 0.002310 0.082072
alpha2 0.010000 0.025107 1930.000000 0.000000 0.001104 0.002310 0.081157
alpha2 0.010000 0.025107 1935.000000 0.000000 0.001104 0.002310 0.080252
alpha2 0.010000 0.025107 1940.000000 0.000000 0.001104 0.002310 0.079357
alpha2 0.010000 0.025107 1945.000000 0.000000 0.001104 0.002310 0.078473
alpha2 0.010000 0.025107 1950.000000 0.000000 0.001104 0.002310 0.077598
alpha2 0.010000 0.025107 1955.000000 0.000000 0.001104 0.002310 0.076734
alpha2 0.010000 0.025107 1960.000000 0.000000 0.001104 0.002310 0.075880
alpha2 0.010000 0.025107 1965.000000 0.000000 0.001104 0.002310 0.075035
alpha2 0.010000 0.025107 1970.000000 0.000000 0.001104 0.002310 0.074200
alpha2 0.010000 0.025107 1975.000000 0.000000 0.001104 0.002310 0.073375
alpha2 0.010000 0.025107 1980.000000 0.000000 0.001104 0.002310 0.072559
alpha2 0.010000 0.025107 1985.000000 0.000000 0.001104 0.002310 0.071752
alpha2 0.010000 0.025107 1990.000000 0.000000 0.001104 0.002310 0.070954
alpha2 0.010000 0.025107 1995.000000 0.000000 0.001104 0.002310 0.070166
alpha2 0.010000 0.025107 2000.000000 0.000000 0.001104 0.002310 0.069387
alpha2 0.010000 0.025107 2005.000000 0.000000 0.001104 0.002310 0.068616
alpha2 0.010000 0.025107 2010.000000 0.000000 0.001104 0.002310 0.067855
alpha2 0.010000 0.025107 2015.000000 0.000000 0.001104 0.002310 0.067102
alpha2 0.010000 0.025107 2020.000000 0.000000 0.001104 0.002310 0.066358
alpha2 0.010000 0.025107 2025.000000 0.000000 0.001104 0.002310 0.065622
alpha2 0.010000 0.025107 2030.000000 0.000000 0.001104 0.002310 0.064894
alpha2 0.010000 0.025107 2035.000000 0.000000 0.001104 0.002310 0.064175
alpha2 0.010000 0.025107 2040.000000 0.000000 0.001104 0.002310 0.063465
alpha2 0.010000 0.025107 2045.000000 0.000000 0.001104 0.002310 0.062762
alpha2 0.010000 0.025107 2050.000000 0.000000 0.001104 0.002310 0.062067
alpha2 0.010000 0.025107 2055.000000 0.000000 0.001104 0.002310 0.061380
alpha2 0.010000 0.025107 2060.000000 0.000000 0.001104 0.002310 0.060702
alpha2 0.010000 0.025107 2065.000000 0.000000 0.001104 0.002310 0.060031
alpha2 0.010000 0.025107 2070.000000 0.000000 0.001104 0.002310 0.059367
alpha2 0.010000 0.025107 2075.000000 0.000000 0.001104 0.002310 0.058711
alpha2 0.010000 0.025107 2080.000000 0.000000 0.001104 0.002310 0.058063
alpha2 0.010000 0.025107 2085.000000 0.000000 0.001104 0.002310 0.057422
alpha2 0.010000 0.025107 2090.000000 0.000000 0.001104 0.002310 0.056788
alpha2 0.010000 0.025107 2095.000000 0.000000 0.001104 0.002310 0.056162
alpha2 0.010000 0.025107 2100.000000 0.000000 0.001104 0.002310 0.055543
alpha2 0.010000 0.025107 2105.000000 0.000000 0.001104 0.002310 0.054931
alpha2 0.010000 0.025107 2110.000000 0.000000 0.001104 0.002310 0.054326
alpha2 0.010000 0.025107 2115.000000 0.000000 0.001104 0.002310 0.053727
alpha2 0.010000 0.025107 2120.000000 0.000000 0.001104 0.002310 0.053136
alpha2 0.010000 0.025107 2125.000000 0.000000 0.001104 0.002310 0.052551
alpha2 0.010000 0.025107 2130.000000 0.000000 0.001104 0.002310 0.051974
alpha2 0.010000 0.025107 2135.000000 0.000000 0.001104 0.002310 0.051402
alpha2 0.010000 0.025107 2140.000000 0.000000 0.001104 0.002310 0.050837
alpha2 0.010000 0.025107 2145.000000 0.000000 0.001104 0.002310 0.050279
alpha2 0.010000 0.025107 2150.000000 0.000000 0.001104 0.002310 0.049727
alpha2 0.010000 0.025107 2155.000000 0.000000 0.001104 0.002310 0.049182
alpha2 0.010000 0.025107 2160.000000 0.000000 0.001104 0.002310 0.048642
alpha2 0.010000 0.025107 2165.000000 0.000000 0.001104 0.002310 0.048109
alpha2 0.010000 0.025107 2170.000000 0.000000 0.001104 0.002310 0.047582
alpha2 0.010000 0.025107 2175.000000 0.000000 0.001104 0.002310 0.047061
alpha2 0.010000 0.025107 2180.000000 0.000000 0.001104 0.002310 0.046546
alpha2 0.010000 0.025107 2185.000000 0.000000 0.001104 0.002310 0.046036
alpha2 0.010000 0.025107 2190.000000 0.000000 0.001104 0.002310 0.045533
alpha2 0.010000 0.025107 2195.000000 0.000000 0.001104 0.002310 0.045035
alpha2 0.010000 0.025107 2200.000000 0.000000 0.001104 0.002310 0.044543
alpha2 0.010000 0.025107 2205.000000 0.000000 0.001104 0.002310 0.044057
alpha2 0.010000 0.025107 2210.000000 0.000000 0.001104 0.002310 0.043576
alpha2 0.010000 0.025107 2215.000000 0.000000 0.001104 0.002310 0.043101
alpha2 0.010000 0.025107 2220.000000 0.000000 0.001104 0.002310 0.042631
alpha2 0.010000 0.025107 2225.000000 0.000000 0.001104 0.002310 0.042167
alpha2 0.010000 0.025107 2230.000000 0.000000 0.001104 0.002310 0.041707
alpha2 0.010000 0.025107 2235.000000 0.000000 0.001104 0.002310 0.041253
alpha2 0.010000 0.025107 2240.000000 0.000000 0.001104 0.002310 0.040805
alpha2 0.010000 0.025107 2245.000000 0.000000 0.001104 0.002310 0.040361
alpha2 0.010000 0.025107 2250.000000 0.000000 0.001104 0.002310 0.039923
alpha2 0.010000 0.025107 2255.000000 0.000000 0.001104 0.002310 0.039489
alpha2 0.010000 0.025107 2260.000000 0.000000 0.001104 0.002310 0.039061
alpha2 0.010000 0.025107 2265.000000 0.000000 0.001104 0.002310 0.038637
alpha2 0.010000 0.025107 2270.000000 0.000000 0.001104 0.002310 0.038218
alpha2 0.010000 0.025107 2275.000000 0.000000 0.001104 0.002310 0.037804
alpha2 0.010000 0.025107 2280.000000 0.000000 0.001104 0.002310 0.037395
alpha2 0.010000 0.025107 2285.000000 0.000000 0.001104 0.002310 0.036990
alpha2 0.010000 0.025107 2290.000000 0.000000 0.001104 0.002310 0.036590
alpha2 0.010000 0.025107 2295.000000 0.000000 0.001104 0.002310 0.036195
alpha2 0.010000 0.025107 2300.000000 0.000000 0.001104 0.002310 0.035804
alpha2 0.010000 0.025107 2305.000000 0.000000 0.001104 0.002310 0.035417
alpha2 0.010000 0.025107 2310.000000 0.000000 0.001104 0.002310 0.035035
alpha2 0.010000 0.025107 2315.000000 0.000000 0.001104 0.002310 0.034658
alpha2 0.010000 0.025107 2320.000000 0.000000 0.001104 0.002310 0.034285
alpha2 0.010000 0.025107 2325.000000 0.000000 0.001104 0.002310 0.033915
alpha2 0.010000 0.025107 2330.000000 0.000000 0.001104 0.002310 0.033551
alpha2 0.010000 0.025107 2335.000000 0.000000 0.001104 0.002310 0.033190
alpha2 0.010000 0.025107 2340.000000 0.000000 0.001104 0.002310 0.032833
alpha2 0.010000 0.025107 2345.000000 0.000000 0.001104 0.002310 0.032481
alpha2 0.010000 0.025107 2350.000000 0.000000 0.001104 0.002310 0.032133
alpha2 0.010000 0.025107 2355.000000 0.000000 0.001104 0.002310 0.031788
alpha2 0.010000 0.025107 2360.000000 0.000000 0.001104 0.002310 0.031448
alpha2 0.010000 0.025107 2365.000000 0.000000 0.001104 0.002310 0.031111
alpha2 0.010000 0.025107 2370.000000 0.000000 0.001104 0.002310 0.030778
alpha2 0.010000 0.025107 2375.000000 0.000000 0.001104 0.002310 0.030449
alpha2 0.010000 0.025107 2380.000000 0.000000 0.001104 0.002310 0.030124
alpha2 0.010000 0.025107 2385.000000 0.000000 0.001104 0.002310 0.029803
alpha2 0.010000 0.025107 2390.000000 0.000000 0.001104 0.002310 0.029485
alpha2 0.010000 0.025107 2395.000000 0.000000 0.001104 0.002310 0.029171
alpha2 0.010000 0.025107 2400.000000 0.000000 0.001104 0.002310 0.028860
alpha2 0.010000 0.025107 2405.000000 0.000000 0.001104 0.002310 0.028553
alpha2 0.010000 0.025107 2410.000000 0.000000 0.001104 0.002310 0.028250
alpha2 0.010000 0.025107 2415.000000 0.000000 0.001104 0.002310 0.027950
alpha2 0.010000 0.025107 2420.000000 0.000000 0.001104 0.002310 0.027653
alpha2 0.010000 0.025107 2425.000000 0.000000 0.001104 0.002310 0.027360
alpha2 0.010000 0.025107 2430.000000 0.000000 0.001104 0.002310 0.027070
alpha2 0.010000 0.025107 2435.000000 0.000000 0.001104 0.002310 0.026783
alpha2 0.010000 0.025107 2440.000000 0.000000 0.001104 0.002310 0.026500
alpha2 0.010000 0.025107 2445.000000 0.000000 0.001104 0.002310 0.026220
alpha2 0.010000 0.025107 2450.000000 0.000000 0.001104 0.002310 0.025943
alpha2 0.010000 0.025107 2455.000000 0.000000 0.001104 0.002310 0.025669
alpha2 0.010000 0.025107 2460.000000 0.000000 0.001104 0.002310 0.025399
alpha2 0.010000 0.025107 2465.000000 0.000000 0.001104 0.002310 0.025131
alpha2 0.010000 0.025107 2470.000000 0.000000 0.001104 0.002310 0.024867
alpha2 0.010000 0.025107 2475.000000 0.000000 0.001104 0.002310 0.024606
alpha2 0.010000 0.025107 2480.000000 0.000000 0.001104 0.002310 0.024347
alpha2 0.010000 0.025107 2485.000000 0.000000 0.001104 0.002310 0.024092
alpha2 0.010000 0.025107 2490.000000 0.000000 0.001104 0.002310 0.023839
alpha2 0.010000 0.025107 2495.000000 0.000000 0.001104 0.002310 0.023590
alpha2 0.010000 0.025107 2500.000000 0.000000 0.001104 0.002310 0.023343
alpha2 0.010000 0.025107 2505.000000 0.000000 0.001104 0.002310 0.023099
alpha2 0.010000 0.025107 2510.000000 0.000000 0.001104 0.002310 0.022858
alpha2 0.010000 0.025107 2515.000000 0.000000 0.001104 0.002310 0.022620
alpha2 0.010000 0.025107 2520.000000 0.000000 0.001104 0.002310 0.022384
alpha2 0.010000 0.025107 2525.000000 0.000000 0.001104 0.002310 0.022151
alpha2 0.010000 0.025107 2530.000000 0.000000 0.001104 0.002310 0.021921
alpha2 0.010000 0.025107 2535.000000 0.000000 0.001104 0.002310 0.021693
alpha2 0.010000 0.025107 2540.000000 0.000000 0.001104 0.002310 0.021468
alpha2 0.010000 0.025107 2545.000000 0.000000 0.001104 0.002310 0.021245
alpha2 0.010000 0.025107 2550.000000 0.000000 0.001104 0.002310 0.021025
alpha2 0.010000 0.025107 2555.000000 0.000000 0.001104 0.002310 0.020808
alpha2 0.010000 0.025107 2560.000000 0.000000 0.001104 0.002310 0.020593
alpha2 0.010000 0.025107 2565.000000 0.000000 0.001104 0.002310 0.020381
alpha2 0.010000 0.025107 2570.000000 0.000000 0.001104 0.002310 0.020171
alpha2 0.010000 0.025107 2575.000000 0.000000 0.001104 0.002310 0.019963
alpha2 0.010000 0.025107 2580.000000 0.000000 0.001104 0.002310 0.019758
alpha2 0.010000 0.025107 2585.000000 0.000000 0.001104 0.002310 0.019555
alpha2 0.010000 0.025107 2590.000000 0.000000 0.001104 0.002310 0.019354
alpha2 0.010000 0.025107 2595.000000 0.000000 0.001104 0.002310 0.019156
alpha2 0.010000 0.025107 2600.000000 0.000000 0.001104 0.002310 0.018960
alpha2 0.010000 0.025107 2605.000000 0.000000 0.001104 0.002310 0.018766
alpha2 0.010000 0.025107 2610.000000 0.000000 0.001104 0.002310 0.018574
alpha2 0.010000 0.025107 2615.000000 0.000000 0.001104 0.002310 0.018385
alpha2 0.010000 0.025107 2620.000000 0.000000 0.001104 0.002310 0.018198
alpha2 0.010000 0.025107 2625.000000 0.000000 0.001104 0.002310 0.018012
alpha2 0.010000 0.025107 2630.000000 0.000000 0.001104 0.002310 0.017829
alpha2 0.010000 0.025107 2635.000000 0.000000 0.001104 0.002310 0.017649
alpha2 0.010000 0.025107 2640.000000 0.000000 0.001104 0.002310 0.017470
alpha2 0.010000 0.025107 2645.000000 0.000000 0.001104 0.002310 0.017293
alpha2 0.010000 0.025107 2650.000000 0.000000 0.001104 0.002310 0.017118
alpha2 0.010000 0.025107 2655.000000 0.000000 0.001104 0.002310 0.016945
alpha2 0.010000 0.025107 2660.000000 0.000000 0.001104 0.002310 0.016775
alpha2 0.010000 0.025107 2665.000000 0.000000 0.001104 0.002310 0.016606
alpha2 0.010000 0.025107 2670.000000 0.000000 0.001104 0.002310 0.016439
alpha2 0.010000 0.025107 2675.000000 0.000000 0.001104 0.002310 0.016274
alpha2 0.010000 0.025107 2680.000000 0.000000 0.001104 0.002310 0.016111
alpha2 0.010000 0.025107 2685.000000 0.000000 0.001104 0.002310 0.015950
alpha2 0.010000 0.025107 2690.000000 0.000000 0.001104 0.002310 0.015790
alpha2 0.010000 0.025107 2695.000000 0.000000 0.001104 0.002310 0.015633
alpha2 0.010000 0.025107 2700.000000 0.000000 0.001104 0.002310 0.015477
alpha2 0.010000 0.025107 2705.000000 0.000000 0.001104 0.002310 0.015323
alpha2 0.010000 0.025107 2710.000000 0.000000 0.001104 0.002310 0.015171
alpha2 0.010000 0.025107 2715.000000 0.000000 0.001104 0.002310 0.015020
alpha2 0.010000 0.025107 2720.000000 0.000000 0.001104 0.002310 0.014871
alpha2 0.010000 0.025107 2725.000000 0.000000 0.001104 0.002310 0.014724
alpha2 0.010000 0.025107 2730.000000 0.000000 0.001104 0.002310 0.014579
alpha2 0.010000 0.025107 2735.000000 0.000000 0.001104 0.002310 0.014435
alpha2 0.010000 0.025107 2740.000000 0.000000 0.001104 0.002310 0.014293
alpha2 0.010000 0.025107 2745.000000 0.000000 0.001104 0.002310 0.014153
alpha2 0.010000 0.025107 2750.000000 0.000000 0.001104 0.002310 0.014014
alpha2 0.010000 0.025107 2755.000000 0.000000 0.001104 0.002310 0.013876
alpha2 0.010000 0.025107 2760.000000 0.000000 0.001104 0.002310 0.013741
alpha2 0.010000 0.025107 2765.000000 0.000000 0.001104 0.002310 0.013607
alpha2 0.010000 0.025107 2770.000000 0.000000 0.001104 0.002310 0.013474
alpha2 0.010000 0.025107 2775.000000 0.000000 0.001104 0.002310 0.013343
alpha2 0.010000 0.025107 2780.000000 0.000000 0.001104 0.002310 0.013213
alpha2 0.010000 0.025107 2785.000000 0.000000 0.001104 0.002310 0.013085
alpha2 0.010000 0.025107 2790.000000 0.000000 0.001104 0.002310 0.012959
alpha2 0.010000 0.025107 2795.000000 0.000000 0.001104 0.002310 0.012833
alpha2 0.010000 0.025107 2800.000000 0.000000 0.001104 0.002310 0.012710
alpha2 0.010000 0.025107 2805.000000 0.000000 0.001104 0.002310 0.012587
alpha2 0.010000 0.025107 2810.000000 0.000000 0.001104 0.002310 0.012466
alpha2 0.010000 0.025107 2815.000000 0.000000 0.001104 0.002310 0.012347
alpha2 0.010000 0.025107 2820.000000 0.000000 0.001104 0.002310 0.012228
alpha2 0.010000 0.025107 2825.000000 0.000000 0.001104 0.002310 0.012112
alpha2 0.010000 0.025107 2830.000000 0.000000 0.001104 0.002310 0.011996
alpha2 0.010000 0.025107 2835.000000 0.000000 0.001104 0.002310 0.011882
alpha2 0.010000 0.025107 2840.000000 0.000000 0.001104 0.002310 0.011769
alpha2 0.010000 0.025107 2845.000000 0.000000 0.001104 0.002310 0.011657
alpha2 0.010000 0.025107 2850.000000 0.000000 0.001104 0.002310 0.011547
alpha2 0.010000 0.025107 2855.000000 0.000000 0.001104 0.002310 0.011438
alpha2 0.010000 0.025107 2860.000000 0.000000 0.001104 0.002310 0.011330
alpha2 0.010000 0.025107 2865.000000 0.000000 0.001104 0.002310 0.011224
alpha2 0.010000 0.025107 2870.000000 0.000000 0.001104 0.002310 0.011118
alpha2 0.010000 0.025107 2875.000000 0.000000 0.001104 0.002310 0.011014
alpha2 0.010000 0.025107 2880.000000 0.000000 0.001104 0.002310 0.010911
alpha2 0.010000 0.025107 2885.000000 0.000000 0.001104 0.002310 0.010809
alpha2 0.010000 0.025107 2890.000000 0.000000 0.001104 0.002310 0.010709
alpha2 0.010000 0.025107 2895.000000 0.000000 0.001104 0.002310 0.010609
alpha2 0.010000 0.025107 2900.000000 0.000000 0.001104 0.002310 0.010511
alpha2 0.010000 0.025107 2905.000000 0.000000 0.001104 0.002310 0.010414
alpha2 0.010000 0.025107 2910.000000 0.000000 0.001104 0.002310 0.010318
alpha2 0.010000 0.025107 2915.000000 0.000000 0.001104 0.002310 0.010223
alpha2 0.010000 0.025107 2920.000000 0.000000 0.001104 0.002310 0.010129
alpha2 0.010000 0.025107 2925.000000 0.000000 0.001104 0.002310 0.010036
alpha2 0.010000 0.025107 2930.000000 0.000000 0.001104 0.002310 0.009944
alpha2 0.010000 0.025107 2935.000000 0.000000 0.001104 0.002310 0.009853
alpha2 0.010000 0.025107 2940.000000 0.000000 0.001104 0.002310 0.009764
alpha2 0.010000 0.025107 2945.000000 0.000000 0.001104 0.002310 0.009675
alpha2 0.010000 0.025107 2950.000000 0.000000 0.001104 0.002310 0.009587
alpha2 0.010000 0.025107 2955.000000 0.000000 0.001104 0.002310 0.009501
alpha2 0.010000 0.025107 2960.000000 0.000000 0.001104 0.002310 0.009415
alpha2 0.010000 0.025107 2965.000000 0.000000 0.001104 0.002310 0.009330
alpha2 0.010000 0.025107 2970.000000 0.000000 0.001104 0.002310 0.009247
alpha2 0.010000 0.025107 2975.000000 0.000000 0.001104 0.002310 0.009164
alpha2 0.010000 0.025107 2980.000000 0.000000 0.001104 0.002310 0.009082
alpha2 0.010000 0.025107 2985.000000 0.000000 0.001104 0.002310 0.009001
alpha2 0.010000 0.025107 2990.000000 0.000000 0.001104 0.002310 0.008921
alpha2 0.010000 0.025107 2995.000000 0.000000 0.001104 0.002310 0.008842
alpha2 0.010000 0.025107 3000.000000 0.000000 0.001104 0.002310 0.008764
alpha2 0.010000 0.025107 3005.000000 0.000000 0.001104 0.002310 0.008687
alpha2 0.010000 0.025107 3010.000000 0.000000 0.001104 0.002310 0.008610
alpha2 0.010000 0.025107 3015.000000 0.000000 0.001104 0.002310 0.008535
alpha2 0.010000 0.025107 3020.000000 0.000000 0.001104 0.002310 0.008460
alpha2 0.010000 0.025107 3025.000000 0.000000 0.001104 0.002310 0.008386
alpha2 0.010000 0.025107 3030.000000 0.000000 0.001104 0.002310 0.008314
alpha2 0.010000 0.025107 3035.000000 0.000000 0.001104 0.002310 0.008241
alpha2 0.010000 0.025107 3040.000000 0.000000 0.001104 0.002310 0.008170
alpha2 0.010000 0.025107 3045.000000 0.000000 0.001104 0.002310 0.008100
alpha2 0.010000 0.025107 3050.000000 0.000000 0.001104 0.002310 0.008030
alpha2 0.010000 0.025107 3055.000000 0.000000 0.001104 0.002310 0.007961
alpha2 0.010000 0.025107 3060.000000 0.000000 0.001104 0.002310 0.007893
alpha2 0.010000 0.025107 3065.000000 0.000000 0.001104 0.002310 0.007826
alpha2 0.010000 0.025107 3070.000000 0.000000 0.001104 0.002310 0.007759
alpha2 0.010000 0.025107 3075.000000 0.000000 0.001104 0.002310 0.007694
alpha2 0.010000 0.025107 3080.000000 0.000000 0.001104 0.002310 0.007629
alpha2 0.010000 0.025107 3085.000000 0.000000 0.001104 0.002310 0.007564
alpha2 0.010000 0.025107 3090.000000 0.000000 0.001104 0.002310 0.007501
alpha2 0.010000 0.025107 3095.000000 0.000000 0.001104 0.002310 0.007438
alpha2 0.010000 0.025107 3100.000000 0.000000 0.001104 0.002310 0.007376
alpha2 0.010000 0.025107 3105.000000 0.000000 0.001104 0.002310 0.007315
alpha2 0.010000 0.025107 3110.000000 0.000000 0.001104 0.002310 0.007254
alpha2 0.010000 0.025107 3115.000000 0.000000 0.001104 0.002310 0.007194
alpha2 0.010000 0.025107 3120.000000 0.000000 0.001104 0.002310 0.007135
alpha2 0.010000 0.025107 3125.000000 0.000000 0.001104 0.002310 0.007076
alpha2 0.010000 0.025107 3130.000000 0.000000 0.001104 0.002310 0.007018
alpha2 0.010000 0.025107 3135.000000 0.000000 0.001104 0.002310 0.006961
alpha2 0.010000 0.025107 3140.000000 0.000000 0.001104 0.002310 0.006904
alpha2 0.010000 0.025107 3145.000000 0.000000 0.001104 0.002310 0.006848
alpha2 0.010000 0.025107 3150.000000 0.000000 0.001104 0.002310 0.006793
alpha2 0.010000 0.025107 3155.000000 0.000000 0.001104 0.002310 0.006738
alpha2 0.010000 0.025107 3160.000000 0.000000 0.001104 0.002310 0.006684
alpha2 0.010000 0.025107 3165.000000 0.000000 0.001104 0.002310 0.006631
alpha2 0.010000 0.025107 3170.000000 0.000000 0.001104 0.002310 0.006578
alpha2 0.010000 0.025107 3175.000000 0.000000 0.001104 0.002310 0.006526
alpha2 0.010000 0.025107 3180.000000 0.000000 0.001104 0.002310 0.006474
alpha2 0.010000 0.025107 3185.000000 0.000000 0.001104 0.002310 0.006423
alpha2 0.010000 0.025107 3190.000000 0.000000 0.001104 0.002310 0.006372
alpha2 0.010000 0.025107 3195.000000 0.000000 0.001104 0.002310 0.006322
alpha2 0.010000 0.025107 3200.000000 0.000000 0.001104 0.002310 0.006273
alpha2 0.010000 0.025107 3205.000000 0.000000 0.001104 0.002310 0.006224
alpha2 0.010000 0.025107 3210.000000 0.000000 0.001104 0.002310 0.006176
alpha2 0.010000 0.025107 3215.000000 0.000000 0.001104 0.002310 0.006129
alpha2 0.010000 0.025107 3220.000000 0.000000 0.001104 0.002310 0.006081
alpha2 0.010000 0.025107 3225.000000 0.000000 0.001104 0.002310 0.006035
alpha2 0.010000 0.025107 3230.000000 0.000000 0.001104 0.002310 0.005989
alpha2 0.010000 0.025107 3235.000000 0.000000 0.001104 0.002310 0.005943
alpha2 0.010000 0.025107 3240.000000 0.000000 0.001104 0.002310 0.005898
alpha2 0.010000 0.025107 3245.000000 0.000000 0.001104 0.002310 0.005854
alpha2 0.010000 0.025107 3250.000000 0.000000 0.001104 0.002310 0.005810
alpha2 0.010000 0.025107 3255.000000 0.000000 0.001104 0.002310 0.005766
alpha2 0.010000 0.025107 3260.000000 0.000000 0.001104 0.002310 0.005723
alpha2 0.010000 0.025107 3265.000000 0.000000 0.001104 0.002310 0.005681
alpha2 0.010000 0.025107 3270.000000 0.000000 0.001104 0.002310 0.005639
alpha2 0.010000 0.025107 3275.000000 0.000000 0.001104 0.002310 0.005597
alpha2 0.010000 0.025107 3280.000000 0.000000 0.001104 0.002310 0.005556
alpha2 0.010000 0.025107 3285.000000 0.000000 0.001104 0.002310 0.005516
alpha2 0.010000 0.025107 3290.000000 0.000000 0.001104 0.002310 0.005476
alpha2 0.010000 0.025107 3295.000000 0.000000 0.001104 0.002310 0.005436
alpha2 0.010000 0.025107 3300.000000 0.000000 0.001104 0.002310 0.005397
alpha2 0.010000 0.025107 3305.000000 0.000000 0.001104 0.002310 0.005358
alpha2 0.010000 0.025107 3310.000000 0.000000 0.001104 0.002310 0.005320
alpha2 0.010000 0.025107 3315.000000 0.000000 0.001104 0.002310 0.005282
alpha2 0.010000 0.025107 3320.000000 0.000000 0.001104 0.002310 0.005245
alpha2 0.010000 0.025107 3325.000000 0.000000 0.001104 0.002310 0.005208
alpha2 0.010000 0.025107 3330.000000 0.000000 0.001104 0.002310 0.005171
alpha2 0.010000 0.025107 3335.000000 0.000000 0.001104 0.002310 0.005135
alpha2 0.010000 0.025107 3340.000000 0.000000 0.001104 0.002310 0.005099
alpha2 0.010000 0.025107 3345.000000 0.000000 0.001104 0.002310 0.005064
alpha2 0.010000 0.025107 3350.000000 0.000000 0.001104 0.002310 0.005029
alpha2 0.010000 0.025107 3355.000000 0.000000 0.001104 0.002310 0.004994
alpha2 0.010000 0.025107 3360.000000 0.000000 0.001104 0.002310 0.004960
alpha2 0.010000 0.025107 3365.000000 0.000000 0.001104 0.002310 0.004926
alpha2 0.010000 0.025107 3370.000000 0.000000 0.001104 0.002310 0.004893
alpha2 0.010000 0.025107 3375.000000 0.000000 0.001104 0.002310 0.004860
alpha2 0.010000 0.025107 3380.000000 0.000000 0.001104 0.002310 0.004827
alpha2 0.010000 0.025107 3385.000000 0.000000 0.001104 0.002310 0.004795
alpha2 0.010000 0.025107 3390.000000 0.000000 0.001104 0.002310 0.004763
alpha2 0.010000 0.025107 3395.000000 0.000000 0.001104 0.002310 0.004732
alpha2 0.010000 0.025107 3400.000000 0.000000 0.001104 0.002310 0.004701
alpha2 0.010000 0.025107 3405.000000 0.000000 0.001104 0.002310 0.004670
alpha2 0.010000 0.025107 3410.000000 0.000000 0.001104 0.002310 0.004640
alpha2 0.010000 0.025107 3415.000000 0.000000 0.001104 0.002310 0.004609
alpha2 0.010000 0.025107 3420.000000 0.000000 0.001104 0.002310 0.004580
alpha2 0.010000 0.025107 3425.000000 0.000000 0.001104 0.002310 0.004550
alpha2 0.010000 0.025107 3430.000000 0.000000 0.001104 0.002310 0.004521
alpha2 0.010000 0.025107 3435.000000 0.000000 0.001104 0.002310 0.004493
alpha2 0.010000 0.025107 3440.000000 0.000000 0.001104 0.002310 0.004464
alpha2 0.010000 0.025107 3445.000000 0.000000 0.001104 0.002310 0.004436
alpha2 0.010000 0.025107 3450.000000 0.000000 0.001104 0.002310 0.004408
alpha2 0.010000 0.025107 3455.000000 0.000000 0.001104 0.002310 0.004381
alpha2 0.010000 0.025107 3460.000000 0.000000 0.001104 0.002310 0.004354
alpha2 0.010000 0.025107 3465.000000 0.000000 0.001104 0.002310 0.004327
alpha2 0.010000 0.025107 3470.000000 0.000000 0.001104 0.002310 0.004300
alpha2 0.010000 0.025107 3475.000000 0.000000 0.001104 0.002310 0.004274
alpha2 0.010000 0.025107 3480.000000 0.000000 0.001104 0.002310 0.004248
alpha2 0.010000 0.025107 3485.000000 0.000000 0.001104 0.002310 0.004223
alpha2 0.010000 0.025107 3490.000000 0.000000 0.001104 0.002310 0.004197
alpha2 0.010000 0.025107 3495.000000 0.000000 0.001104 0.002310 0.004172
alpha2 0.010000 0.025107 3500.000000 0.000000 0.001104 0.002310 0.004148
alpha2 0.010000 0.025107 3505.000000 0.000000 0.001104 0.002310 0.004123
alpha2 0.010000 0.025107 3510.000000 0.000000 0.001104 0.002310 0.004099
alpha2 0.010000 0.025107 3515.000000 0.000000 0.001104 0.002310 0.004075
alpha2 0.010000 0.025107 3520.000000 0.000000 0.001104 0.002310 0.004051
alpha2 0.010000 0.025107 3525.000000 0.000000 0.001104 0.002310 0.004028
alpha2 0.010000 0.025107 3530.000000 0.000000 0.001104 0.002310 0.004005
alpha2 0.010000 0.025107 3535.000000 0.000000 0.001104 0.002310 0.003982
alpha2 0.010000 0.025107 3540.000000 0.000000 0.001104 0.002310 0.003960
alpha2 0.010000 0.025107 3545.000000 0.000000 0.001104 0.002310 0.003937
alpha2 0.010000 0.025107 3550.000000 0.000000 0.001104 0.002310 0.003915
alpha2 0.010000 0.025107 3555.000000 0.000000 0.001104 0.002310 0.003893
alpha2 0.010000 0.025107 3560.000000 0.000000 0.001104 0.002310 0.003872
alpha2 0.010000 0.025107 3565.000000 0.000000 0.001104 0.002310 0.003851
alpha2 0.010000 0.025107 3570.000000 0.000000 0.001104 0.002310 0.003829
alpha2 0.010000 0.025107 3575.000000 0.000000 0.001104 0.002310 0.003809
alpha2 0.010000 0.025107 3580.000000 0.000000 0.001104 0.002310 0.003788
alpha2 0.010000 0.025107 3585.000000 0.000000 0.001104 0.002310 0.003768
alpha2 0.010000 0.025107 3590.000000 0.000000 0.001104 0.002310 0.003748
alpha2 0.010000 0.025107 3595.000000 0.000000 0.001104 0.002310 0.003728
alpha2 0.010000 0.025107 3600.000000 0.000000 0.001104 0.002310 0.003708
