HEADER DATE 01-Aug-2017 12:41:34
HEADER RANDSEED 1748159743
Param True_Value Sim_Value Sim_Time Input mRNA foldedP fluo
alpha2 0.010000 0.090214 0.000000 2.000000 1.380379 10.377499 9.023912
alpha2 0.010000 0.090214 5.000000 2.000000 1.380379 10.377499 9.023912
alpha2 0.010000 0.090214 10.000000 2.000000 1.380379 10.377499 9.023912
alpha2 0.010000 0.090214 15.000000 2.000000 1.380379 10.377499 9.023912
alpha2 0.010000 0.090214 20.000000 2.000000 1.380379 10.377499 9.023912
alpha2 0.010000 0.090214 25.000000 2.000000 1.380379 10.377499 9.023912
alpha2 0.010000 0.090214 30.000000 2.000000 1.380379 10.377499 9.023912
alpha2 0.010000 0.090214 35.000000 2.000000 1.380379 10.377499 9.023912
alpha2 0.010000 0.090214 40.000000 2.000000 1.380379 10.377499 9.023912
alpha2 0.010000 0.090214 45.000000 2.000000 1.380379 10.377499 9.023912
alpha2 0.010000 0.090214 50.000000 2.000000 1.380379 10.377499 9.023912
alpha2 0.010000 0.090214 55.000000 2.000000 1.380379 10.377499 9.023912
alpha2 0.010000 0.090214 60.000000 2.000000 1.380379 10.377499 9.023912
alpha2 0.010000 0.090214 65.000000 2.000000 1.380379 10.377499 9.023912
alpha2 0.010000 0.090214 70.000000 2.000000 1.380379 10.377499 9.023912
alpha2 0.010000 0.090214 75.000000 2.000000 1.380379 10.377499 9.023912
alpha2 0.010000 0.090214 80.000000 2.000000 1.380379 10.377499 9.023912
alpha2 0.010000 0.090214 85.000000 2.000000 1.380379 10.377499 9.023912
alpha2 0.010000 0.090214 90.000000 2.000000 1.380379 10.377499 9.023912
alpha2 0.010000 0.090214 95.000000 2.000000 1.380379 10.377499 9.023912
alpha2 0.010000 0.090214 100.000000 2.000000 1.380379 10.377499 9.023912
alpha2 0.010000 0.090214 105.000000 2.000000 1.380379 10.377499 9.023912
alpha2 0.010000 0.090214 110.000000 2.000000 1.380379 10.377499 9.023912
alpha2 0.010000 0.090214 115.000000 2.000000 1.380379 10.377499 9.023912
alpha2 0.010000 0.090214 120.000000 2.000000 1.380379 10.377499 9.023912
alpha2 0.010000 0.090214 125.000000 2.000000 1.380379 10.377499 9.023912
alpha2 0.010000 0.090214 130.000000 2.000000 1.380379 10.377499 9.023912
alpha2 0.010000 0.090214 135.000000 2.000000 1.380379 10.377499 9.023912
alpha2 0.010000 0.090214 140.000000 2.000000 1.380379 10.377499 9.023912
alpha2 0.010000 0.090214 145.000000 2.000000 1.380379 10.377499 9.023912
alpha2 0.010000 0.090214 150.000000 2.000000 1.380379 10.377499 9.023912
alpha2 0.010000 0.090214 155.000000 2.000000 1.380379 10.377499 9.023912
alpha2 0.010000 0.090214 160.000000 2.000000 1.380379 10.377499 9.023912
alpha2 0.010000 0.090214 165.000000 2.000000 1.380379 10.377499 9.023912
alpha2 0.010000 0.090214 170.000000 2.000000 1.380379 10.377499 9.023912
alpha2 0.010000 0.090214 175.000000 2.000000 1.380379 10.377499 9.023912
alpha2 0.010000 0.090214 180.000000 2.000000 1.380379 10.377499 9.023912
alpha2 0.010000 0.090214 185.000000 2.000000 1.380379 10.377499 9.023912
alpha2 0.010000 0.090214 190.000000 2.000000 1.380379 10.377499 9.023912
alpha2 0.010000 0.090214 195.000000 2.000000 1.380379 10.377499 9.023912
alpha2 0.010000 0.090214 200.000000 2.000000 1.380379 10.377499 9.023912
alpha2 0.010000 0.090214 205.000000 2.000000 1.380379 10.377499 9.023912
alpha2 0.010000 0.090214 210.000000 2.000000 1.380379 10.377499 9.023912
alpha2 0.010000 0.090214 215.000000 2.000000 1.380379 10.377499 9.023912
alpha2 0.010000 0.090214 220.000000 2.000000 1.380379 10.377499 9.023912
alpha2 0.010000 0.090214 225.000000 2.000000 1.380379 10.377499 9.023912
alpha2 0.010000 0.090214 230.000000 2.000000 1.380379 10.377499 9.023912
alpha2 0.010000 0.090214 235.000000 2.000000 1.380379 10.377499 9.023912
alpha2 0.010000 0.090214 240.000000 2.000000 1.380379 10.377499 9.023912
alpha2 0.010000 0.090214 245.000000 2.000000 1.380379 10.377499 9.023912
alpha2 0.010000 0.090214 250.000000 2.000000 1.380379 10.377499 9.023912
alpha2 0.010000 0.090214 255.000000 2.000000 1.380379 10.377499 9.023912
alpha2 0.010000 0.090214 260.000000 2.000000 1.380379 10.377499 9.023912
alpha2 0.010000 0.090214 265.000000 2.000000 1.380379 10.377499 9.023912
alpha2 0.010000 0.090214 270.000000 2.000000 1.380379 10.377499 9.023912
alpha2 0.010000 0.090214 275.000000 2.000000 1.380379 10.377499 9.023912
alpha2 0.010000 0.090214 280.000000 2.000000 1.380379 10.377499 9.023912
alpha2 0.010000 0.090214 285.000000 2.000000 1.380379 10.377499 9.023912
alpha2 0.010000 0.090214 290.000000 2.000000 1.380379 10.377499 9.023912
alpha2 0.010000 0.090214 295.000000 2.000000 1.380379 10.377499 9.023912
alpha2 0.010000 0.090214 300.000000 2.000000 1.380379 10.377499 9.023912
alpha2 0.010000 0.090214 305.000000 0.000000 1.188257 10.333974 9.023765
alpha2 0.010000 0.090214 310.000000 0.000000 1.022897 10.214929 9.022797
alpha2 0.010000 0.090214 315.000000 0.000000 0.880569 10.035642 9.020345
alpha2 0.010000 0.090214 320.000000 0.000000 0.758066 9.808977 9.015892
alpha2 0.010000 0.090214 325.000000 0.000000 0.652627 9.545746 9.009046
alpha2 0.010000 0.090214 330.000000 0.000000 0.561875 9.255009 8.999517
alpha2 0.010000 0.090214 335.000000 0.000000 0.483764 8.944336 8.987102
alpha2 0.010000 0.090214 340.000000 0.000000 0.416533 8.620024 8.971667
alpha2 0.010000 0.090214 345.000000 0.000000 0.358666 8.287285 8.953137
alpha2 0.010000 0.090214 350.000000 0.000000 0.308861 7.950413 8.931488
alpha2 0.010000 0.090214 355.000000 0.000000 0.265993 7.612926 8.906732
alpha2 0.010000 0.090214 360.000000 0.000000 0.229096 7.277677 8.878911
alpha2 0.010000 0.090214 365.000000 0.000000 0.197339 6.946963 8.848097
alpha2 0.010000 0.090214 370.000000 0.000000 0.170005 6.622606 8.814377
alpha2 0.010000 0.090214 375.000000 0.000000 0.146478 6.306034 8.777855
alpha2 0.010000 0.090214 380.000000 0.000000 0.126229 5.998341 8.738647
alpha2 0.010000 0.090214 385.000000 0.000000 0.108800 5.700339 8.696875
alpha2 0.010000 0.090214 390.000000 0.000000 0.093799 5.412612 8.652669
alpha2 0.010000 0.090214 395.000000 0.000000 0.080887 5.135546 8.606160
alpha2 0.010000 0.090214 400.000000 0.000000 0.069774 4.869370 8.557483
alpha2 0.010000 0.090214 405.000000 0.000000 0.060209 4.614181 8.506770
alpha2 0.010000 0.090214 410.000000 0.000000 0.051976 4.369966 8.454155
alpha2 0.010000 0.090214 415.000000 0.000000 0.044890 4.136629 8.399767
alpha2 0.010000 0.090214 420.000000 0.000000 0.038791 3.914002 8.343735
alpha2 0.010000 0.090214 425.000000 0.000000 0.033541 3.701862 8.286182
alpha2 0.010000 0.090214 430.000000 0.000000 0.029023 3.499943 8.227229
alpha2 0.010000 0.090214 435.000000 0.000000 0.025134 3.307947 8.166992
alpha2 0.010000 0.090214 440.000000 0.000000 0.021787 3.125553 8.105584
alpha2 0.010000 0.090214 445.000000 0.000000 0.018906 2.952420 8.043110
alpha2 0.010000 0.090214 450.000000 0.000000 0.016426 2.788200 7.979674
alpha2 0.010000 0.090214 455.000000 0.000000 0.014292 2.632536 7.915373
alpha2 0.010000 0.090214 460.000000 0.000000 0.012455 2.485070 7.850301
alpha2 0.010000 0.090214 465.000000 0.000000 0.010874 2.345445 7.784547
alpha2 0.010000 0.090214 470.000000 0.000000 0.009513 2.213310 7.718193
alpha2 0.010000 0.090214 475.000000 0.000000 0.008342 2.088316 7.651320
alpha2 0.010000 0.090214 480.000000 0.000000 0.007334 1.970126 7.584003
alpha2 0.010000 0.090214 485.000000 0.000000 0.006466 1.858409 7.516314
alpha2 0.010000 0.090214 490.000000 0.000000 0.005719 1.752845 7.448318
alpha2 0.010000 0.090214 495.000000 0.000000 0.005076 1.653125 7.380080
alpha2 0.010000 0.090214 500.000000 0.000000 0.004523 1.558952 7.311658
alpha2 0.010000 0.090214 505.000000 0.000000 0.004047 1.470038 7.243109
alpha2 0.010000 0.090214 510.000000 0.000000 0.003637 1.386108 7.174484
alpha2 0.010000 0.090214 515.000000 0.000000 0.003284 1.306900 7.105833
alpha2 0.010000 0.090214 520.000000 0.000000 0.002980 1.232161 7.037203
alpha2 0.010000 0.090214 525.000000 0.000000 0.002719 1.161651 6.968635
alpha2 0.010000 0.090214 530.000000 0.000000 0.002494 1.095141 6.900170
alpha2 0.010000 0.090214 535.000000 0.000000 0.002300 1.032413 6.831846
alpha2 0.010000 0.090214 540.000000 0.000000 0.002134 0.973259 6.763697
alpha2 0.010000 0.090214 545.000000 0.000000 0.001990 0.917483 6.695756
alpha2 0.010000 0.090214 550.000000 0.000000 0.001867 0.864896 6.628054
alpha2 0.010000 0.090214 555.000000 0.000000 0.001761 0.815322 6.560618
alpha2 0.010000 0.090214 560.000000 0.000000 0.001669 0.768591 6.493475
alpha2 0.010000 0.090214 565.000000 0.000000 0.001591 0.724545 6.426648
alpha2 0.010000 0.090214 570.000000 0.000000 0.001523 0.683032 6.360160
alpha2 0.010000 0.090214 575.000000 0.000000 0.001464 0.643909 6.294031
alpha2 0.010000 0.090214 580.000000 0.000000 0.001414 0.607040 6.228281
alpha2 0.010000 0.090214 585.000000 0.000000 0.001371 0.572298 6.162927
alpha2 0.010000 0.090214 590.000000 0.000000 0.001334 0.539562 6.097985
alpha2 0.010000 0.090214 595.000000 0.000000 0.001302 0.508717 6.033469
alpha2 0.010000 0.090214 600.000000 0.000000 0.001274 0.479655 5.969394
alpha2 0.010000 0.090214 605.000000 0.000000 0.001251 0.452275 5.905770
alpha2 0.010000 0.090214 610.000000 0.000000 0.001230 0.426479 5.842610
alpha2 0.010000 0.090214 615.000000 0.000000 0.001213 0.402178 5.779923
alpha2 0.010000 0.090214 620.000000 0.000000 0.001197 0.379284 5.717718
alpha2 0.010000 0.090214 625.000000 0.000000 0.001184 0.357718 5.656004
alpha2 0.010000 0.090214 630.000000 0.000000 0.001173 0.337402 5.594787
alpha2 0.010000 0.090214 635.000000 0.000000 0.001164 0.318265 5.534074
alpha2 0.010000 0.090214 640.000000 0.000000 0.001155 0.300238 5.473870
alpha2 0.010000 0.090214 645.000000 0.000000 0.001148 0.283258 5.414181
alpha2 0.010000 0.090214 650.000000 0.000000 0.001142 0.267263 5.355010
alpha2 0.010000 0.090214 655.000000 0.000000 0.001137 0.252198 5.296362
alpha2 0.010000 0.090214 660.000000 0.000000 0.001132 0.238008 5.238239
alpha2 0.010000 0.090214 665.000000 0.000000 0.001128 0.224642 5.180643
alpha2 0.010000 0.090214 670.000000 0.000000 0.001125 0.212053 5.123578
alpha2 0.010000 0.090214 675.000000 0.000000 0.001122 0.200196 5.067043
alpha2 0.010000 0.090214 680.000000 0.000000 0.001119 0.189028 5.011040
alpha2 0.010000 0.090214 685.000000 0.000000 0.001117 0.178509 4.955569
alpha2 0.010000 0.090214 690.000000 0.000000 0.001115 0.168603 4.900632
alpha2 0.010000 0.090214 695.000000 0.000000 0.001114 0.159272 4.846227
alpha2 0.010000 0.090214 700.000000 0.000000 0.001112 0.150484 4.792354
alpha2 0.010000 0.090214 705.000000 0.000000 0.001111 0.142207 4.739012
alpha2 0.010000 0.090214 710.000000 0.000000 0.001110 0.134412 4.686200
alpha2 0.010000 0.090214 715.000000 0.000000 0.001109 0.127070 4.633917
alpha2 0.010000 0.090214 720.000000 0.000000 0.001109 0.120156 4.582161
alpha2 0.010000 0.090214 725.000000 0.000000 0.001108 0.113644 4.530930
alpha2 0.010000 0.090214 730.000000 0.000000 0.001107 0.107511 4.480222
alpha2 0.010000 0.090214 735.000000 0.000000 0.001107 0.101735 4.430034
alpha2 0.010000 0.090214 740.000000 0.000000 0.001107 0.096295 4.380365
alpha2 0.010000 0.090214 745.000000 0.000000 0.001106 0.091171 4.331211
alpha2 0.010000 0.090214 750.000000 0.000000 0.001106 0.086346 4.282569
alpha2 0.010000 0.090214 755.000000 0.000000 0.001106 0.081802 4.234438
alpha2 0.010000 0.090214 760.000000 0.000000 0.001105 0.077522 4.186812
alpha2 0.010000 0.090214 765.000000 0.000000 0.001105 0.073491 4.139690
alpha2 0.010000 0.090214 770.000000 0.000000 0.001105 0.069695 4.093068
alpha2 0.010000 0.090214 775.000000 0.000000 0.001105 0.066120 4.046942
alpha2 0.010000 0.090214 780.000000 0.000000 0.001105 0.062754 4.001310
alpha2 0.010000 0.090214 785.000000 0.000000 0.001105 0.059583 3.956166
alpha2 0.010000 0.090214 790.000000 0.000000 0.001105 0.056597 3.911508
alpha2 0.010000 0.090214 795.000000 0.000000 0.001104 0.053784 3.867332
alpha2 0.010000 0.090214 800.000000 0.000000 0.001104 0.051136 3.823634
alpha2 0.010000 0.090214 805.000000 0.000000 0.001104 0.048641 3.780410
alpha2 0.010000 0.090214 810.000000 0.000000 0.001104 0.046292 3.737656
alpha2 0.010000 0.090214 815.000000 0.000000 0.001104 0.044080 3.695368
alpha2 0.010000 0.090214 820.000000 0.000000 0.001104 0.041996 3.653543
alpha2 0.010000 0.090214 825.000000 0.000000 0.001104 0.040034 3.612175
alpha2 0.010000 0.090214 830.000000 0.000000 0.001104 0.038186 3.571262
alpha2 0.010000 0.090214 835.000000 0.000000 0.001104 0.036446 3.530799
alpha2 0.010000 0.090214 840.000000 0.000000 0.001104 0.034807 3.490781
alpha2 0.010000 0.090214 845.000000 0.000000 0.001104 0.033263 3.451205
alpha2 0.010000 0.090214 850.000000 0.000000 0.001104 0.031809 3.412067
alpha2 0.010000 0.090214 855.000000 0.000000 0.001104 0.030440 3.373363
alpha2 0.010000 0.090214 860.000000 0.000000 0.001104 0.029151 3.335087
alpha2 0.010000 0.090214 865.000000 0.000000 0.001104 0.027937 3.297237
alpha2 0.010000 0.090214 870.000000 0.000000 0.001104 0.026793 3.259808
alpha2 0.010000 0.090214 875.000000 0.000000 0.001104 0.025716 3.222796
alpha2 0.010000 0.090214 880.000000 0.000000 0.001104 0.024702 3.186197
alpha2 0.010000 0.090214 885.000000 0.000000 0.001104 0.023747 3.150006
alpha2 0.010000 0.090214 890.000000 0.000000 0.001104 0.022847 3.114220
alpha2 0.010000 0.090214 895.000000 0.000000 0.001104 0.022000 3.078835
alpha2 0.010000 0.090214 900.000000 0.000000 0.001104 0.021202 3.043846
alpha2 0.010000 0.090214 905.000000 0.000000 0.001104 0.020451 3.009249
alpha2 0.010000 0.090214 910.000000 0.000000 0.001104 0.019743 2.975041
alpha2 0.010000 0.090214 915.000000 0.000000 0.001104 0.019077 2.941217
alpha2 0.010000 0.090214 920.000000 0.000000 0.001104 0.018449 2.907773
alpha2 0.010000 0.090214 925.000000 0.000000 0.001104 0.017858 2.874706
alpha2 0.010000 0.090214 930.000000 0.000000 0.001104 0.017302 2.842011
alpha2 0.010000 0.090214 935.000000 0.000000 0.001104 0.016777 2.809684
alpha2 0.010000 0.090214 940.000000 0.000000 0.001104 0.016284 2.777722
alpha2 0.010000 0.090214 945.000000 0.000000 0.001104 0.015819 2.746121
alpha2 0.010000 0.090214 950.000000 0.000000 0.001104 0.015381 2.714876
alpha2 0.010000 0.090214 955.000000 0.000000 0.001104 0.014969 2.683985
alpha2 0.010000 0.090214 960.000000 0.000000 0.001104 0.014580 2.653443
alpha2 0.010000 0.090214 965.000000 0.000000 0.001104 0.014214 2.623246
alpha2 0.010000 0.090214 970.000000 0.000000 0.001104 0.013870 2.593391
alpha2 0.010000 0.090214 975.000000 0.000000 0.001104 0.013546 2.563874
alpha2 0.010000 0.090214 980.000000 0.000000 0.001104 0.013240 2.534692
alpha2 0.010000 0.090214 985.000000 0.000000 0.001104 0.012952 2.505840
alpha2 0.010000 0.090214 990.000000 0.000000 0.001104 0.012681 2.477315
alpha2 0.010000 0.090214 995.000000 0.000000 0.001104 0.012426 2.449114
alpha2 0.010000 0.090214 1000.000000 0.000000 0.001104 0.012186 2.421233
alpha2 0.010000 0.090214 1005.000000 0.000000 0.001104 0.011960 2.393668
alpha2 0.010000 0.090214 1010.000000 0.000000 0.001104 0.011747 2.366417
alpha2 0.010000 0.090214 1015.000000 0.000000 0.001104 0.011546 2.339475
alpha2 0.010000 0.090214 1020.000000 0.000000 0.001104 0.011357 2.312839
alpha2 0.010000 0.090214 1025.000000 0.000000 0.001104 0.011179 2.286505
alpha2 0.010000 0.090214 1030.000000 0.000000 0.001104 0.011011 2.260471
alpha2 0.010000 0.090214 1035.000000 0.000000 0.001104 0.010853 2.234734
alpha2 0.010000 0.090214 1040.000000 0.000000 0.001104 0.010705 2.209289
alpha2 0.010000 0.090214 1045.000000 0.000000 0.001104 0.010565 2.184133
alpha2 0.010000 0.090214 1050.000000 0.000000 0.001104 0.010433 2.159264
alpha2 0.010000 0.090214 1055.000000 0.000000 0.001104 0.010308 2.134678
alpha2 0.010000 0.090214 1060.000000 0.000000 0.001104 0.010192 2.110371
alpha2 0.010000 0.090214 1065.000000 0.000000 0.001104 0.010081 2.086342
alpha2 0.010000 0.090214 1070.000000 0.000000 0.001104 0.009978 2.062586
alpha2 0.010000 0.090214 1075.000000 0.000000 0.001104 0.009880 2.039101
alpha2 0.010000 0.090214 1080.000000 0.000000 0.001104 0.009788 2.015883
alpha2 0.010000 0.090214 1085.000000 0.000000 0.001104 0.009701 1.992930
alpha2 0.010000 0.090214 1090.000000 0.000000 0.001104 0.009620 1.970239
alpha2 0.010000 0.090214 1095.000000 0.000000 0.001104 0.009543 1.947806
alpha2 0.010000 0.090214 1100.000000 0.000000 0.001104 0.009470 1.925629
alpha2 0.010000 0.090214 1105.000000 0.000000 0.001104 0.009402 1.903705
alpha2 0.010000 0.090214 1110.000000 0.000000 0.001104 0.009338 1.882031
alpha2 0.010000 0.090214 1115.000000 0.000000 0.001104 0.009278 1.860604
alpha2 0.010000 0.090214 1120.000000 0.000000 0.001104 0.009221 1.839422
alpha2 0.010000 0.090214 1125.000000 0.000000 0.001104 0.009167 1.818481
alpha2 0.010000 0.090214 1130.000000 0.000000 0.001104 0.009116 1.797779
alpha2 0.010000 0.090214 1135.000000 0.000000 0.001104 0.009069 1.777314
alpha2 0.010000 0.090214 1140.000000 0.000000 0.001104 0.009024 1.757081
alpha2 0.010000 0.090214 1145.000000 0.000000 0.001104 0.008982 1.737080
alpha2 0.010000 0.090214 1150.000000 0.000000 0.001104 0.008942 1.717307
alpha2 0.010000 0.090214 1155.000000 0.000000 0.001104 0.008905 1.697760
alpha2 0.010000 0.090214 1160.000000 0.000000 0.001104 0.008870 1.678436
alpha2 0.010000 0.090214 1165.000000 0.000000 0.001104 0.008836 1.659333
alpha2 0.010000 0.090214 1170.000000 0.000000 0.001104 0.008805 1.640447
alpha2 0.010000 0.090214 1175.000000 0.000000 0.001104 0.008776 1.621778
alpha2 0.010000 0.090214 1180.000000 0.000000 0.001104 0.008748 1.603321
alpha2 0.010000 0.090214 1185.000000 0.000000 0.001104 0.008722 1.585076
alpha2 0.010000 0.090214 1190.000000 0.000000 0.001104 0.008697 1.567038
alpha2 0.010000 0.090214 1195.000000 0.000000 0.001104 0.008674 1.549207
alpha2 0.010000 0.090214 1200.000000 0.000000 0.001104 0.008652 1.531579
alpha2 0.010000 0.090214 1205.000000 0.000000 0.001104 0.008632 1.514153
alpha2 0.010000 0.090214 1210.000000 0.000000 0.001104 0.008612 1.496925
alpha2 0.010000 0.090214 1215.000000 0.000000 0.001104 0.008594 1.479895
alpha2 0.010000 0.090214 1220.000000 0.000000 0.001104 0.008577 1.463059
alpha2 0.010000 0.090214 1225.000000 0.000000 0.001104 0.008561 1.446415
alpha2 0.010000 0.090214 1230.000000 0.000000 0.001104 0.008546 1.429962
alpha2 0.010000 0.090214 1235.000000 0.000000 0.001104 0.008531 1.413696
alpha2 0.010000 0.090214 1240.000000 0.000000 0.001104 0.008518 1.397617
alpha2 0.010000 0.090214 1245.000000 0.000000 0.001104 0.008505 1.381721
alpha2 0.010000 0.090214 1250.000000 0.000000 0.001104 0.008493 1.366007
alpha2 0.010000 0.090214 1255.000000 0.000000 0.001104 0.008482 1.350472
alpha2 0.010000 0.090214 1260.000000 0.000000 0.001104 0.008471 1.335115
alpha2 0.010000 0.090214 1265.000000 0.000000 0.001104 0.008461 1.319933
alpha2 0.010000 0.090214 1270.000000 0.000000 0.001104 0.008452 1.304925
alpha2 0.010000 0.090214 1275.000000 0.000000 0.001104 0.008443 1.290088
alpha2 0.010000 0.090214 1280.000000 0.000000 0.001104 0.008435 1.275421
alpha2 0.010000 0.090214 1285.000000 0.000000 0.001104 0.008427 1.260922
alpha2 0.010000 0.090214 1290.000000 0.000000 0.001104 0.008420 1.246588
alpha2 0.010000 0.090214 1295.000000 0.000000 0.001104 0.008413 1.232418
alpha2 0.010000 0.090214 1300.000000 0.000000 0.001104 0.008406 1.218410
alpha2 0.010000 0.090214 1305.000000 0.000000 0.001104 0.008400 1.204562
alpha2 0.010000 0.090214 1310.000000 0.000000 0.001104 0.008394 1.190872
alpha2 0.010000 0.090214 1315.000000 0.000000 0.001104 0.008389 1.177339
alpha2 0.010000 0.090214 1320.000000 0.000000 0.001104 0.008383 1.163961
alpha2 0.010000 0.090214 1325.000000 0.000000 0.001104 0.008378 1.150735
alpha2 0.010000 0.090214 1330.000000 0.000000 0.001104 0.008374 1.137661
alpha2 0.010000 0.090214 1335.000000 0.000000 0.001104 0.008370 1.124736
alpha2 0.010000 0.090214 1340.000000 0.000000 0.001104 0.008366 1.111959
alpha2 0.010000 0.090214 1345.000000 0.000000 0.001104 0.008362 1.099328
alpha2 0.010000 0.090214 1350.000000 0.000000 0.001104 0.008358 1.086841
alpha2 0.010000 0.090214 1355.000000 0.000000 0.001104 0.008355 1.074497
alpha2 0.010000 0.090214 1360.000000 0.000000 0.001104 0.008351 1.062294
alpha2 0.010000 0.090214 1365.000000 0.000000 0.001104 0.008348 1.050231
alpha2 0.010000 0.090214 1370.000000 0.000000 0.001104 0.008346 1.038305
alpha2 0.010000 0.090214 1375.000000 0.000000 0.001104 0.008343 1.026516
alpha2 0.010000 0.090214 1380.000000 0.000000 0.001104 0.008340 1.014862
alpha2 0.010000 0.090214 1385.000000 0.000000 0.001104 0.008338 1.003340
alpha2 0.010000 0.090214 1390.000000 0.000000 0.001104 0.008336 0.991951
alpha2 0.010000 0.090214 1395.000000 0.000000 0.001104 0.008334 0.980692
alpha2 0.010000 0.090214 1400.000000 0.000000 0.001104 0.008332 0.969561
alpha2 0.010000 0.090214 1405.000000 0.000000 0.001104 0.008330 0.958558
alpha2 0.010000 0.090214 1410.000000 0.000000 0.001104 0.008328 0.947681
alpha2 0.010000 0.090214 1415.000000 0.000000 0.001104 0.008326 0.936927
alpha2 0.010000 0.090214 1420.000000 0.000000 0.001104 0.008325 0.926297
alpha2 0.010000 0.090214 1425.000000 0.000000 0.001104 0.008323 0.915789
alpha2 0.010000 0.090214 1430.000000 0.000000 0.001104 0.008322 0.905400
alpha2 0.010000 0.090214 1435.000000 0.000000 0.001104 0.008321 0.895130
alpha2 0.010000 0.090214 1440.000000 0.000000 0.001104 0.008320 0.884978
alpha2 0.010000 0.090214 1445.000000 0.000000 0.001104 0.008318 0.874942
alpha2 0.010000 0.090214 1450.000000 0.000000 0.001104 0.008317 0.865020
alpha2 0.010000 0.090214 1455.000000 0.000000 0.001104 0.008316 0.855212
alpha2 0.010000 0.090214 1460.000000 0.000000 0.001104 0.008315 0.845516
alpha2 0.010000 0.090214 1465.000000 0.000000 0.001104 0.008314 0.835931
alpha2 0.010000 0.090214 1470.000000 0.000000 0.001104 0.008314 0.826456
alpha2 0.010000 0.090214 1475.000000 0.000000 0.001104 0.008313 0.817089
alpha2 0.010000 0.090214 1480.000000 0.000000 0.001104 0.008312 0.807829
alpha2 0.010000 0.090214 1485.000000 0.000000 0.001104 0.008311 0.798674
alpha2 0.010000 0.090214 1490.000000 0.000000 0.001104 0.008311 0.789625
alpha2 0.010000 0.090214 1495.000000 0.000000 0.001104 0.008310 0.780679
alpha2 0.010000 0.090214 1500.000000 0.000000 0.001104 0.008309 0.771835
alpha2 0.010000 0.090214 1505.000000 0.000000 0.001104 0.008309 0.763093
alpha2 0.010000 0.090214 1510.000000 0.000000 0.001104 0.008308 0.754450
alpha2 0.010000 0.090214 1515.000000 0.000000 0.001104 0.008308 0.745906
alpha2 0.010000 0.090214 1520.000000 0.000000 0.001104 0.008307 0.737460
alpha2 0.010000 0.090214 1525.000000 0.000000 0.001104 0.008307 0.729110
alpha2 0.010000 0.090214 1530.000000 0.000000 0.001104 0.008306 0.720856
alpha2 0.010000 0.090214 1535.000000 0.000000 0.001104 0.008306 0.712696
alpha2 0.010000 0.090214 1540.000000 0.000000 0.001104 0.008306 0.704630
alpha2 0.010000 0.090214 1545.000000 0.000000 0.001104 0.008305 0.696656
alpha2 0.010000 0.090214 1550.000000 0.000000 0.001104 0.008305 0.688773
alpha2 0.010000 0.090214 1555.000000 0.000000 0.001104 0.008305 0.680980
alpha2 0.010000 0.090214 1560.000000 0.000000 0.001104 0.008304 0.673276
alpha2 0.010000 0.090214 1565.000000 0.000000 0.001104 0.008304 0.665660
alpha2 0.010000 0.090214 1570.000000 0.000000 0.001104 0.008304 0.658131
alpha2 0.010000 0.090214 1575.000000 0.000000 0.001104 0.008304 0.650689
alpha2 0.010000 0.090214 1580.000000 0.000000 0.001104 0.008303 0.643331
alpha2 0.010000 0.090214 1585.000000 0.000000 0.001104 0.008303 0.636058
alpha2 0.010000 0.090214 1590.000000 0.000000 0.001104 0.008303 0.628868
alpha2 0.010000 0.090214 1595.000000 0.000000 0.001104 0.008303 0.621760
alpha2 0.010000 0.090214 1600.000000 0.000000 0.001104 0.008303 0.614733
alpha2 0.010000 0.090214 1605.000000 0.000000 0.001104 0.008303 0.607787
alpha2 0.010000 0.090214 1610.000000 0.000000 0.001104 0.008302 0.600920
alpha2 0.010000 0.090214 1615.000000 0.000000 0.001104 0.008302 0.594131
alpha2 0.010000 0.090214 1620.000000 0.000000 0.001104 0.008302 0.587420
alpha2 0.010000 0.090214 1625.000000 0.000000 0.001104 0.008302 0.580786
alpha2 0.010000 0.090214 1630.000000 0.000000 0.001104 0.008302 0.574228
alpha2 0.010000 0.090214 1635.000000 0.000000 0.001104 0.008302 0.567745
alpha2 0.010000 0.090214 1640.000000 0.000000 0.001104 0.008302 0.561336
alpha2 0.010000 0.090214 1645.000000 0.000000 0.001104 0.008301 0.555000
alpha2 0.010000 0.090214 1650.000000 0.000000 0.001104 0.008301 0.548737
alpha2 0.010000 0.090214 1655.000000 0.000000 0.001104 0.008301 0.542545
alpha2 0.010000 0.090214 1660.000000 0.000000 0.001104 0.008301 0.536424
alpha2 0.010000 0.090214 1665.000000 0.000000 0.001104 0.008301 0.530373
alpha2 0.010000 0.090214 1670.000000 0.000000 0.001104 0.008301 0.524391
alpha2 0.010000 0.090214 1675.000000 0.000000 0.001104 0.008301 0.518478
alpha2 0.010000 0.090214 1680.000000 0.000000 0.001104 0.008301 0.512632
alpha2 0.010000 0.090214 1685.000000 0.000000 0.001104 0.008301 0.506853
alpha2 0.010000 0.090214 1690.000000 0.000000 0.001104 0.008301 0.501140
alpha2 0.010000 0.090214 1695.000000 0.000000 0.001104 0.008301 0.495492
alpha2 0.010000 0.090214 1700.000000 0.000000 0.001104 0.008301 0.489909
alpha2 0.010000 0.090214 1705.000000 0.000000 0.001104 0.008301 0.484390
alpha2 0.010000 0.090214 1710.000000 0.000000 0.001104 0.008301 0.478934
alpha2 0.010000 0.090214 1715.000000 0.000000 0.001104 0.008300 0.473541
alpha2 0.010000 0.090214 1720.000000 0.000000 0.001104 0.008300 0.468209
alpha2 0.010000 0.090214 1725.000000 0.000000 0.001104 0.008300 0.462938
alpha2 0.010000 0.090214 1730.000000 0.000000 0.001104 0.008300 0.457727
alpha2 0.010000 0.090214 1735.000000 0.000000 0.001104 0.008300 0.452576
alpha2 0.010000 0.090214 1740.000000 0.000000 0.001104 0.008300 0.447483
alpha2 0.010000 0.090214 1745.000000 0.000000 0.001104 0.008300 0.442449
alpha2 0.010000 0.090214 1750.000000 0.000000 0.001104 0.008300 0.437473
alpha2 0.010000 0.090214 1755.000000 0.000000 0.001104 0.008300 0.432553
alpha2 0.010000 0.090214 1760.000000 0.000000 0.001104 0.008300 0.427690
alpha2 0.010000 0.090214 1765.000000 0.000000 0.001104 0.008300 0.422882
alpha2 0.010000 0.090214 1770.000000 0.000000 0.001104 0.008300 0.418129
alpha2 0.010000 0.090214 1775.000000 0.000000 0.001104 0.008300 0.413431
alpha2 0.010000 0.090214 1780.000000 0.000000 0.001104 0.008300 0.408786
alpha2 0.010000 0.090214 1785.000000 0.000000 0.001104 0.008300 0.404195
alpha2 0.010000 0.090214 1790.000000 0.000000 0.001104 0.008300 0.399656
alpha2 0.010000 0.090214 1795.000000 0.000000 0.001104 0.008300 0.395168
alpha2 0.010000 0.090214 1800.000000 0.000000 0.001104 0.008300 0.390733
alpha2 0.010000 0.090214 1805.000000 0.000000 0.001104 0.008300 0.386347
alpha2 0.010000 0.090214 1810.000000 0.000000 0.001104 0.008300 0.382012
alpha2 0.010000 0.090214 1815.000000 0.000000 0.001104 0.008300 0.377727
alpha2 0.010000 0.090214 1820.000000 0.000000 0.001104 0.008300 0.373491
alpha2 0.010000 0.090214 1825.000000 0.000000 0.001104 0.008300 0.369303
alpha2 0.010000 0.090214 1830.000000 0.000000 0.001104 0.008300 0.365162
alpha2 0.010000 0.090214 1835.000000 0.000000 0.001104 0.008300 0.361070
alpha2 0.010000 0.090214 1840.000000 0.000000 0.001104 0.008300 0.357024
alpha2 0.010000 0.090214 1845.000000 0.000000 0.001104 0.008300 0.353024
alpha2 0.010000 0.090214 1850.000000 0.000000 0.001104 0.008300 0.349070
alpha2 0.010000 0.090214 1855.000000 0.000000 0.001104 0.008300 0.345161
alpha2 0.010000 0.090214 1860.000000 0.000000 0.001104 0.008300 0.341297
alpha2 0.010000 0.090214 1865.000000 0.000000 0.001104 0.008300 0.337477
alpha2 0.010000 0.090214 1870.000000 0.000000 0.001104 0.008300 0.333701
alpha2 0.010000 0.090214 1875.000000 0.000000 0.001104 0.008300 0.329968
alpha2 0.010000 0.090214 1880.000000 0.000000 0.001104 0.008300 0.326277
alpha2 0.010000 0.090214 1885.000000 0.000000 0.001104 0.008300 0.322629
alpha2 0.010000 0.090214 1890.000000 0.000000 0.001104 0.008300 0.319023
alpha2 0.010000 0.090214 1895.000000 0.000000 0.001104 0.008300 0.315458
alpha2 0.010000 0.090214 1900.000000 0.000000 0.001104 0.008300 0.311933
alpha2 0.010000 0.090214 1905.000000 0.000000 0.001104 0.008300 0.308449
alpha2 0.010000 0.090214 1910.000000 0.000000 0.001104 0.008300 0.305005
alpha2 0.010000 0.090214 1915.000000 0.000000 0.001104 0.008300 0.301600
alpha2 0.010000 0.090214 1920.000000 0.000000 0.001104 0.008300 0.298234
alpha2 0.010000 0.090214 1925.000000 0.000000 0.001104 0.008300 0.294906
alpha2 0.010000 0.090214 1930.000000 0.000000 0.001104 0.008300 0.291617
alpha2 0.010000 0.090214 1935.000000 0.000000 0.001104 0.008300 0.288365
alpha2 0.010000 0.090214 1940.000000 0.000000 0.001104 0.008300 0.285150
alpha2 0.010000 0.090214 1945.000000 0.000000 0.001104 0.008300 0.281972
alpha2 0.010000 0.090214 1950.000000 0.000000 0.001104 0.008300 0.278831
alpha2 0.010000 0.090214 1955.000000 0.000000 0.001104 0.008300 0.275725
alpha2 0.010000 0.090214 1960.000000 0.000000 0.001104 0.008300 0.272655
alpha2 0.010000 0.090214 1965.000000 0.000000 0.001104 0.008300 0.269620
alpha2 0.010000 0.090214 1970.000000 0.000000 0.001104 0.008300 0.266620
alpha2 0.010000 0.090214 1975.000000 0.000000 0.001104 0.008300 0.263654
alpha2 0.010000 0.090214 1980.000000 0.000000 0.001104 0.008300 0.260721
alpha2 0.010000 0.090214 1985.000000 0.000000 0.001104 0.008300 0.257823
alpha2 0.010000 0.090214 1990.000000 0.000000 0.001104 0.008300 0.254957
alpha2 0.010000 0.090214 1995.000000 0.000000 0.001104 0.008300 0.252125
alpha2 0.010000 0.090214 2000.000000 0.000000 0.001104 0.008300 0.249324
alpha2 0.010000 0.090214 2005.000000 0.000000 0.001104 0.008300 0.246556
alpha2 0.010000 0.090214 2010.000000 0.000000 0.001104 0.008300 0.243819
alpha2 0.010000 0.090214 2015.000000 0.000000 0.001104 0.008300 0.241114
alpha2 0.010000 0.090214 2020.000000 0.000000 0.001104 0.008300 0.238440
alpha2 0.010000 0.090214 2025.000000 0.000000 0.001104 0.008300 0.235796
alpha2 0.010000 0.090214 2030.000000 0.000000 0.001104 0.008300 0.233182
alpha2 0.010000 0.090214 2035.000000 0.000000 0.001104 0.008300 0.230599
alpha2 0.010000 0.090214 2040.000000 0.000000 0.001104 0.008300 0.228044
alpha2 0.010000 0.090214 2045.000000 0.000000 0.001104 0.008300 0.225519
alpha2 0.010000 0.090214 2050.000000 0.000000 0.001104 0.008300 0.223023
alpha2 0.010000 0.090214 2055.000000 0.000000 0.001104 0.008300 0.220556
alpha2 0.010000 0.090214 2060.000000 0.000000 0.001104 0.008300 0.218116
alpha2 0.010000 0.090214 2065.000000 0.000000 0.001104 0.008300 0.215705
alpha2 0.010000 0.090214 2070.000000 0.000000 0.001104 0.008300 0.213321
alpha2 0.010000 0.090214 2075.000000 0.000000 0.001104 0.008300 0.210965
alpha2 0.010000 0.090214 2080.000000 0.000000 0.001104 0.008300 0.208635
alpha2 0.010000 0.090214 2085.000000 0.000000 0.001104 0.008300 0.206332
alpha2 0.010000 0.090214 2090.000000 0.000000 0.001104 0.008300 0.204055
alpha2 0.010000 0.090214 2095.000000 0.000000 0.001104 0.008300 0.201804
alpha2 0.010000 0.090214 2100.000000 0.000000 0.001104 0.008300 0.199580
alpha2 0.010000 0.090214 2105.000000 0.000000 0.001104 0.008300 0.197380
alpha2 0.010000 0.090214 2110.000000 0.000000 0.001104 0.008300 0.195206
alpha2 0.010000 0.090214 2115.000000 0.000000 0.001104 0.008300 0.193056
alpha2 0.010000 0.090214 2120.000000 0.000000 0.001104 0.008300 0.190931
alpha2 0.010000 0.090214 2125.000000 0.000000 0.001104 0.008300 0.188831
alpha2 0.010000 0.090214 2130.000000 0.000000 0.001104 0.008300 0.186754
alpha2 0.010000 0.090214 2135.000000 0.000000 0.001104 0.008300 0.184701
alpha2 0.010000 0.090214 2140.000000 0.000000 0.001104 0.008300 0.182672
alpha2 0.010000 0.090214 2145.000000 0.000000 0.001104 0.008300 0.180666
alpha2 0.010000 0.090214 2150.000000 0.000000 0.001104 0.008300 0.178682
alpha2 0.010000 0.090214 2155.000000 0.000000 0.001104 0.008300 0.176722
alpha2 0.010000 0.090214 2160.000000 0.000000 0.001104 0.008300 0.174784
alpha2 0.010000 0.090214 2165.000000 0.000000 0.001104 0.008300 0.172868
alpha2 0.010000 0.090214 2170.000000 0.000000 0.001104 0.008300 0.170974
alpha2 0.010000 0.090214 2175.000000 0.000000 0.001104 0.008300 0.169101
alpha2 0.010000 0.090214 2180.000000 0.000000 0.001104 0.008300 0.167250
alpha2 0.010000 0.090214 2185.000000 0.000000 0.001104 0.008300 0.165420
alpha2 0.010000 0.090214 2190.000000 0.000000 0.001104 0.008300 0.163612
alpha2 0.010000 0.090214 2195.000000 0.000000 0.001104 0.008300 0.161823
alpha2 0.010000 0.090214 2200.000000 0.000000 0.001104 0.008300 0.160056
alpha2 0.010000 0.090214 2205.000000 0.000000 0.001104 0.008300 0.158308
alpha2 0.010000 0.090214 2210.000000 0.000000 0.001104 0.008300 0.156580
alpha2 0.010000 0.090214 2215.000000 0.000000 0.001104 0.008300 0.154873
alpha2 0.010000 0.090214 2220.000000 0.000000 0.001104 0.008300 0.153184
alpha2 0.010000 0.090214 2225.000000 0.000000 0.001104 0.008300 0.151515
alpha2 0.010000 0.090214 2230.000000 0.000000 0.001104 0.008300 0.149865
alpha2 0.010000 0.090214 2235.000000 0.000000 0.001104 0.008300 0.148234
alpha2 0.010000 0.090214 2240.000000 0.000000 0.001104 0.008300 0.146622
alpha2 0.010000 0.090214 2245.000000 0.000000 0.001104 0.008300 0.145028
alpha2 0.010000 0.090214 2250.000000 0.000000 0.001104 0.008300 0.143452
alpha2 0.010000 0.090214 2255.000000 0.000000 0.001104 0.008300 0.141894
alpha2 0.010000 0.090214 2260.000000 0.000000 0.001104 0.008300 0.140355
alpha2 0.010000 0.090214 2265.000000 0.000000 0.001104 0.008300 0.138832
alpha2 0.010000 0.090214 2270.000000 0.000000 0.001104 0.008300 0.137327
alpha2 0.010000 0.090214 2275.000000 0.000000 0.001104 0.008300 0.135840
alpha2 0.010000 0.090214 2280.000000 0.000000 0.001104 0.008300 0.134369
alpha2 0.010000 0.090214 2285.000000 0.000000 0.001104 0.008300 0.132915
alpha2 0.010000 0.090214 2290.000000 0.000000 0.001104 0.008300 0.131478
alpha2 0.010000 0.090214 2295.000000 0.000000 0.001104 0.008300 0.130057
alpha2 0.010000 0.090214 2300.000000 0.000000 0.001104 0.008300 0.128652
alpha2 0.010000 0.090214 2305.000000 0.000000 0.001104 0.008300 0.127264
alpha2 0.010000 0.090214 2310.000000 0.000000 0.001104 0.008300 0.125891
alpha2 0.010000 0.090214 2315.000000 0.000000 0.001104 0.008300 0.124534
alpha2 0.010000 0.090214 2320.000000 0.000000 0.001104 0.008300 0.123193
alpha2 0.010000 0.090214 2325.000000 0.000000 0.001104 0.008300 0.121867
alpha2 0.010000 0.090214 2330.000000 0.000000 0.001104 0.008300 0.120556
alpha2 0.010000 0.090214 2335.000000 0.000000 0.001104 0.008300 0.119260
alpha2 0.010000 0.090214 2340.000000 0.000000 0.001104 0.008300 0.117979
alpha2 0.010000 0.090214 2345.000000 0.000000 0.001104 0.008300 0.116712
alpha2 0.010000 0.090214 2350.000000 0.000000 0.001104 0.008300 0.115460
alpha2 0.010000 0.090214 2355.000000 0.000000 0.001104 0.008300 0.114223
alpha2 0.010000 0.090214 2360.000000 0.000000 0.001104 0.008300 0.112999
alpha2 0.010000 0.090214 2365.000000 0.000000 0.001104 0.008300 0.111790
alpha2 0.010000 0.090214 2370.000000 0.000000 0.001104 0.008300 0.110594
alpha2 0.010000 0.090214 2375.000000 0.000000 0.001104 0.008300 0.109412
alpha2 0.010000 0.090214 2380.000000 0.000000 0.001104 0.008300 0.108244
alpha2 0.010000 0.090214 2385.000000 0.000000 0.001104 0.008300 0.107088
alpha2 0.010000 0.090214 2390.000000 0.000000 0.001104 0.008300 0.105946
alpha2 0.010000 0.090214 2395.000000 0.000000 0.001104 0.008300 0.104818
alpha2 0.010000 0.090214 2400.000000 0.000000 0.001104 0.008300 0.103702
alpha2 0.010000 0.090214 2405.000000 0.000000 0.001104 0.008300 0.102598
alpha2 0.010000 0.090214 2410.000000 0.000000 0.001104 0.008300 0.101508
alpha2 0.010000 0.090214 2415.000000 0.000000 0.001104 0.008300 0.100430
alpha2 0.010000 0.090214 2420.000000 0.000000 0.001104 0.008300 0.099364
alpha2 0.010000 0.090214 2425.000000 0.000000 0.001104 0.008300 0.098310
alpha2 0.010000 0.090214 2430.000000 0.000000 0.001104 0.008300 0.097269
alpha2 0.010000 0.090214 2435.000000 0.000000 0.001104 0.008300 0.096239
alpha2 0.010000 0.090214 2440.000000 0.000000 0.001104 0.008300 0.095221
alpha2 0.010000 0.090214 2445.000000 0.000000 0.001104 0.008300 0.094215
alpha2 0.010000 0.090214 2450.000000 0.000000 0.001104 0.008300 0.093220
alpha2 0.010000 0.090214 2455.000000 0.000000 0.001104 0.008300 0.092237
alpha2 0.010000 0.090214 2460.000000 0.000000 0.001104 0.008300 0.091265
alpha2 0.010000 0.090214 2465.000000 0.000000 0.001104 0.008300 0.090304
alpha2 0.010000 0.090214 2470.000000 0.000000 0.001104 0.008300 0.089354
alpha2 0.010000 0.090214 2475.000000 0.000000 0.001104 0.008300 0.088414
alpha2 0.010000 0.090214 2480.000000 0.000000 0.001104 0.008300 0.087486
alpha2 0.010000 0.090214 2485.000000 0.000000 0.001104 0.008300 0.086568
alpha2 0.010000 0.090214 2490.000000 0.000000 0.001104 0.008300 0.085661
alpha2 0.010000 0.090214 2495.000000 0.000000 0.001104 0.008300 0.084764
alpha2 0.010000 0.090214 2500.000000 0.000000 0.001104 0.008300 0.083877
alpha2 0.010000 0.090214 2505.000000 0.000000 0.001104 0.008300 0.083001
alpha2 0.010000 0.090214 2510.000000 0.000000 0.001104 0.008300 0.082134
alpha2 0.010000 0.090214 2515.000000 0.000000 0.001104 0.008300 0.081278
alpha2 0.010000 0.090214 2520.000000 0.000000 0.001104 0.008300 0.080431
alpha2 0.010000 0.090214 2525.000000 0.000000 0.001104 0.008300 0.079594
alpha2 0.010000 0.090214 2530.000000 0.000000 0.001104 0.008300 0.078766
alpha2 0.010000 0.090214 2535.000000 0.000000 0.001104 0.008300 0.077948
alpha2 0.010000 0.090214 2540.000000 0.000000 0.001104 0.008300 0.077139
alpha2 0.010000 0.090214 2545.000000 0.000000 0.001104 0.008300 0.076340
alpha2 0.010000 0.090214 2550.000000 0.000000 0.001104 0.008300 0.075549
alpha2 0.010000 0.090214 2555.000000 0.000000 0.001104 0.008300 0.074768
alpha2 0.010000 0.090214 2560.000000 0.000000 0.001104 0.008300 0.073996
alpha2 0.010000 0.090214 2565.000000 0.000000 0.001104 0.008300 0.073232
alpha2 0.010000 0.090214 2570.000000 0.000000 0.001104 0.008300 0.072477
alpha2 0.010000 0.090214 2575.000000 0.000000 0.001104 0.008300 0.071731
alpha2 0.010000 0.090214 2580.000000 0.000000 0.001104 0.008300 0.070993
alpha2 0.010000 0.090214 2585.000000 0.000000 0.001104 0.008300 0.070264
alpha2 0.010000 0.090214 2590.000000 0.000000 0.001104 0.008300 0.069543
alpha2 0.010000 0.090214 2595.000000 0.000000 0.001104 0.008300 0.068831
alpha2 0.010000 0.090214 2600.000000 0.000000 0.001104 0.008300 0.068126
alpha2 0.010000 0.090214 2605.000000 0.000000 0.001104 0.008300 0.067430
alpha2 0.010000 0.090214 2610.000000 0.000000 0.001104 0.008300 0.066741
alpha2 0.010000 0.090214 2615.000000 0.000000 0.001104 0.008300 0.066061
alpha2 0.010000 0.090214 2620.000000 0.000000 0.001104 0.008300 0.065388
alpha2 0.010000 0.090214 2625.000000 0.000000 0.001104 0.008300 0.064723
alpha2 0.010000 0.090214 2630.000000 0.000000 0.001104 0.008300 0.064065
alpha2 0.010000 0.090214 2635.000000 0.000000 0.001104 0.008300 0.063415
alpha2 0.010000 0.090214 2640.000000 0.000000 0.001104 0.008300 0.062773
alpha2 0.010000 0.090214 2645.000000 0.000000 0.001104 0.008300 0.062137
alpha2 0.010000 0.090214 2650.000000 0.000000 0.001104 0.008300 0.061509
alpha2 0.010000 0.090214 2655.000000 0.000000 0.001104 0.008300 0.060889
alpha2 0.010000 0.090214 2660.000000 0.000000 0.001104 0.008300 0.060275
alpha2 0.010000 0.090214 2665.000000 0.000000 0.001104 0.008300 0.059668
alpha2 0.010000 0.090214 2670.000000 0.000000 0.001104 0.008300 0.059069
alpha2 0.010000 0.090214 2675.000000 0.000000 0.001104 0.008300 0.058476
alpha2 0.010000 0.090214 2680.000000 0.000000 0.001104 0.008300 0.057890
alpha2 0.010000 0.090214 2685.000000 0.000000 0.001104 0.008300 0.057310
alpha2 0.010000 0.090214 2690.000000 0.000000 0.001104 0.008300 0.056737
alpha2 0.010000 0.090214 2695.000000 0.000000 0.001104 0.008300 0.056171
alpha2 0.010000 0.090214 2700.000000 0.000000 0.001104 0.008300 0.055611
alpha2 0.010000 0.090214 2705.000000 0.000000 0.001104 0.008300 0.055058
alpha2 0.010000 0.090214 2710.000000 0.000000 0.001104 0.008300 0.054511
alpha2 0.010000 0.090214 2715.000000 0.000000 0.001104 0.008300 0.053970
alpha2 0.010000 0.090214 2720.000000 0.000000 0.001104 0.008300 0.053436
alpha2 0.010000 0.090214 2725.000000 0.000000 0.001104 0.008300 0.052907
alpha2 0.010000 0.090214 2730.000000 0.000000 0.001104 0.008300 0.052385
alpha2 0.010000 0.090214 2735.000000 0.000000 0.001104 0.008300 0.051868
alpha2 0.010000 0.090214 2740.000000 0.000000 0.001104 0.008300 0.051358
alpha2 0.010000 0.090214 2745.000000 0.000000 0.001104 0.008300 0.050853
alpha2 0.010000 0.090214 2750.000000 0.000000 0.001104 0.008300 0.050354
alpha2 0.010000 0.090214 2755.000000 0.000000 0.001104 0.008300 0.049861
alpha2 0.010000 0.090214 2760.000000 0.000000 0.001104 0.008300 0.049373
alpha2 0.010000 0.090214 2765.000000 0.000000 0.001104 0.008300 0.048891
alpha2 0.010000 0.090214 2770.000000 0.000000 0.001104 0.008300 0.048415
alpha2 0.010000 0.090214 2775.000000 0.000000 0.001104 0.008300 0.047944
alpha2 0.010000 0.090214 2780.000000 0.000000 0.001104 0.008300 0.047478
alpha2 0.010000 0.090214 2785.000000 0.000000 0.001104 0.008300 0.047018
alpha2 0.010000 0.090214 2790.000000 0.000000 0.001104 0.008300 0.046563
alpha2 0.010000 0.090214 2795.000000 0.000000 0.001104 0.008300 0.046113
alpha2 0.010000 0.090214 2800.000000 0.000000 0.001104 0.008300 0.045668
alpha2 0.010000 0.090214 2805.000000 0.000000 0.001104 0.008300 0.045228
alpha2 0.010000 0.090214 2810.000000 0.000000 0.001104 0.008300 0.044794
alpha2 0.010000 0.090214 2815.000000 0.000000 0.001104 0.008300 0.044364
alpha2 0.010000 0.090214 2820.000000 0.000000 0.001104 0.008300 0.043939
alpha2 0.010000 0.090214 2825.000000 0.000000 0.001104 0.008300 0.043520
alpha2 0.010000 0.090214 2830.000000 0.000000 0.001104 0.008300 0.043104
alpha2 0.010000 0.090214 2835.000000 0.000000 0.001104 0.008300 0.042694
alpha2 0.010000 0.090214 2840.000000 0.000000 0.001104 0.008300 0.042288
alpha2 0.010000 0.090214 2845.000000 0.000000 0.001104 0.008300 0.041887
alpha2 0.010000 0.090214 2850.000000 0.000000 0.001104 0.008300 0.041491
alpha2 0.010000 0.090214 2855.000000 0.000000 0.001104 0.008300 0.041099
alpha2 0.010000 0.090214 2860.000000 0.000000 0.001104 0.008300 0.040712
alpha2 0.010000 0.090214 2865.000000 0.000000 0.001104 0.008300 0.040329
alpha2 0.010000 0.090214 2870.000000 0.000000 0.001104 0.008300 0.039950
alpha2 0.010000 0.090214 2875.000000 0.000000 0.001104 0.008300 0.039576
alpha2 0.010000 0.090214 2880.000000 0.000000 0.001104 0.008300 0.039206
alpha2 0.010000 0.090214 2885.000000 0.000000 0.001104 0.008300 0.038840
alpha2 0.010000 0.090214 2890.000000 0.000000 0.001104 0.008300 0.038479
alpha2 0.010000 0.090214 2895.000000 0.000000 0.001104 0.008300 0.038121
alpha2 0.010000 0.090214 2900.000000 0.000000 0.001104 0.008300 0.037768
alpha2 0.010000 0.090214 2905.000000 0.000000 0.001104 0.008300 0.037418
alpha2 0.010000 0.090214 2910.000000 0.000000 0.001104 0.008300 0.037073
alpha2 0.010000 0.090214 2915.000000 0.000000 0.001104 0.008300 0.036732
alpha2 0.010000 0.090214 2920.000000 0.000000 0.001104 0.008300 0.036394
alpha2 0.010000 0.090214 2925.000000 0.000000 0.001104 0.008300 0.036061
alpha2 0.010000 0.090214 2930.000000 0.000000 0.001104 0.008300 0.035731
alpha2 0.010000 0.090214 2935.000000 0.000000 0.001104 0.008300 0.035405
alpha2 0.010000 0.090214 2940.000000 0.000000 0.001104 0.008300 0.035083
alpha2 0.010000 0.090214 2945.000000 0.000000 0.001104 0.008300 0.034764
alpha2 0.010000 0.090214 2950.000000 0.000000 0.001104 0.008300 0.034449
alpha2 0.010000 0.090214 2955.000000 0.000000 0.001104 0.008300 0.034138
alpha2 0.010000 0.090214 2960.000000 0.000000 0.001104 0.008300 0.033830
alpha2 0.010000 0.090214 2965.000000 0.000000 0.001104 0.008300 0.033526
alpha2 0.010000 0.090214 2970.000000 0.000000 0.001104 0.008300 0.033225
alpha2 0.010000 0.090214 2975.000000 0.000000 0.001104 0.008300 0.032927
alpha2 0.010000 0.090214 2980.000000 0.000000 0.001104 0.008300 0.032633
alpha2 0.010000 0.090214 2985.000000 0.000000 0.001104 0.008300 0.032343
alpha2 0.010000 0.090214 2990.000000 0.000000 0.001104 0.008300 0.032056
alpha2 0.010000 0.090214 2995.000000 0.000000 0.001104 0.008300 0.031772
alpha2 0.010000 0.090214 3000.000000 0.000000 0.001104 0.008300 0.031491
alpha2 0.010000 0.090214 3005.000000 0.000000 0.001104 0.008300 0.031213
alpha2 0.010000 0.090214 3010.000000 0.000000 0.001104 0.008300 0.030939
alpha2 0.010000 0.090214 3015.000000 0.000000 0.001104 0.008300 0.030668
alpha2 0.010000 0.090214 3020.000000 0.000000 0.001104 0.008300 0.030399
alpha2 0.010000 0.090214 3025.000000 0.000000 0.001104 0.008300 0.030134
alpha2 0.010000 0.090214 3030.000000 0.000000 0.001104 0.008300 0.029872
alpha2 0.010000 0.090214 3035.000000 0.000000 0.001104 0.008300 0.029613
alpha2 0.010000 0.090214 3040.000000 0.000000 0.001104 0.008300 0.029357
alpha2 0.010000 0.090214 3045.000000 0.000000 0.001104 0.008300 0.029104
alpha2 0.010000 0.090214 3050.000000 0.000000 0.001104 0.008300 0.028854
alpha2 0.010000 0.090214 3055.000000 0.000000 0.001104 0.008300 0.028606
alpha2 0.010000 0.090214 3060.000000 0.000000 0.001104 0.008300 0.028362
alpha2 0.010000 0.090214 3065.000000 0.000000 0.001104 0.008300 0.028120
alpha2 0.010000 0.090214 3070.000000 0.000000 0.001104 0.008300 0.027881
alpha2 0.010000 0.090214 3075.000000 0.000000 0.001104 0.008300 0.027645
alpha2 0.010000 0.090214 3080.000000 0.000000 0.001104 0.008300 0.027411
alpha2 0.010000 0.090214 3085.000000 0.000000 0.001104 0.008300 0.027180
alpha2 0.010000 0.090214 3090.000000 0.000000 0.001104 0.008300 0.026952
alpha2 0.010000 0.090214 3095.000000 0.000000 0.001104 0.008300 0.026726
alpha2 0.010000 0.090214 3100.000000 0.000000 0.001104 0.008300 0.026503
alpha2 0.010000 0.090214 3105.000000 0.000000 0.001104 0.008300 0.026283
alpha2 0.010000 0.090214 3110.000000 0.000000 0.001104 0.008300 0.026065
alpha2 0.010000 0.090214 3115.000000 0.000000 0.001104 0.008300 0.025849
alpha2 0.010000 0.090214 3120.000000 0.000000 0.001104 0.008300 0.025636
alpha2 0.010000 0.090214 3125.000000 0.000000 0.001104 0.008300 0.025426
alpha2 0.010000 0.090214 3130.000000 0.000000 0.001104 0.008300 0.025218
alpha2 0.010000 0.090214 3135.000000 0.000000 0.001104 0.008300 0.025012
alpha2 0.010000 0.090214 3140.000000 0.000000 0.001104 0.008300 0.024808
alpha2 0.010000 0.090214 3145.000000 0.000000 0.001104 0.008300 0.024607
alpha2 0.010000 0.090214 3150.000000 0.000000 0.001104 0.008300 0.024408
alpha2 0.010000 0.090214 3155.000000 0.000000 0.001104 0.008300 0.024212
alpha2 0.010000 0.090214 3160.000000 0.000000 0.001104 0.008300 0.024017
alpha2 0.010000 0.090214 3165.000000 0.000000 0.001104 0.008300 0.023825
alpha2 0.010000 0.090214 3170.000000 0.000000 0.001104 0.008300 0.023635
alpha2 0.010000 0.090214 3175.000000 0.000000 0.001104 0.008300 0.023448
alpha2 0.010000 0.090214 3180.000000 0.000000 0.001104 0.008300 0.023262
alpha2 0.010000 0.090214 3185.000000 0.000000 0.001104 0.008300 0.023079
alpha2 0.010000 0.090214 3190.000000 0.000000 0.001104 0.008300 0.022897
alpha2 0.010000 0.090214 3195.000000 0.000000 0.001104 0.008300 0.022718
alpha2 0.010000 0.090214 3200.000000 0.000000 0.001104 0.008300 0.022541
alpha2 0.010000 0.090214 3205.000000 0.000000 0.001104 0.008300 0.022366
alpha2 0.010000 0.090214 3210.000000 0.000000 0.001104 0.008300 0.022192
alpha2 0.010000 0.090214 3215.000000 0.000000 0.001104 0.008300 0.022021
alpha2 0.010000 0.090214 3220.000000 0.000000 0.001104 0.008300 0.021852
alpha2 0.010000 0.090214 3225.000000 0.000000 0.001104 0.008300 0.021685
alpha2 0.010000 0.090214 3230.000000 0.000000 0.001104 0.008300 0.021519
alpha2 0.010000 0.090214 3235.000000 0.000000 0.001104 0.008300 0.021356
alpha2 0.010000 0.090214 3240.000000 0.000000 0.001104 0.008300 0.021194
alpha2 0.010000 0.090214 3245.000000 0.000000 0.001104 0.008300 0.021034
alpha2 0.010000 0.090214 3250.000000 0.000000 0.001104 0.008300 0.020876
alpha2 0.010000 0.090214 3255.000000 0.000000 0.001104 0.008300 0.020720
alpha2 0.010000 0.090214 3260.000000 0.000000 0.001104 0.008300 0.020566
alpha2 0.010000 0.090214 3265.000000 0.000000 0.001104 0.008300 0.020413
alpha2 0.010000 0.090214 3270.000000 0.000000 0.001104 0.008300 0.020262
alpha2 0.010000 0.090214 3275.000000 0.000000 0.001104 0.008300 0.020113
alpha2 0.010000 0.090214 3280.000000 0.000000 0.001104 0.008300 0.019965
alpha2 0.010000 0.090214 3285.000000 0.000000 0.001104 0.008300 0.019820
alpha2 0.010000 0.090214 3290.000000 0.000000 0.001104 0.008300 0.019676
alpha2 0.010000 0.090214 3295.000000 0.000000 0.001104 0.008300 0.019533
alpha2 0.010000 0.090214 3300.000000 0.000000 0.001104 0.008300 0.019392
alpha2 0.010000 0.090214 3305.000000 0.000000 0.001104 0.008300 0.019253
alpha2 0.010000 0.090214 3310.000000 0.000000 0.001104 0.008300 0.019115
alpha2 0.010000 0.090214 3315.000000 0.000000 0.001104 0.008300 0.018979
alpha2 0.010000 0.090214 3320.000000 0.000000 0.001104 0.008300 0.018845
alpha2 0.010000 0.090214 3325.000000 0.000000 0.001104 0.008300 0.018712
alpha2 0.010000 0.090214 3330.000000 0.000000 0.001104 0.008300 0.018581
alpha2 0.010000 0.090214 3335.000000 0.000000 0.001104 0.008300 0.018451
alpha2 0.010000 0.090214 3340.000000 0.000000 0.001104 0.008300 0.018322
alpha2 0.010000 0.090214 3345.000000 0.000000 0.001104 0.008300 0.018195
alpha2 0.010000 0.090214 3350.000000 0.000000 0.001104 0.008300 0.018070
alpha2 0.010000 0.090214 3355.000000 0.000000 0.001104 0.008300 0.017946
alpha2 0.010000 0.090214 3360.000000 0.000000 0.001104 0.008300 0.017823
alpha2 0.010000 0.090214 3365.000000 0.000000 0.001104 0.008300 0.017702
alpha2 0.010000 0.090214 3370.000000 0.000000 0.001104 0.008300 0.017582
alpha2 0.010000 0.090214 3375.000000 0.000000 0.001104 0.008300 0.017463
alpha2 0.010000 0.090214 3380.000000 0.000000 0.001104 0.008300 0.017346
alpha2 0.010000 0.090214 3385.000000 0.000000 0.001104 0.008300 0.017230
alpha2 0.010000 0.090214 3390.000000 0.000000 0.001104 0.008300 0.017116
alpha2 0.010000 0.090214 3395.000000 0.000000 0.001104 0.008300 0.017003
alpha2 0.010000 0.090214 3400.000000 0.000000 0.001104 0.008300 0.016891
alpha2 0.010000 0.090214 3405.000000 0.000000 0.001104 0.008300 0.016780
alpha2 0.010000 0.090214 3410.000000 0.000000 0.001104 0.008300 0.016671
alpha2 0.010000 0.090214 3415.000000 0.000000 0.001104 0.008300 0.016563
alpha2 0.010000 0.090214 3420.000000 0.000000 0.001104 0.008300 0.016456
alpha2 0.010000 0.090214 3425.000000 0.000000 0.001104 0.008300 0.016350
alpha2 0.010000 0.090214 3430.000000 0.000000 0.001104 0.008300 0.016246
alpha2 0.010000 0.090214 3435.000000 0.000000 0.001104 0.008300 0.016143
alpha2 0.010000 0.090214 3440.000000 0.000000 0.001104 0.008300 0.016041
alpha2 0.010000 0.090214 3445.000000 0.000000 0.001104 0.008300 0.015940
alpha2 0.010000 0.090214 3450.000000 0.000000 0.001104 0.008300 0.015840
alpha2 0.010000 0.090214 3455.000000 0.000000 0.001104 0.008300 0.015741
alpha2 0.010000 0.090214 3460.000000 0.000000 0.001104 0.008300 0.015644
alpha2 0.010000 0.090214 3465.000000 0.000000 0.001104 0.008300 0.015547
alpha2 0.010000 0.090214 3470.000000 0.000000 0.001104 0.008300 0.015452
alpha2 0.010000 0.090214 3475.000000 0.000000 0.001104 0.008300 0.015358
alpha2 0.010000 0.090214 3480.000000 0.000000 0.001104 0.008300 0.015265
alpha2 0.010000 0.090214 3485.000000 0.000000 0.001104 0.008300 0.015173
alpha2 0.010000 0.090214 3490.000000 0.000000 0.001104 0.008300 0.015082
alpha2 0.010000 0.090214 3495.000000 0.000000 0.001104 0.008300 0.014992
alpha2 0.010000 0.090214 3500.000000 0.000000 0.001104 0.008300 0.014903
alpha2 0.010000 0.090214 3505.000000 0.000000 0.001104 0.008300 0.014815
alpha2 0.010000 0.090214 3510.000000 0.000000 0.001104 0.008300 0.014728
alpha2 0.010000 0.090214 3515.000000 0.000000 0.001104 0.008300 0.014643
alpha2 0.010000 0.090214 3520.000000 0.000000 0.001104 0.008300 0.014558
alpha2 0.010000 0.090214 3525.000000 0.000000 0.001104 0.008300 0.014474
alpha2 0.010000 0.090214 3530.000000 0.000000 0.001104 0.008300 0.014391
alpha2 0.010000 0.090214 3535.000000 0.000000 0.001104 0.008300 0.014309
alpha2 0.010000 0.090214 3540.000000 0.000000 0.001104 0.008300 0.014228
alpha2 0.010000 0.090214 3545.000000 0.000000 0.001104 0.008300 0.014147
alpha2 0.010000 0.090214 3550.000000 0.000000 0.001104 0.008300 0.014068
alpha2 0.010000 0.090214 3555.000000 0.000000 0.001104 0.008300 0.013990
alpha2 0.010000 0.090214 3560.000000 0.000000 0.001104 0.008300 0.013912
alpha2 0.010000 0.090214 3565.000000 0.000000 0.001104 0.008300 0.013836
alpha2 0.010000 0.090214 3570.000000 0.000000 0.001104 0.008300 0.013760
alpha2 0.010000 0.090214 3575.000000 0.000000 0.001104 0.008300 0.013685
alpha2 0.010000 0.090214 3580.000000 0.000000 0.001104 0.008300 0.013611
alpha2 0.010000 0.090214 3585.000000 0.000000 0.001104 0.008300 0.013538
alpha2 0.010000 0.090214 3590.000000 0.000000 0.001104 0.008300 0.013466
alpha2 0.010000 0.090214 3595.000000 0.000000 0.001104 0.008300 0.013395
alpha2 0.010000 0.090214 3600.000000 0.000000 0.001104 0.008300 0.013324
