HEADER DATE 01-Aug-2017 13:04:26
HEADER RANDSEED 1748296921
Param True_Value Sim_Value Sim_Time Input mRNA foldedP fluo
Kb 0.002300 0.014752 0.000000 2.000000 1.380379 1.150316 0.155952
Kb 0.002300 0.014752 5.000000 2.000000 1.380379 1.150316 0.155952
Kb 0.002300 0.014752 10.000000 2.000000 1.380379 1.150316 0.155952
Kb 0.002300 0.014752 15.000000 2.000000 1.380379 1.150316 0.155952
Kb 0.002300 0.014752 20.000000 2.000000 1.380379 1.150316 0.155952
Kb 0.002300 0.014752 25.000000 2.000000 1.380379 1.150316 0.155952
Kb 0.002300 0.014752 30.000000 2.000000 1.380379 1.150316 0.155952
Kb 0.002300 0.014752 35.000000 2.000000 1.380379 1.150316 0.155952
Kb 0.002300 0.014752 40.000000 2.000000 1.380379 1.150316 0.155952
Kb 0.002300 0.014752 45.000000 2.000000 1.380379 1.150316 0.155952
Kb 0.002300 0.014752 50.000000 2.000000 1.380379 1.150316 0.155952
Kb 0.002300 0.014752 55.000000 2.000000 1.380379 1.150316 0.155952
Kb 0.002300 0.014752 60.000000 2.000000 1.380379 1.150316 0.155952
Kb 0.002300 0.014752 65.000000 2.000000 1.380379 1.150316 0.155952
Kb 0.002300 0.014752 70.000000 2.000000 1.380379 1.150316 0.155952
Kb 0.002300 0.014752 75.000000 2.000000 1.380379 1.150316 0.155952
Kb 0.002300 0.014752 80.000000 2.000000 1.380379 1.150316 0.155952
Kb 0.002300 0.014752 85.000000 2.000000 1.380379 1.150316 0.155952
Kb 0.002300 0.014752 90.000000 2.000000 1.380379 1.150316 0.155952
Kb 0.002300 0.014752 95.000000 2.000000 1.380379 1.150316 0.155952
Kb 0.002300 0.014752 100.000000 2.000000 1.380379 1.150316 0.155952
Kb 0.002300 0.014752 105.000000 2.000000 1.380379 1.150316 0.155952
Kb 0.002300 0.014752 110.000000 2.000000 1.380379 1.150316 0.155952
Kb 0.002300 0.014752 115.000000 2.000000 1.380379 1.150316 0.155952
Kb 0.002300 0.014752 120.000000 2.000000 1.380379 1.150316 0.155952
Kb 0.002300 0.014752 125.000000 2.000000 1.380379 1.150316 0.155952
Kb 0.002300 0.014752 130.000000 2.000000 1.380379 1.150316 0.155952
Kb 0.002300 0.014752 135.000000 2.000000 1.380379 1.150316 0.155952
Kb 0.002300 0.014752 140.000000 2.000000 1.380379 1.150316 0.155952
Kb 0.002300 0.014752 145.000000 2.000000 1.380379 1.150316 0.155952
Kb 0.002300 0.014752 150.000000 2.000000 1.380379 1.150316 0.155952
Kb 0.002300 0.014752 155.000000 2.000000 1.380379 1.150316 0.155952
Kb 0.002300 0.014752 160.000000 2.000000 1.380379 1.150316 0.155952
Kb 0.002300 0.014752 165.000000 2.000000 1.380379 1.150316 0.155952
Kb 0.002300 0.014752 170.000000 2.000000 1.380379 1.150316 0.155952
Kb 0.002300 0.014752 175.000000 2.000000 1.380379 1.150316 0.155952
Kb 0.002300 0.014752 180.000000 2.000000 1.380379 1.150316 0.155952
Kb 0.002300 0.014752 185.000000 2.000000 1.380379 1.150316 0.155952
Kb 0.002300 0.014752 190.000000 2.000000 1.380379 1.150316 0.155952
Kb 0.002300 0.014752 195.000000 2.000000 1.380379 1.150316 0.155952
Kb 0.002300 0.014752 200.000000 2.000000 1.380379 1.150316 0.155952
Kb 0.002300 0.014752 205.000000 2.000000 1.380379 1.150316 0.155952
Kb 0.002300 0.014752 210.000000 2.000000 1.380379 1.150316 0.155952
Kb 0.002300 0.014752 215.000000 2.000000 1.380379 1.150316 0.155952
Kb 0.002300 0.014752 220.000000 2.000000 1.380379 1.150316 0.155952
Kb 0.002300 0.014752 225.000000 2.000000 1.380379 1.150316 0.155952
Kb 0.002300 0.014752 230.000000 2.000000 1.380379 1.150316 0.155952
Kb 0.002300 0.014752 235.000000 2.000000 1.380379 1.150316 0.155952
Kb 0.002300 0.014752 240.000000 2.000000 1.380379 1.150316 0.155952
Kb 0.002300 0.014752 245.000000 2.000000 1.380379 1.150316 0.155952
Kb 0.002300 0.014752 250.000000 2.000000 1.380379 1.150316 0.155952
Kb 0.002300 0.014752 255.000000 2.000000 1.380379 1.150316 0.155952
Kb 0.002300 0.014752 260.000000 2.000000 1.380379 1.150316 0.155952
Kb 0.002300 0.014752 265.000000 2.000000 1.380379 1.150316 0.155952
Kb 0.002300 0.014752 270.000000 2.000000 1.380379 1.150316 0.155952
Kb 0.002300 0.014752 275.000000 2.000000 1.380379 1.150316 0.155952
Kb 0.002300 0.014752 280.000000 2.000000 1.380379 1.150316 0.155952
Kb 0.002300 0.014752 285.000000 2.000000 1.380379 1.150316 0.155952
Kb 0.002300 0.014752 290.000000 2.000000 1.380379 1.150316 0.155952
Kb 0.002300 0.014752 295.000000 2.000000 1.380379 1.150316 0.155952
Kb 0.002300 0.014752 300.000000 2.000000 1.380379 1.150316 0.155952
Kb 0.002300 0.014752 305.000000 0.000000 1.188257 1.145491 0.155936
Kb 0.002300 0.014752 310.000000 0.000000 1.022897 1.132296 0.155832
Kb 0.002300 0.014752 315.000000 0.000000 0.880569 1.112422 0.155575
Kb 0.002300 0.014752 320.000000 0.000000 0.758067 1.087297 0.155118
Kb 0.002300 0.014752 325.000000 0.000000 0.652627 1.058119 0.154430
Kb 0.002300 0.014752 330.000000 0.000000 0.561875 1.025891 0.153494
Kb 0.002300 0.014752 335.000000 0.000000 0.483764 0.991454 0.152303
Kb 0.002300 0.014752 340.000000 0.000000 0.416533 0.955505 0.150857
Kb 0.002300 0.014752 345.000000 0.000000 0.358666 0.918622 0.149161
Kb 0.002300 0.014752 350.000000 0.000000 0.308861 0.881281 0.147229
Kb 0.002300 0.014752 355.000000 0.000000 0.265993 0.843871 0.145073
Kb 0.002300 0.014752 360.000000 0.000000 0.229096 0.806710 0.142711
Kb 0.002300 0.014752 365.000000 0.000000 0.197338 0.770051 0.140160
Kb 0.002300 0.014752 370.000000 0.000000 0.170005 0.734097 0.137442
Kb 0.002300 0.014752 375.000000 0.000000 0.146478 0.699006 0.134573
Kb 0.002300 0.014752 380.000000 0.000000 0.126229 0.664899 0.131576
Kb 0.002300 0.014752 385.000000 0.000000 0.108800 0.631866 0.128467
Kb 0.002300 0.014752 390.000000 0.000000 0.093799 0.599973 0.125267
Kb 0.002300 0.014752 395.000000 0.000000 0.080887 0.569261 0.121993
Kb 0.002300 0.014752 400.000000 0.000000 0.069774 0.539756 0.118661
Kb 0.002300 0.014752 405.000000 0.000000 0.060209 0.511469 0.115288
Kb 0.002300 0.014752 410.000000 0.000000 0.051976 0.484398 0.111888
Kb 0.002300 0.014752 415.000000 0.000000 0.044890 0.458533 0.108475
Kb 0.002300 0.014752 420.000000 0.000000 0.038791 0.433856 0.105060
Kb 0.002300 0.014752 425.000000 0.000000 0.033541 0.410341 0.101657
Kb 0.002300 0.014752 430.000000 0.000000 0.029023 0.387959 0.098274
Kb 0.002300 0.014752 435.000000 0.000000 0.025134 0.366676 0.094921
Kb 0.002300 0.014752 440.000000 0.000000 0.021787 0.346459 0.091607
Kb 0.002300 0.014752 445.000000 0.000000 0.018906 0.327267 0.088339
Kb 0.002300 0.014752 450.000000 0.000000 0.016427 0.309064 0.085123
Kb 0.002300 0.014752 455.000000 0.000000 0.014292 0.291809 0.081964
Kb 0.002300 0.014752 460.000000 0.000000 0.012455 0.275463 0.078869
Kb 0.002300 0.014752 465.000000 0.000000 0.010874 0.259986 0.075840
Kb 0.002300 0.014752 470.000000 0.000000 0.009513 0.245339 0.072881
Kb 0.002300 0.014752 475.000000 0.000000 0.008342 0.231484 0.069996
Kb 0.002300 0.014752 480.000000 0.000000 0.007334 0.218383 0.067186
Kb 0.002300 0.014752 485.000000 0.000000 0.006466 0.205999 0.064453
Kb 0.002300 0.014752 490.000000 0.000000 0.005719 0.194298 0.061798
Kb 0.002300 0.014752 495.000000 0.000000 0.005076 0.183244 0.059222
Kb 0.002300 0.014752 500.000000 0.000000 0.004523 0.172805 0.056726
Kb 0.002300 0.014752 505.000000 0.000000 0.004047 0.162949 0.054310
Kb 0.002300 0.014752 510.000000 0.000000 0.003637 0.153646 0.051973
Kb 0.002300 0.014752 515.000000 0.000000 0.003284 0.144866 0.049716
Kb 0.002300 0.014752 520.000000 0.000000 0.002980 0.136582 0.047536
Kb 0.002300 0.014752 525.000000 0.000000 0.002719 0.128766 0.045434
Kb 0.002300 0.014752 530.000000 0.000000 0.002494 0.121393 0.043409
Kb 0.002300 0.014752 535.000000 0.000000 0.002301 0.114440 0.041458
Kb 0.002300 0.014752 540.000000 0.000000 0.002134 0.107883 0.039581
Kb 0.002300 0.014752 545.000000 0.000000 0.001990 0.101700 0.037776
Kb 0.002300 0.014752 550.000000 0.000000 0.001867 0.095871 0.036042
Kb 0.002300 0.014752 555.000000 0.000000 0.001761 0.090376 0.034376
Kb 0.002300 0.014752 560.000000 0.000000 0.001669 0.085196 0.032777
Kb 0.002300 0.014752 565.000000 0.000000 0.001591 0.080314 0.031244
Kb 0.002300 0.014752 570.000000 0.000000 0.001523 0.075712 0.029774
Kb 0.002300 0.014752 575.000000 0.000000 0.001464 0.071375 0.028365
Kb 0.002300 0.014752 580.000000 0.000000 0.001414 0.067289 0.027016
Kb 0.002300 0.014752 585.000000 0.000000 0.001371 0.063438 0.025725
Kb 0.002300 0.014752 590.000000 0.000000 0.001334 0.059809 0.024489
Kb 0.002300 0.014752 595.000000 0.000000 0.001302 0.056390 0.023308
Kb 0.002300 0.014752 600.000000 0.000000 0.001274 0.053168 0.022178
Kb 0.002300 0.014752 605.000000 0.000000 0.001251 0.050133 0.021099
Kb 0.002300 0.014752 610.000000 0.000000 0.001230 0.047274 0.020068
Kb 0.002300 0.014752 615.000000 0.000000 0.001213 0.044580 0.019083
Kb 0.002300 0.014752 620.000000 0.000000 0.001198 0.042043 0.018144
Kb 0.002300 0.014752 625.000000 0.000000 0.001185 0.039652 0.017247
Kb 0.002300 0.014752 630.000000 0.000000 0.001173 0.037400 0.016392
Kb 0.002300 0.014752 635.000000 0.000000 0.001164 0.035279 0.015576
Kb 0.002300 0.014752 640.000000 0.000000 0.001155 0.033281 0.014799
Kb 0.002300 0.014752 645.000000 0.000000 0.001148 0.031398 0.014058
Kb 0.002300 0.014752 650.000000 0.000000 0.001142 0.029625 0.013352
Kb 0.002300 0.014752 655.000000 0.000000 0.001137 0.027956 0.012680
Kb 0.002300 0.014752 660.000000 0.000000 0.001132 0.026383 0.012040
Kb 0.002300 0.014752 665.000000 0.000000 0.001128 0.024901 0.011431
Kb 0.002300 0.014752 670.000000 0.000000 0.001125 0.023506 0.010852
Kb 0.002300 0.014752 675.000000 0.000000 0.001122 0.022191 0.010300
Kb 0.002300 0.014752 680.000000 0.000000 0.001120 0.020953 0.009776
Kb 0.002300 0.014752 685.000000 0.000000 0.001117 0.019787 0.009277
Kb 0.002300 0.014752 690.000000 0.000000 0.001115 0.018689 0.008802
Kb 0.002300 0.014752 695.000000 0.000000 0.001114 0.017655 0.008352
Kb 0.002300 0.014752 700.000000 0.000000 0.001113 0.016681 0.007923
Kb 0.002300 0.014752 705.000000 0.000000 0.001111 0.015763 0.007516
Kb 0.002300 0.014752 710.000000 0.000000 0.001110 0.014899 0.007129
Kb 0.002300 0.014752 715.000000 0.000000 0.001109 0.014086 0.006762
Kb 0.002300 0.014752 720.000000 0.000000 0.001109 0.013319 0.006413
Kb 0.002300 0.014752 725.000000 0.000000 0.001108 0.012597 0.006082
Kb 0.002300 0.014752 730.000000 0.000000 0.001107 0.011917 0.005768
Kb 0.002300 0.014752 735.000000 0.000000 0.001107 0.011277 0.005469
Kb 0.002300 0.014752 740.000000 0.000000 0.001107 0.010674 0.005186
Kb 0.002300 0.014752 745.000000 0.000000 0.001106 0.010106 0.004917
Kb 0.002300 0.014752 750.000000 0.000000 0.001106 0.009571 0.004663
Kb 0.002300 0.014752 755.000000 0.000000 0.001106 0.009068 0.004421
Kb 0.002300 0.014752 760.000000 0.000000 0.001105 0.008593 0.004192
Kb 0.002300 0.014752 765.000000 0.000000 0.001105 0.008146 0.003974
Kb 0.002300 0.014752 770.000000 0.000000 0.001105 0.007726 0.003768
Kb 0.002300 0.014752 775.000000 0.000000 0.001105 0.007329 0.003573
Kb 0.002300 0.014752 780.000000 0.000000 0.001105 0.006956 0.003387
Kb 0.002300 0.014752 785.000000 0.000000 0.001105 0.006605 0.003212
Kb 0.002300 0.014752 790.000000 0.000000 0.001105 0.006274 0.003046
Kb 0.002300 0.014752 795.000000 0.000000 0.001104 0.005962 0.002888
Kb 0.002300 0.014752 800.000000 0.000000 0.001104 0.005668 0.002739
Kb 0.002300 0.014752 805.000000 0.000000 0.001104 0.005392 0.002597
Kb 0.002300 0.014752 810.000000 0.000000 0.001104 0.005131 0.002463
Kb 0.002300 0.014752 815.000000 0.000000 0.001104 0.004886 0.002336
Kb 0.002300 0.014752 820.000000 0.000000 0.001104 0.004655 0.002216
Kb 0.002300 0.014752 825.000000 0.000000 0.001104 0.004438 0.002102
Kb 0.002300 0.014752 830.000000 0.000000 0.001104 0.004233 0.001995
Kb 0.002300 0.014752 835.000000 0.000000 0.001104 0.004040 0.001893
Kb 0.002300 0.014752 840.000000 0.000000 0.001104 0.003858 0.001796
Kb 0.002300 0.014752 845.000000 0.000000 0.001104 0.003687 0.001705
Kb 0.002300 0.014752 850.000000 0.000000 0.001104 0.003526 0.001618
Kb 0.002300 0.014752 855.000000 0.000000 0.001104 0.003374 0.001536
Kb 0.002300 0.014752 860.000000 0.000000 0.001104 0.003231 0.001459
Kb 0.002300 0.014752 865.000000 0.000000 0.001104 0.003097 0.001386
Kb 0.002300 0.014752 870.000000 0.000000 0.001104 0.002970 0.001316
Kb 0.002300 0.014752 875.000000 0.000000 0.001104 0.002851 0.001251
Kb 0.002300 0.014752 880.000000 0.000000 0.001104 0.002738 0.001189
Kb 0.002300 0.014752 885.000000 0.000000 0.001104 0.002632 0.001130
Kb 0.002300 0.014752 890.000000 0.000000 0.001104 0.002533 0.001075
Kb 0.002300 0.014752 895.000000 0.000000 0.001104 0.002439 0.001022
Kb 0.002300 0.014752 900.000000 0.000000 0.001104 0.002350 0.000973
Kb 0.002300 0.014752 905.000000 0.000000 0.001104 0.002267 0.000926
Kb 0.002300 0.014752 910.000000 0.000000 0.001104 0.002189 0.000881
Kb 0.002300 0.014752 915.000000 0.000000 0.001104 0.002115 0.000839
Kb 0.002300 0.014752 920.000000 0.000000 0.001104 0.002045 0.000800
Kb 0.002300 0.014752 925.000000 0.000000 0.001104 0.001980 0.000762
Kb 0.002300 0.014752 930.000000 0.000000 0.001104 0.001918 0.000727
Kb 0.002300 0.014752 935.000000 0.000000 0.001104 0.001860 0.000693
Kb 0.002300 0.014752 940.000000 0.000000 0.001104 0.001805 0.000662
Kb 0.002300 0.014752 945.000000 0.000000 0.001104 0.001754 0.000632
Kb 0.002300 0.014752 950.000000 0.000000 0.001104 0.001705 0.000604
Kb 0.002300 0.014752 955.000000 0.000000 0.001104 0.001659 0.000577
Kb 0.002300 0.014752 960.000000 0.000000 0.001104 0.001616 0.000552
Kb 0.002300 0.014752 965.000000 0.000000 0.001104 0.001576 0.000528
Kb 0.002300 0.014752 970.000000 0.000000 0.001104 0.001538 0.000505
Kb 0.002300 0.014752 975.000000 0.000000 0.001104 0.001502 0.000484
Kb 0.002300 0.014752 980.000000 0.000000 0.001104 0.001468 0.000464
Kb 0.002300 0.014752 985.000000 0.000000 0.001104 0.001436 0.000445
Kb 0.002300 0.014752 990.000000 0.000000 0.001104 0.001406 0.000427
Kb 0.002300 0.014752 995.000000 0.000000 0.001104 0.001378 0.000410
Kb 0.002300 0.014752 1000.000000 0.000000 0.001104 0.001351 0.000394
Kb 0.002300 0.014752 1005.000000 0.000000 0.001104 0.001326 0.000379
Kb 0.002300 0.014752 1010.000000 0.000000 0.001104 0.001302 0.000365
Kb 0.002300 0.014752 1015.000000 0.000000 0.001104 0.001280 0.000351
Kb 0.002300 0.014752 1020.000000 0.000000 0.001104 0.001259 0.000338
Kb 0.002300 0.014752 1025.000000 0.000000 0.001104 0.001239 0.000326
Kb 0.002300 0.014752 1030.000000 0.000000 0.001104 0.001221 0.000315
Kb 0.002300 0.014752 1035.000000 0.000000 0.001104 0.001203 0.000304
Kb 0.002300 0.014752 1040.000000 0.000000 0.001104 0.001187 0.000294
Kb 0.002300 0.014752 1045.000000 0.000000 0.001104 0.001171 0.000285
Kb 0.002300 0.014752 1050.000000 0.000000 0.001104 0.001156 0.000276
Kb 0.002300 0.014752 1055.000000 0.000000 0.001104 0.001143 0.000267
Kb 0.002300 0.014752 1060.000000 0.000000 0.001104 0.001130 0.000259
Kb 0.002300 0.014752 1065.000000 0.000000 0.001104 0.001118 0.000251
Kb 0.002300 0.014752 1070.000000 0.000000 0.001104 0.001106 0.000244
Kb 0.002300 0.014752 1075.000000 0.000000 0.001104 0.001095 0.000238
Kb 0.002300 0.014752 1080.000000 0.000000 0.001104 0.001085 0.000231
Kb 0.002300 0.014752 1085.000000 0.000000 0.001104 0.001075 0.000225
Kb 0.002300 0.014752 1090.000000 0.000000 0.001104 0.001066 0.000219
Kb 0.002300 0.014752 1095.000000 0.000000 0.001104 0.001058 0.000214
Kb 0.002300 0.014752 1100.000000 0.000000 0.001104 0.001050 0.000209
Kb 0.002300 0.014752 1105.000000 0.000000 0.001104 0.001042 0.000204
Kb 0.002300 0.014752 1110.000000 0.000000 0.001104 0.001035 0.000200
Kb 0.002300 0.014752 1115.000000 0.000000 0.001104 0.001028 0.000195
Kb 0.002300 0.014752 1120.000000 0.000000 0.001104 0.001022 0.000191
Kb 0.002300 0.014752 1125.000000 0.000000 0.001104 0.001016 0.000188
Kb 0.002300 0.014752 1130.000000 0.000000 0.001104 0.001011 0.000184
Kb 0.002300 0.014752 1135.000000 0.000000 0.001104 0.001005 0.000181
Kb 0.002300 0.014752 1140.000000 0.000000 0.001104 0.001000 0.000178
Kb 0.002300 0.014752 1145.000000 0.000000 0.001104 0.000996 0.000175
Kb 0.002300 0.014752 1150.000000 0.000000 0.001104 0.000991 0.000172
Kb 0.002300 0.014752 1155.000000 0.000000 0.001104 0.000987 0.000169
Kb 0.002300 0.014752 1160.000000 0.000000 0.001104 0.000983 0.000167
Kb 0.002300 0.014752 1165.000000 0.000000 0.001104 0.000980 0.000164
Kb 0.002300 0.014752 1170.000000 0.000000 0.001104 0.000976 0.000162
Kb 0.002300 0.014752 1175.000000 0.000000 0.001104 0.000973 0.000160
Kb 0.002300 0.014752 1180.000000 0.000000 0.001104 0.000970 0.000158
Kb 0.002300 0.014752 1185.000000 0.000000 0.001104 0.000967 0.000156
Kb 0.002300 0.014752 1190.000000 0.000000 0.001104 0.000964 0.000154
Kb 0.002300 0.014752 1195.000000 0.000000 0.001104 0.000962 0.000152
Kb 0.002300 0.014752 1200.000000 0.000000 0.001104 0.000959 0.000151
Kb 0.002300 0.014752 1205.000000 0.000000 0.001104 0.000957 0.000149
Kb 0.002300 0.014752 1210.000000 0.000000 0.001104 0.000955 0.000148
Kb 0.002300 0.014752 1215.000000 0.000000 0.001104 0.000953 0.000147
Kb 0.002300 0.014752 1220.000000 0.000000 0.001104 0.000951 0.000145
Kb 0.002300 0.014752 1225.000000 0.000000 0.001104 0.000949 0.000144
Kb 0.002300 0.014752 1230.000000 0.000000 0.001104 0.000947 0.000143
Kb 0.002300 0.014752 1235.000000 0.000000 0.001104 0.000946 0.000142
Kb 0.002300 0.014752 1240.000000 0.000000 0.001104 0.000944 0.000141
Kb 0.002300 0.014752 1245.000000 0.000000 0.001104 0.000943 0.000140
Kb 0.002300 0.014752 1250.000000 0.000000 0.001104 0.000942 0.000139
Kb 0.002300 0.014752 1255.000000 0.000000 0.001104 0.000940 0.000138
Kb 0.002300 0.014752 1260.000000 0.000000 0.001104 0.000939 0.000138
Kb 0.002300 0.014752 1265.000000 0.000000 0.001104 0.000938 0.000137
Kb 0.002300 0.014752 1270.000000 0.000000 0.001104 0.000937 0.000136
Kb 0.002300 0.014752 1275.000000 0.000000 0.001104 0.000936 0.000136
Kb 0.002300 0.014752 1280.000000 0.000000 0.001104 0.000935 0.000135
Kb 0.002300 0.014752 1285.000000 0.000000 0.001104 0.000934 0.000134
Kb 0.002300 0.014752 1290.000000 0.000000 0.001104 0.000933 0.000134
Kb 0.002300 0.014752 1295.000000 0.000000 0.001104 0.000933 0.000133
Kb 0.002300 0.014752 1300.000000 0.000000 0.001104 0.000932 0.000133
Kb 0.002300 0.014752 1305.000000 0.000000 0.001104 0.000931 0.000132
Kb 0.002300 0.014752 1310.000000 0.000000 0.001104 0.000930 0.000132
Kb 0.002300 0.014752 1315.000000 0.000000 0.001104 0.000930 0.000131
Kb 0.002300 0.014752 1320.000000 0.000000 0.001104 0.000929 0.000131
Kb 0.002300 0.014752 1325.000000 0.000000 0.001104 0.000929 0.000131
Kb 0.002300 0.014752 1330.000000 0.000000 0.001104 0.000928 0.000130
Kb 0.002300 0.014752 1335.000000 0.000000 0.001104 0.000928 0.000130
Kb 0.002300 0.014752 1340.000000 0.000000 0.001104 0.000927 0.000130
Kb 0.002300 0.014752 1345.000000 0.000000 0.001104 0.000927 0.000129
Kb 0.002300 0.014752 1350.000000 0.000000 0.001104 0.000926 0.000129
Kb 0.002300 0.014752 1355.000000 0.000000 0.001104 0.000926 0.000129
Kb 0.002300 0.014752 1360.000000 0.000000 0.001104 0.000926 0.000129
Kb 0.002300 0.014752 1365.000000 0.000000 0.001104 0.000925 0.000128
Kb 0.002300 0.014752 1370.000000 0.000000 0.001104 0.000925 0.000128
Kb 0.002300 0.014752 1375.000000 0.000000 0.001104 0.000925 0.000128
Kb 0.002300 0.014752 1380.000000 0.000000 0.001104 0.000925 0.000128
Kb 0.002300 0.014752 1385.000000 0.000000 0.001104 0.000924 0.000128
Kb 0.002300 0.014752 1390.000000 0.000000 0.001104 0.000924 0.000128
Kb 0.002300 0.014752 1395.000000 0.000000 0.001104 0.000924 0.000127
Kb 0.002300 0.014752 1400.000000 0.000000 0.001104 0.000924 0.000127
Kb 0.002300 0.014752 1405.000000 0.000000 0.001104 0.000923 0.000127
Kb 0.002300 0.014752 1410.000000 0.000000 0.001104 0.000923 0.000127
Kb 0.002300 0.014752 1415.000000 0.000000 0.001104 0.000923 0.000127
Kb 0.002300 0.014752 1420.000000 0.000000 0.001104 0.000923 0.000127
Kb 0.002300 0.014752 1425.000000 0.000000 0.001104 0.000923 0.000127
Kb 0.002300 0.014752 1430.000000 0.000000 0.001104 0.000923 0.000126
Kb 0.002300 0.014752 1435.000000 0.000000 0.001104 0.000922 0.000126
Kb 0.002300 0.014752 1440.000000 0.000000 0.001104 0.000922 0.000126
Kb 0.002300 0.014752 1445.000000 0.000000 0.001104 0.000922 0.000126
Kb 0.002300 0.014752 1450.000000 0.000000 0.001104 0.000922 0.000126
Kb 0.002300 0.014752 1455.000000 0.000000 0.001104 0.000922 0.000126
Kb 0.002300 0.014752 1460.000000 0.000000 0.001104 0.000922 0.000126
Kb 0.002300 0.014752 1465.000000 0.000000 0.001104 0.000922 0.000126
Kb 0.002300 0.014752 1470.000000 0.000000 0.001104 0.000922 0.000126
Kb 0.002300 0.014752 1475.000000 0.000000 0.001104 0.000922 0.000126
Kb 0.002300 0.014752 1480.000000 0.000000 0.001104 0.000921 0.000126
Kb 0.002300 0.014752 1485.000000 0.000000 0.001104 0.000921 0.000126
Kb 0.002300 0.014752 1490.000000 0.000000 0.001104 0.000921 0.000126
Kb 0.002300 0.014752 1495.000000 0.000000 0.001104 0.000921 0.000126
Kb 0.002300 0.014752 1500.000000 0.000000 0.001104 0.000921 0.000126
Kb 0.002300 0.014752 1505.000000 0.000000 0.001104 0.000921 0.000125
Kb 0.002300 0.014752 1510.000000 0.000000 0.001104 0.000921 0.000125
Kb 0.002300 0.014752 1515.000000 0.000000 0.001104 0.000921 0.000125
Kb 0.002300 0.014752 1520.000000 0.000000 0.001104 0.000921 0.000125
Kb 0.002300 0.014752 1525.000000 0.000000 0.001104 0.000921 0.000125
Kb 0.002300 0.014752 1530.000000 0.000000 0.001104 0.000921 0.000125
Kb 0.002300 0.014752 1535.000000 0.000000 0.001104 0.000921 0.000125
Kb 0.002300 0.014752 1540.000000 0.000000 0.001104 0.000921 0.000125
Kb 0.002300 0.014752 1545.000000 0.000000 0.001104 0.000921 0.000125
Kb 0.002300 0.014752 1550.000000 0.000000 0.001104 0.000921 0.000125
Kb 0.002300 0.014752 1555.000000 0.000000 0.001104 0.000921 0.000125
Kb 0.002300 0.014752 1560.000000 0.000000 0.001104 0.000921 0.000125
Kb 0.002300 0.014752 1565.000000 0.000000 0.001104 0.000921 0.000125
Kb 0.002300 0.014752 1570.000000 0.000000 0.001104 0.000920 0.000125
Kb 0.002300 0.014752 1575.000000 0.000000 0.001104 0.000920 0.000125
Kb 0.002300 0.014752 1580.000000 0.000000 0.001104 0.000920 0.000125
Kb 0.002300 0.014752 1585.000000 0.000000 0.001104 0.000920 0.000125
Kb 0.002300 0.014752 1590.000000 0.000000 0.001104 0.000920 0.000125
Kb 0.002300 0.014752 1595.000000 0.000000 0.001104 0.000920 0.000125
Kb 0.002300 0.014752 1600.000000 0.000000 0.001104 0.000920 0.000125
Kb 0.002300 0.014752 1605.000000 0.000000 0.001104 0.000920 0.000125
Kb 0.002300 0.014752 1610.000000 0.000000 0.001104 0.000920 0.000125
Kb 0.002300 0.014752 1615.000000 0.000000 0.001104 0.000920 0.000125
Kb 0.002300 0.014752 1620.000000 0.000000 0.001104 0.000920 0.000125
Kb 0.002300 0.014752 1625.000000 0.000000 0.001104 0.000920 0.000125
Kb 0.002300 0.014752 1630.000000 0.000000 0.001104 0.000920 0.000125
Kb 0.002300 0.014752 1635.000000 0.000000 0.001104 0.000920 0.000125
Kb 0.002300 0.014752 1640.000000 0.000000 0.001104 0.000920 0.000125
Kb 0.002300 0.014752 1645.000000 0.000000 0.001104 0.000920 0.000125
Kb 0.002300 0.014752 1650.000000 0.000000 0.001104 0.000920 0.000125
Kb 0.002300 0.014752 1655.000000 0.000000 0.001104 0.000920 0.000125
Kb 0.002300 0.014752 1660.000000 0.000000 0.001104 0.000920 0.000125
Kb 0.002300 0.014752 1665.000000 0.000000 0.001104 0.000920 0.000125
Kb 0.002300 0.014752 1670.000000 0.000000 0.001104 0.000920 0.000125
Kb 0.002300 0.014752 1675.000000 0.000000 0.001104 0.000920 0.000125
Kb 0.002300 0.014752 1680.000000 0.000000 0.001104 0.000920 0.000125
Kb 0.002300 0.014752 1685.000000 0.000000 0.001104 0.000920 0.000125
Kb 0.002300 0.014752 1690.000000 0.000000 0.001104 0.000920 0.000125
Kb 0.002300 0.014752 1695.000000 0.000000 0.001104 0.000920 0.000125
Kb 0.002300 0.014752 1700.000000 0.000000 0.001104 0.000920 0.000125
Kb 0.002300 0.014752 1705.000000 0.000000 0.001104 0.000920 0.000125
Kb 0.002300 0.014752 1710.000000 0.000000 0.001104 0.000920 0.000125
Kb 0.002300 0.014752 1715.000000 0.000000 0.001104 0.000920 0.000125
Kb 0.002300 0.014752 1720.000000 0.000000 0.001104 0.000920 0.000125
Kb 0.002300 0.014752 1725.000000 0.000000 0.001104 0.000920 0.000125
Kb 0.002300 0.014752 1730.000000 0.000000 0.001104 0.000920 0.000125
Kb 0.002300 0.014752 1735.000000 0.000000 0.001104 0.000920 0.000125
Kb 0.002300 0.014752 1740.000000 0.000000 0.001104 0.000920 0.000125
Kb 0.002300 0.014752 1745.000000 0.000000 0.001104 0.000920 0.000125
Kb 0.002300 0.014752 1750.000000 0.000000 0.001104 0.000920 0.000125
Kb 0.002300 0.014752 1755.000000 0.000000 0.001104 0.000920 0.000125
Kb 0.002300 0.014752 1760.000000 0.000000 0.001104 0.000920 0.000125
Kb 0.002300 0.014752 1765.000000 0.000000 0.001104 0.000920 0.000125
Kb 0.002300 0.014752 1770.000000 0.000000 0.001104 0.000920 0.000125
Kb 0.002300 0.014752 1775.000000 0.000000 0.001104 0.000920 0.000125
Kb 0.002300 0.014752 1780.000000 0.000000 0.001104 0.000920 0.000125
Kb 0.002300 0.014752 1785.000000 0.000000 0.001104 0.000920 0.000125
Kb 0.002300 0.014752 1790.000000 0.000000 0.001104 0.000920 0.000125
Kb 0.002300 0.014752 1795.000000 0.000000 0.001104 0.000920 0.000125
Kb 0.002300 0.014752 1800.000000 0.000000 0.001104 0.000920 0.000125
Kb 0.002300 0.014752 1805.000000 0.000000 0.001104 0.000920 0.000125
Kb 0.002300 0.014752 1810.000000 0.000000 0.001104 0.000920 0.000125
Kb 0.002300 0.014752 1815.000000 0.000000 0.001104 0.000920 0.000125
Kb 0.002300 0.014752 1820.000000 0.000000 0.001104 0.000920 0.000125
Kb 0.002300 0.014752 1825.000000 0.000000 0.001104 0.000920 0.000125
Kb 0.002300 0.014752 1830.000000 0.000000 0.001104 0.000920 0.000125
Kb 0.002300 0.014752 1835.000000 0.000000 0.001104 0.000920 0.000125
Kb 0.002300 0.014752 1840.000000 0.000000 0.001104 0.000920 0.000125
Kb 0.002300 0.014752 1845.000000 0.000000 0.001104 0.000920 0.000125
Kb 0.002300 0.014752 1850.000000 0.000000 0.001104 0.000920 0.000125
Kb 0.002300 0.014752 1855.000000 0.000000 0.001104 0.000920 0.000125
Kb 0.002300 0.014752 1860.000000 0.000000 0.001104 0.000920 0.000125
Kb 0.002300 0.014752 1865.000000 0.000000 0.001104 0.000920 0.000125
Kb 0.002300 0.014752 1870.000000 0.000000 0.001104 0.000920 0.000125
Kb 0.002300 0.014752 1875.000000 0.000000 0.001104 0.000920 0.000125
Kb 0.002300 0.014752 1880.000000 0.000000 0.001104 0.000920 0.000125
Kb 0.002300 0.014752 1885.000000 0.000000 0.001104 0.000920 0.000125
Kb 0.002300 0.014752 1890.000000 0.000000 0.001104 0.000920 0.000125
Kb 0.002300 0.014752 1895.000000 0.000000 0.001104 0.000920 0.000125
Kb 0.002300 0.014752 1900.000000 0.000000 0.001104 0.000920 0.000125
Kb 0.002300 0.014752 1905.000000 0.000000 0.001104 0.000920 0.000125
Kb 0.002300 0.014752 1910.000000 0.000000 0.001104 0.000920 0.000125
Kb 0.002300 0.014752 1915.000000 0.000000 0.001104 0.000920 0.000125
Kb 0.002300 0.014752 1920.000000 0.000000 0.001104 0.000920 0.000125
Kb 0.002300 0.014752 1925.000000 0.000000 0.001104 0.000920 0.000125
Kb 0.002300 0.014752 1930.000000 0.000000 0.001104 0.000920 0.000125
Kb 0.002300 0.014752 1935.000000 0.000000 0.001104 0.000920 0.000125
Kb 0.002300 0.014752 1940.000000 0.000000 0.001104 0.000920 0.000125
Kb 0.002300 0.014752 1945.000000 0.000000 0.001104 0.000920 0.000125
Kb 0.002300 0.014752 1950.000000 0.000000 0.001104 0.000920 0.000125
Kb 0.002300 0.014752 1955.000000 0.000000 0.001104 0.000920 0.000125
Kb 0.002300 0.014752 1960.000000 0.000000 0.001104 0.000920 0.000125
Kb 0.002300 0.014752 1965.000000 0.000000 0.001104 0.000920 0.000125
Kb 0.002300 0.014752 1970.000000 0.000000 0.001104 0.000920 0.000125
Kb 0.002300 0.014752 1975.000000 0.000000 0.001104 0.000920 0.000125
Kb 0.002300 0.014752 1980.000000 0.000000 0.001104 0.000920 0.000125
Kb 0.002300 0.014752 1985.000000 0.000000 0.001104 0.000920 0.000125
Kb 0.002300 0.014752 1990.000000 0.000000 0.001104 0.000920 0.000125
Kb 0.002300 0.014752 1995.000000 0.000000 0.001104 0.000920 0.000125
Kb 0.002300 0.014752 2000.000000 0.000000 0.001104 0.000920 0.000125
Kb 0.002300 0.014752 2005.000000 0.000000 0.001104 0.000920 0.000125
Kb 0.002300 0.014752 2010.000000 0.000000 0.001104 0.000920 0.000125
Kb 0.002300 0.014752 2015.000000 0.000000 0.001104 0.000920 0.000125
Kb 0.002300 0.014752 2020.000000 0.000000 0.001104 0.000920 0.000125
Kb 0.002300 0.014752 2025.000000 0.000000 0.001104 0.000920 0.000125
Kb 0.002300 0.014752 2030.000000 0.000000 0.001104 0.000920 0.000125
Kb 0.002300 0.014752 2035.000000 0.000000 0.001104 0.000920 0.000125
Kb 0.002300 0.014752 2040.000000 0.000000 0.001104 0.000920 0.000125
Kb 0.002300 0.014752 2045.000000 0.000000 0.001104 0.000920 0.000125
Kb 0.002300 0.014752 2050.000000 0.000000 0.001104 0.000920 0.000125
Kb 0.002300 0.014752 2055.000000 0.000000 0.001104 0.000920 0.000125
Kb 0.002300 0.014752 2060.000000 0.000000 0.001104 0.000920 0.000125
Kb 0.002300 0.014752 2065.000000 0.000000 0.001104 0.000920 0.000125
Kb 0.002300 0.014752 2070.000000 0.000000 0.001104 0.000920 0.000125
Kb 0.002300 0.014752 2075.000000 0.000000 0.001104 0.000920 0.000125
Kb 0.002300 0.014752 2080.000000 0.000000 0.001104 0.000920 0.000125
Kb 0.002300 0.014752 2085.000000 0.000000 0.001104 0.000920 0.000125
Kb 0.002300 0.014752 2090.000000 0.000000 0.001104 0.000920 0.000125
Kb 0.002300 0.014752 2095.000000 0.000000 0.001104 0.000920 0.000125
Kb 0.002300 0.014752 2100.000000 0.000000 0.001104 0.000920 0.000125
Kb 0.002300 0.014752 2105.000000 0.000000 0.001104 0.000920 0.000125
Kb 0.002300 0.014752 2110.000000 0.000000 0.001104 0.000920 0.000125
Kb 0.002300 0.014752 2115.000000 0.000000 0.001104 0.000920 0.000125
Kb 0.002300 0.014752 2120.000000 0.000000 0.001104 0.000920 0.000125
Kb 0.002300 0.014752 2125.000000 0.000000 0.001104 0.000920 0.000125
Kb 0.002300 0.014752 2130.000000 0.000000 0.001104 0.000920 0.000125
Kb 0.002300 0.014752 2135.000000 0.000000 0.001104 0.000920 0.000125
Kb 0.002300 0.014752 2140.000000 0.000000 0.001104 0.000920 0.000125
Kb 0.002300 0.014752 2145.000000 0.000000 0.001104 0.000920 0.000125
Kb 0.002300 0.014752 2150.000000 0.000000 0.001104 0.000920 0.000125
Kb 0.002300 0.014752 2155.000000 0.000000 0.001104 0.000920 0.000125
Kb 0.002300 0.014752 2160.000000 0.000000 0.001104 0.000920 0.000125
Kb 0.002300 0.014752 2165.000000 0.000000 0.001104 0.000920 0.000125
Kb 0.002300 0.014752 2170.000000 0.000000 0.001104 0.000920 0.000125
Kb 0.002300 0.014752 2175.000000 0.000000 0.001104 0.000920 0.000125
Kb 0.002300 0.014752 2180.000000 0.000000 0.001104 0.000920 0.000125
Kb 0.002300 0.014752 2185.000000 0.000000 0.001104 0.000920 0.000125
Kb 0.002300 0.014752 2190.000000 0.000000 0.001104 0.000920 0.000125
Kb 0.002300 0.014752 2195.000000 0.000000 0.001104 0.000920 0.000125
Kb 0.002300 0.014752 2200.000000 0.000000 0.001104 0.000920 0.000125
Kb 0.002300 0.014752 2205.000000 0.000000 0.001104 0.000920 0.000125
Kb 0.002300 0.014752 2210.000000 0.000000 0.001104 0.000920 0.000125
Kb 0.002300 0.014752 2215.000000 0.000000 0.001104 0.000920 0.000125
Kb 0.002300 0.014752 2220.000000 0.000000 0.001104 0.000920 0.000125
Kb 0.002300 0.014752 2225.000000 0.000000 0.001104 0.000920 0.000125
Kb 0.002300 0.014752 2230.000000 0.000000 0.001104 0.000920 0.000125
Kb 0.002300 0.014752 2235.000000 0.000000 0.001104 0.000920 0.000125
Kb 0.002300 0.014752 2240.000000 0.000000 0.001104 0.000920 0.000125
Kb 0.002300 0.014752 2245.000000 0.000000 0.001104 0.000920 0.000125
Kb 0.002300 0.014752 2250.000000 0.000000 0.001104 0.000920 0.000125
Kb 0.002300 0.014752 2255.000000 0.000000 0.001104 0.000920 0.000125
Kb 0.002300 0.014752 2260.000000 0.000000 0.001104 0.000920 0.000125
Kb 0.002300 0.014752 2265.000000 0.000000 0.001104 0.000920 0.000125
Kb 0.002300 0.014752 2270.000000 0.000000 0.001104 0.000920 0.000125
Kb 0.002300 0.014752 2275.000000 0.000000 0.001104 0.000920 0.000125
Kb 0.002300 0.014752 2280.000000 0.000000 0.001104 0.000920 0.000125
Kb 0.002300 0.014752 2285.000000 0.000000 0.001104 0.000920 0.000125
Kb 0.002300 0.014752 2290.000000 0.000000 0.001104 0.000920 0.000125
Kb 0.002300 0.014752 2295.000000 0.000000 0.001104 0.000920 0.000125
Kb 0.002300 0.014752 2300.000000 0.000000 0.001104 0.000920 0.000125
Kb 0.002300 0.014752 2305.000000 0.000000 0.001104 0.000920 0.000125
Kb 0.002300 0.014752 2310.000000 0.000000 0.001104 0.000920 0.000125
Kb 0.002300 0.014752 2315.000000 0.000000 0.001104 0.000920 0.000125
Kb 0.002300 0.014752 2320.000000 0.000000 0.001104 0.000920 0.000125
Kb 0.002300 0.014752 2325.000000 0.000000 0.001104 0.000920 0.000125
Kb 0.002300 0.014752 2330.000000 0.000000 0.001104 0.000920 0.000125
Kb 0.002300 0.014752 2335.000000 0.000000 0.001104 0.000920 0.000125
Kb 0.002300 0.014752 2340.000000 0.000000 0.001104 0.000920 0.000125
Kb 0.002300 0.014752 2345.000000 0.000000 0.001104 0.000920 0.000125
Kb 0.002300 0.014752 2350.000000 0.000000 0.001104 0.000920 0.000125
Kb 0.002300 0.014752 2355.000000 0.000000 0.001104 0.000920 0.000125
Kb 0.002300 0.014752 2360.000000 0.000000 0.001104 0.000920 0.000125
Kb 0.002300 0.014752 2365.000000 0.000000 0.001104 0.000920 0.000125
Kb 0.002300 0.014752 2370.000000 0.000000 0.001104 0.000920 0.000125
Kb 0.002300 0.014752 2375.000000 0.000000 0.001104 0.000920 0.000125
Kb 0.002300 0.014752 2380.000000 0.000000 0.001104 0.000920 0.000125
Kb 0.002300 0.014752 2385.000000 0.000000 0.001104 0.000920 0.000125
Kb 0.002300 0.014752 2390.000000 0.000000 0.001104 0.000920 0.000125
Kb 0.002300 0.014752 2395.000000 0.000000 0.001104 0.000920 0.000125
Kb 0.002300 0.014752 2400.000000 0.000000 0.001104 0.000920 0.000125
Kb 0.002300 0.014752 2405.000000 0.000000 0.001104 0.000920 0.000125
Kb 0.002300 0.014752 2410.000000 0.000000 0.001104 0.000920 0.000125
Kb 0.002300 0.014752 2415.000000 0.000000 0.001104 0.000920 0.000125
Kb 0.002300 0.014752 2420.000000 0.000000 0.001104 0.000920 0.000125
Kb 0.002300 0.014752 2425.000000 0.000000 0.001104 0.000920 0.000125
Kb 0.002300 0.014752 2430.000000 0.000000 0.001104 0.000920 0.000125
Kb 0.002300 0.014752 2435.000000 0.000000 0.001104 0.000920 0.000125
Kb 0.002300 0.014752 2440.000000 0.000000 0.001104 0.000920 0.000125
Kb 0.002300 0.014752 2445.000000 0.000000 0.001104 0.000920 0.000125
Kb 0.002300 0.014752 2450.000000 0.000000 0.001104 0.000920 0.000125
Kb 0.002300 0.014752 2455.000000 0.000000 0.001104 0.000920 0.000125
Kb 0.002300 0.014752 2460.000000 0.000000 0.001104 0.000920 0.000125
Kb 0.002300 0.014752 2465.000000 0.000000 0.001104 0.000920 0.000125
Kb 0.002300 0.014752 2470.000000 0.000000 0.001104 0.000920 0.000125
Kb 0.002300 0.014752 2475.000000 0.000000 0.001104 0.000920 0.000125
Kb 0.002300 0.014752 2480.000000 0.000000 0.001104 0.000920 0.000125
Kb 0.002300 0.014752 2485.000000 0.000000 0.001104 0.000920 0.000125
Kb 0.002300 0.014752 2490.000000 0.000000 0.001104 0.000920 0.000125
Kb 0.002300 0.014752 2495.000000 0.000000 0.001104 0.000920 0.000125
Kb 0.002300 0.014752 2500.000000 0.000000 0.001104 0.000920 0.000125
Kb 0.002300 0.014752 2505.000000 0.000000 0.001104 0.000920 0.000125
Kb 0.002300 0.014752 2510.000000 0.000000 0.001104 0.000920 0.000125
Kb 0.002300 0.014752 2515.000000 0.000000 0.001104 0.000920 0.000125
Kb 0.002300 0.014752 2520.000000 0.000000 0.001104 0.000920 0.000125
Kb 0.002300 0.014752 2525.000000 0.000000 0.001104 0.000920 0.000125
Kb 0.002300 0.014752 2530.000000 0.000000 0.001104 0.000920 0.000125
Kb 0.002300 0.014752 2535.000000 0.000000 0.001104 0.000920 0.000125
Kb 0.002300 0.014752 2540.000000 0.000000 0.001104 0.000920 0.000125
Kb 0.002300 0.014752 2545.000000 0.000000 0.001104 0.000920 0.000125
Kb 0.002300 0.014752 2550.000000 0.000000 0.001104 0.000920 0.000125
Kb 0.002300 0.014752 2555.000000 0.000000 0.001104 0.000920 0.000125
Kb 0.002300 0.014752 2560.000000 0.000000 0.001104 0.000920 0.000125
Kb 0.002300 0.014752 2565.000000 0.000000 0.001104 0.000920 0.000125
Kb 0.002300 0.014752 2570.000000 0.000000 0.001104 0.000920 0.000125
Kb 0.002300 0.014752 2575.000000 0.000000 0.001104 0.000920 0.000125
Kb 0.002300 0.014752 2580.000000 0.000000 0.001104 0.000920 0.000125
Kb 0.002300 0.014752 2585.000000 0.000000 0.001104 0.000920 0.000125
Kb 0.002300 0.014752 2590.000000 0.000000 0.001104 0.000920 0.000125
Kb 0.002300 0.014752 2595.000000 0.000000 0.001104 0.000920 0.000125
Kb 0.002300 0.014752 2600.000000 0.000000 0.001104 0.000920 0.000125
Kb 0.002300 0.014752 2605.000000 0.000000 0.001104 0.000920 0.000125
Kb 0.002300 0.014752 2610.000000 0.000000 0.001104 0.000920 0.000125
Kb 0.002300 0.014752 2615.000000 0.000000 0.001104 0.000920 0.000125
Kb 0.002300 0.014752 2620.000000 0.000000 0.001104 0.000920 0.000125
Kb 0.002300 0.014752 2625.000000 0.000000 0.001104 0.000920 0.000125
Kb 0.002300 0.014752 2630.000000 0.000000 0.001104 0.000920 0.000125
Kb 0.002300 0.014752 2635.000000 0.000000 0.001104 0.000920 0.000125
Kb 0.002300 0.014752 2640.000000 0.000000 0.001104 0.000920 0.000125
Kb 0.002300 0.014752 2645.000000 0.000000 0.001104 0.000920 0.000125
Kb 0.002300 0.014752 2650.000000 0.000000 0.001104 0.000920 0.000125
Kb 0.002300 0.014752 2655.000000 0.000000 0.001104 0.000920 0.000125
Kb 0.002300 0.014752 2660.000000 0.000000 0.001104 0.000920 0.000125
Kb 0.002300 0.014752 2665.000000 0.000000 0.001104 0.000920 0.000125
Kb 0.002300 0.014752 2670.000000 0.000000 0.001104 0.000920 0.000125
Kb 0.002300 0.014752 2675.000000 0.000000 0.001104 0.000920 0.000125
Kb 0.002300 0.014752 2680.000000 0.000000 0.001104 0.000920 0.000125
Kb 0.002300 0.014752 2685.000000 0.000000 0.001104 0.000920 0.000125
Kb 0.002300 0.014752 2690.000000 0.000000 0.001104 0.000920 0.000125
Kb 0.002300 0.014752 2695.000000 0.000000 0.001104 0.000920 0.000125
Kb 0.002300 0.014752 2700.000000 0.000000 0.001104 0.000920 0.000125
Kb 0.002300 0.014752 2705.000000 0.000000 0.001104 0.000920 0.000125
Kb 0.002300 0.014752 2710.000000 0.000000 0.001104 0.000920 0.000125
Kb 0.002300 0.014752 2715.000000 0.000000 0.001104 0.000920 0.000125
Kb 0.002300 0.014752 2720.000000 0.000000 0.001104 0.000920 0.000125
Kb 0.002300 0.014752 2725.000000 0.000000 0.001104 0.000920 0.000125
Kb 0.002300 0.014752 2730.000000 0.000000 0.001104 0.000920 0.000125
Kb 0.002300 0.014752 2735.000000 0.000000 0.001104 0.000920 0.000125
Kb 0.002300 0.014752 2740.000000 0.000000 0.001104 0.000920 0.000125
Kb 0.002300 0.014752 2745.000000 0.000000 0.001104 0.000920 0.000125
Kb 0.002300 0.014752 2750.000000 0.000000 0.001104 0.000920 0.000125
Kb 0.002300 0.014752 2755.000000 0.000000 0.001104 0.000920 0.000125
Kb 0.002300 0.014752 2760.000000 0.000000 0.001104 0.000920 0.000125
Kb 0.002300 0.014752 2765.000000 0.000000 0.001104 0.000920 0.000125
Kb 0.002300 0.014752 2770.000000 0.000000 0.001104 0.000920 0.000125
Kb 0.002300 0.014752 2775.000000 0.000000 0.001104 0.000920 0.000125
Kb 0.002300 0.014752 2780.000000 0.000000 0.001104 0.000920 0.000125
Kb 0.002300 0.014752 2785.000000 0.000000 0.001104 0.000920 0.000125
Kb 0.002300 0.014752 2790.000000 0.000000 0.001104 0.000920 0.000125
Kb 0.002300 0.014752 2795.000000 0.000000 0.001104 0.000920 0.000125
Kb 0.002300 0.014752 2800.000000 0.000000 0.001104 0.000920 0.000125
Kb 0.002300 0.014752 2805.000000 0.000000 0.001104 0.000920 0.000125
Kb 0.002300 0.014752 2810.000000 0.000000 0.001104 0.000920 0.000125
Kb 0.002300 0.014752 2815.000000 0.000000 0.001104 0.000920 0.000125
Kb 0.002300 0.014752 2820.000000 0.000000 0.001104 0.000920 0.000125
Kb 0.002300 0.014752 2825.000000 0.000000 0.001104 0.000920 0.000125
Kb 0.002300 0.014752 2830.000000 0.000000 0.001104 0.000920 0.000125
Kb 0.002300 0.014752 2835.000000 0.000000 0.001104 0.000920 0.000125
Kb 0.002300 0.014752 2840.000000 0.000000 0.001104 0.000920 0.000125
Kb 0.002300 0.014752 2845.000000 0.000000 0.001104 0.000920 0.000125
Kb 0.002300 0.014752 2850.000000 0.000000 0.001104 0.000920 0.000125
Kb 0.002300 0.014752 2855.000000 0.000000 0.001104 0.000920 0.000125
Kb 0.002300 0.014752 2860.000000 0.000000 0.001104 0.000920 0.000125
Kb 0.002300 0.014752 2865.000000 0.000000 0.001104 0.000920 0.000125
Kb 0.002300 0.014752 2870.000000 0.000000 0.001104 0.000920 0.000125
Kb 0.002300 0.014752 2875.000000 0.000000 0.001104 0.000920 0.000125
Kb 0.002300 0.014752 2880.000000 0.000000 0.001104 0.000920 0.000125
Kb 0.002300 0.014752 2885.000000 0.000000 0.001104 0.000920 0.000125
Kb 0.002300 0.014752 2890.000000 0.000000 0.001104 0.000920 0.000125
Kb 0.002300 0.014752 2895.000000 0.000000 0.001104 0.000920 0.000125
Kb 0.002300 0.014752 2900.000000 0.000000 0.001104 0.000920 0.000125
Kb 0.002300 0.014752 2905.000000 0.000000 0.001104 0.000920 0.000125
Kb 0.002300 0.014752 2910.000000 0.000000 0.001104 0.000920 0.000125
Kb 0.002300 0.014752 2915.000000 0.000000 0.001104 0.000920 0.000125
Kb 0.002300 0.014752 2920.000000 0.000000 0.001104 0.000920 0.000125
Kb 0.002300 0.014752 2925.000000 0.000000 0.001104 0.000920 0.000125
Kb 0.002300 0.014752 2930.000000 0.000000 0.001104 0.000920 0.000125
Kb 0.002300 0.014752 2935.000000 0.000000 0.001104 0.000920 0.000125
Kb 0.002300 0.014752 2940.000000 0.000000 0.001104 0.000920 0.000125
Kb 0.002300 0.014752 2945.000000 0.000000 0.001104 0.000920 0.000125
Kb 0.002300 0.014752 2950.000000 0.000000 0.001104 0.000920 0.000125
Kb 0.002300 0.014752 2955.000000 0.000000 0.001104 0.000920 0.000125
Kb 0.002300 0.014752 2960.000000 0.000000 0.001104 0.000920 0.000125
Kb 0.002300 0.014752 2965.000000 0.000000 0.001104 0.000920 0.000125
Kb 0.002300 0.014752 2970.000000 0.000000 0.001104 0.000920 0.000125
Kb 0.002300 0.014752 2975.000000 0.000000 0.001104 0.000920 0.000125
Kb 0.002300 0.014752 2980.000000 0.000000 0.001104 0.000920 0.000125
Kb 0.002300 0.014752 2985.000000 0.000000 0.001104 0.000920 0.000125
Kb 0.002300 0.014752 2990.000000 0.000000 0.001104 0.000920 0.000125
Kb 0.002300 0.014752 2995.000000 0.000000 0.001104 0.000920 0.000125
Kb 0.002300 0.014752 3000.000000 0.000000 0.001104 0.000920 0.000125
Kb 0.002300 0.014752 3005.000000 0.000000 0.001104 0.000920 0.000125
Kb 0.002300 0.014752 3010.000000 0.000000 0.001104 0.000920 0.000125
Kb 0.002300 0.014752 3015.000000 0.000000 0.001104 0.000920 0.000125
Kb 0.002300 0.014752 3020.000000 0.000000 0.001104 0.000920 0.000125
Kb 0.002300 0.014752 3025.000000 0.000000 0.001104 0.000920 0.000125
Kb 0.002300 0.014752 3030.000000 0.000000 0.001104 0.000920 0.000125
Kb 0.002300 0.014752 3035.000000 0.000000 0.001104 0.000920 0.000125
Kb 0.002300 0.014752 3040.000000 0.000000 0.001104 0.000920 0.000125
Kb 0.002300 0.014752 3045.000000 0.000000 0.001104 0.000920 0.000125
Kb 0.002300 0.014752 3050.000000 0.000000 0.001104 0.000920 0.000125
Kb 0.002300 0.014752 3055.000000 0.000000 0.001104 0.000920 0.000125
Kb 0.002300 0.014752 3060.000000 0.000000 0.001104 0.000920 0.000125
Kb 0.002300 0.014752 3065.000000 0.000000 0.001104 0.000920 0.000125
Kb 0.002300 0.014752 3070.000000 0.000000 0.001104 0.000920 0.000125
Kb 0.002300 0.014752 3075.000000 0.000000 0.001104 0.000920 0.000125
Kb 0.002300 0.014752 3080.000000 0.000000 0.001104 0.000920 0.000125
Kb 0.002300 0.014752 3085.000000 0.000000 0.001104 0.000920 0.000125
Kb 0.002300 0.014752 3090.000000 0.000000 0.001104 0.000920 0.000125
Kb 0.002300 0.014752 3095.000000 0.000000 0.001104 0.000920 0.000125
Kb 0.002300 0.014752 3100.000000 0.000000 0.001104 0.000920 0.000125
Kb 0.002300 0.014752 3105.000000 0.000000 0.001104 0.000920 0.000125
Kb 0.002300 0.014752 3110.000000 0.000000 0.001104 0.000920 0.000125
Kb 0.002300 0.014752 3115.000000 0.000000 0.001104 0.000920 0.000125
Kb 0.002300 0.014752 3120.000000 0.000000 0.001104 0.000920 0.000125
Kb 0.002300 0.014752 3125.000000 0.000000 0.001104 0.000920 0.000125
Kb 0.002300 0.014752 3130.000000 0.000000 0.001104 0.000920 0.000125
Kb 0.002300 0.014752 3135.000000 0.000000 0.001104 0.000920 0.000125
Kb 0.002300 0.014752 3140.000000 0.000000 0.001104 0.000920 0.000125
Kb 0.002300 0.014752 3145.000000 0.000000 0.001104 0.000920 0.000125
Kb 0.002300 0.014752 3150.000000 0.000000 0.001104 0.000920 0.000125
Kb 0.002300 0.014752 3155.000000 0.000000 0.001104 0.000920 0.000125
Kb 0.002300 0.014752 3160.000000 0.000000 0.001104 0.000920 0.000125
Kb 0.002300 0.014752 3165.000000 0.000000 0.001104 0.000920 0.000125
Kb 0.002300 0.014752 3170.000000 0.000000 0.001104 0.000920 0.000125
Kb 0.002300 0.014752 3175.000000 0.000000 0.001104 0.000920 0.000125
Kb 0.002300 0.014752 3180.000000 0.000000 0.001104 0.000920 0.000125
Kb 0.002300 0.014752 3185.000000 0.000000 0.001104 0.000920 0.000125
Kb 0.002300 0.014752 3190.000000 0.000000 0.001104 0.000920 0.000125
Kb 0.002300 0.014752 3195.000000 0.000000 0.001104 0.000920 0.000125
Kb 0.002300 0.014752 3200.000000 0.000000 0.001104 0.000920 0.000125
Kb 0.002300 0.014752 3205.000000 0.000000 0.001104 0.000920 0.000125
Kb 0.002300 0.014752 3210.000000 0.000000 0.001104 0.000920 0.000125
Kb 0.002300 0.014752 3215.000000 0.000000 0.001104 0.000920 0.000125
Kb 0.002300 0.014752 3220.000000 0.000000 0.001104 0.000920 0.000125
Kb 0.002300 0.014752 3225.000000 0.000000 0.001104 0.000920 0.000125
Kb 0.002300 0.014752 3230.000000 0.000000 0.001104 0.000920 0.000125
Kb 0.002300 0.014752 3235.000000 0.000000 0.001104 0.000920 0.000125
Kb 0.002300 0.014752 3240.000000 0.000000 0.001104 0.000920 0.000125
Kb 0.002300 0.014752 3245.000000 0.000000 0.001104 0.000920 0.000125
Kb 0.002300 0.014752 3250.000000 0.000000 0.001104 0.000920 0.000125
Kb 0.002300 0.014752 3255.000000 0.000000 0.001104 0.000920 0.000125
Kb 0.002300 0.014752 3260.000000 0.000000 0.001104 0.000920 0.000125
Kb 0.002300 0.014752 3265.000000 0.000000 0.001104 0.000920 0.000125
Kb 0.002300 0.014752 3270.000000 0.000000 0.001104 0.000920 0.000125
Kb 0.002300 0.014752 3275.000000 0.000000 0.001104 0.000920 0.000125
Kb 0.002300 0.014752 3280.000000 0.000000 0.001104 0.000920 0.000125
Kb 0.002300 0.014752 3285.000000 0.000000 0.001104 0.000920 0.000125
Kb 0.002300 0.014752 3290.000000 0.000000 0.001104 0.000920 0.000125
Kb 0.002300 0.014752 3295.000000 0.000000 0.001104 0.000920 0.000125
Kb 0.002300 0.014752 3300.000000 0.000000 0.001104 0.000920 0.000125
Kb 0.002300 0.014752 3305.000000 0.000000 0.001104 0.000920 0.000125
Kb 0.002300 0.014752 3310.000000 0.000000 0.001104 0.000920 0.000125
Kb 0.002300 0.014752 3315.000000 0.000000 0.001104 0.000920 0.000125
Kb 0.002300 0.014752 3320.000000 0.000000 0.001104 0.000920 0.000125
Kb 0.002300 0.014752 3325.000000 0.000000 0.001104 0.000920 0.000125
Kb 0.002300 0.014752 3330.000000 0.000000 0.001104 0.000920 0.000125
Kb 0.002300 0.014752 3335.000000 0.000000 0.001104 0.000920 0.000125
Kb 0.002300 0.014752 3340.000000 0.000000 0.001104 0.000920 0.000125
Kb 0.002300 0.014752 3345.000000 0.000000 0.001104 0.000920 0.000125
Kb 0.002300 0.014752 3350.000000 0.000000 0.001104 0.000920 0.000125
Kb 0.002300 0.014752 3355.000000 0.000000 0.001104 0.000920 0.000125
Kb 0.002300 0.014752 3360.000000 0.000000 0.001104 0.000920 0.000125
Kb 0.002300 0.014752 3365.000000 0.000000 0.001104 0.000920 0.000125
Kb 0.002300 0.014752 3370.000000 0.000000 0.001104 0.000920 0.000125
Kb 0.002300 0.014752 3375.000000 0.000000 0.001104 0.000920 0.000125
Kb 0.002300 0.014752 3380.000000 0.000000 0.001104 0.000920 0.000125
Kb 0.002300 0.014752 3385.000000 0.000000 0.001104 0.000920 0.000125
Kb 0.002300 0.014752 3390.000000 0.000000 0.001104 0.000920 0.000125
Kb 0.002300 0.014752 3395.000000 0.000000 0.001104 0.000920 0.000125
Kb 0.002300 0.014752 3400.000000 0.000000 0.001104 0.000920 0.000125
Kb 0.002300 0.014752 3405.000000 0.000000 0.001104 0.000920 0.000125
Kb 0.002300 0.014752 3410.000000 0.000000 0.001104 0.000920 0.000125
Kb 0.002300 0.014752 3415.000000 0.000000 0.001104 0.000920 0.000125
Kb 0.002300 0.014752 3420.000000 0.000000 0.001104 0.000920 0.000125
Kb 0.002300 0.014752 3425.000000 0.000000 0.001104 0.000920 0.000125
Kb 0.002300 0.014752 3430.000000 0.000000 0.001104 0.000920 0.000125
Kb 0.002300 0.014752 3435.000000 0.000000 0.001104 0.000920 0.000125
Kb 0.002300 0.014752 3440.000000 0.000000 0.001104 0.000920 0.000125
Kb 0.002300 0.014752 3445.000000 0.000000 0.001104 0.000920 0.000125
Kb 0.002300 0.014752 3450.000000 0.000000 0.001104 0.000920 0.000125
Kb 0.002300 0.014752 3455.000000 0.000000 0.001104 0.000920 0.000125
Kb 0.002300 0.014752 3460.000000 0.000000 0.001104 0.000920 0.000125
Kb 0.002300 0.014752 3465.000000 0.000000 0.001104 0.000920 0.000125
Kb 0.002300 0.014752 3470.000000 0.000000 0.001104 0.000920 0.000125
Kb 0.002300 0.014752 3475.000000 0.000000 0.001104 0.000920 0.000125
Kb 0.002300 0.014752 3480.000000 0.000000 0.001104 0.000920 0.000125
Kb 0.002300 0.014752 3485.000000 0.000000 0.001104 0.000920 0.000125
Kb 0.002300 0.014752 3490.000000 0.000000 0.001104 0.000920 0.000125
Kb 0.002300 0.014752 3495.000000 0.000000 0.001104 0.000920 0.000125
Kb 0.002300 0.014752 3500.000000 0.000000 0.001104 0.000920 0.000125
Kb 0.002300 0.014752 3505.000000 0.000000 0.001104 0.000920 0.000125
Kb 0.002300 0.014752 3510.000000 0.000000 0.001104 0.000920 0.000125
Kb 0.002300 0.014752 3515.000000 0.000000 0.001104 0.000920 0.000125
Kb 0.002300 0.014752 3520.000000 0.000000 0.001104 0.000920 0.000125
Kb 0.002300 0.014752 3525.000000 0.000000 0.001104 0.000920 0.000125
Kb 0.002300 0.014752 3530.000000 0.000000 0.001104 0.000920 0.000125
Kb 0.002300 0.014752 3535.000000 0.000000 0.001104 0.000920 0.000125
Kb 0.002300 0.014752 3540.000000 0.000000 0.001104 0.000920 0.000125
Kb 0.002300 0.014752 3545.000000 0.000000 0.001104 0.000920 0.000125
Kb 0.002300 0.014752 3550.000000 0.000000 0.001104 0.000920 0.000125
Kb 0.002300 0.014752 3555.000000 0.000000 0.001104 0.000920 0.000125
Kb 0.002300 0.014752 3560.000000 0.000000 0.001104 0.000920 0.000125
Kb 0.002300 0.014752 3565.000000 0.000000 0.001104 0.000920 0.000125
Kb 0.002300 0.014752 3570.000000 0.000000 0.001104 0.000920 0.000125
Kb 0.002300 0.014752 3575.000000 0.000000 0.001104 0.000920 0.000125
Kb 0.002300 0.014752 3580.000000 0.000000 0.001104 0.000920 0.000125
Kb 0.002300 0.014752 3585.000000 0.000000 0.001104 0.000920 0.000125
Kb 0.002300 0.014752 3590.000000 0.000000 0.001104 0.000920 0.000125
Kb 0.002300 0.014752 3595.000000 0.000000 0.001104 0.000920 0.000125
Kb 0.002300 0.014752 3600.000000 0.000000 0.001104 0.000920 0.000125
