HEADER DATE 01-Aug-2017 12:50:35
HEADER RANDSEED 1748213813
Param True_Value Sim_Value Sim_Time Input mRNA foldedP fluo
Kf 0.002000 0.013525 0.000000 2.000000 1.380379 0.586776 3.450450
Kf 0.002000 0.013525 5.000000 2.000000 1.380379 0.586776 3.450450
Kf 0.002000 0.013525 10.000000 2.000000 1.380379 0.586776 3.450450
Kf 0.002000 0.013525 15.000000 2.000000 1.380379 0.586776 3.450450
Kf 0.002000 0.013525 20.000000 2.000000 1.380379 0.586776 3.450450
Kf 0.002000 0.013525 25.000000 2.000000 1.380379 0.586776 3.450450
Kf 0.002000 0.013525 30.000000 2.000000 1.380379 0.586776 3.450450
Kf 0.002000 0.013525 35.000000 2.000000 1.380379 0.586776 3.450450
Kf 0.002000 0.013525 40.000000 2.000000 1.380379 0.586776 3.450450
Kf 0.002000 0.013525 45.000000 2.000000 1.380379 0.586776 3.450450
Kf 0.002000 0.013525 50.000000 2.000000 1.380379 0.586776 3.450450
Kf 0.002000 0.013525 55.000000 2.000000 1.380379 0.586776 3.450450
Kf 0.002000 0.013525 60.000000 2.000000 1.380379 0.586776 3.450450
Kf 0.002000 0.013525 65.000000 2.000000 1.380379 0.586776 3.450450
Kf 0.002000 0.013525 70.000000 2.000000 1.380379 0.586776 3.450450
Kf 0.002000 0.013525 75.000000 2.000000 1.380379 0.586776 3.450450
Kf 0.002000 0.013525 80.000000 2.000000 1.380379 0.586776 3.450450
Kf 0.002000 0.013525 85.000000 2.000000 1.380379 0.586776 3.450450
Kf 0.002000 0.013525 90.000000 2.000000 1.380379 0.586776 3.450450
Kf 0.002000 0.013525 95.000000 2.000000 1.380379 0.586776 3.450450
Kf 0.002000 0.013525 100.000000 2.000000 1.380379 0.586776 3.450450
Kf 0.002000 0.013525 105.000000 2.000000 1.380379 0.586776 3.450450
Kf 0.002000 0.013525 110.000000 2.000000 1.380379 0.586776 3.450450
Kf 0.002000 0.013525 115.000000 2.000000 1.380379 0.586776 3.450450
Kf 0.002000 0.013525 120.000000 2.000000 1.380379 0.586776 3.450450
Kf 0.002000 0.013525 125.000000 2.000000 1.380379 0.586776 3.450450
Kf 0.002000 0.013525 130.000000 2.000000 1.380379 0.586776 3.450450
Kf 0.002000 0.013525 135.000000 2.000000 1.380379 0.586776 3.450450
Kf 0.002000 0.013525 140.000000 2.000000 1.380379 0.586776 3.450450
Kf 0.002000 0.013525 145.000000 2.000000 1.380379 0.586776 3.450450
Kf 0.002000 0.013525 150.000000 2.000000 1.380379 0.586776 3.450450
Kf 0.002000 0.013525 155.000000 2.000000 1.380379 0.586776 3.450450
Kf 0.002000 0.013525 160.000000 2.000000 1.380379 0.586776 3.450450
Kf 0.002000 0.013525 165.000000 2.000000 1.380379 0.586776 3.450450
Kf 0.002000 0.013525 170.000000 2.000000 1.380379 0.586776 3.450450
Kf 0.002000 0.013525 175.000000 2.000000 1.380379 0.586776 3.450450
Kf 0.002000 0.013525 180.000000 2.000000 1.380379 0.586776 3.450450
Kf 0.002000 0.013525 185.000000 2.000000 1.380379 0.586776 3.450450
Kf 0.002000 0.013525 190.000000 2.000000 1.380379 0.586776 3.450450
Kf 0.002000 0.013525 195.000000 2.000000 1.380379 0.586776 3.450450
Kf 0.002000 0.013525 200.000000 2.000000 1.380379 0.586776 3.450450
Kf 0.002000 0.013525 205.000000 2.000000 1.380379 0.586776 3.450450
Kf 0.002000 0.013525 210.000000 2.000000 1.380379 0.586776 3.450450
Kf 0.002000 0.013525 215.000000 2.000000 1.380379 0.586776 3.450450
Kf 0.002000 0.013525 220.000000 2.000000 1.380379 0.586776 3.450450
Kf 0.002000 0.013525 225.000000 2.000000 1.380379 0.586776 3.450450
Kf 0.002000 0.013525 230.000000 2.000000 1.380379 0.586776 3.450450
Kf 0.002000 0.013525 235.000000 2.000000 1.380379 0.586776 3.450450
Kf 0.002000 0.013525 240.000000 2.000000 1.380379 0.586776 3.450450
Kf 0.002000 0.013525 245.000000 2.000000 1.380379 0.586776 3.450450
Kf 0.002000 0.013525 250.000000 2.000000 1.380379 0.586776 3.450450
Kf 0.002000 0.013525 255.000000 2.000000 1.380379 0.586776 3.450450
Kf 0.002000 0.013525 260.000000 2.000000 1.380379 0.586776 3.450450
Kf 0.002000 0.013525 265.000000 2.000000 1.380379 0.586776 3.450450
Kf 0.002000 0.013525 270.000000 2.000000 1.380379 0.586776 3.450450
Kf 0.002000 0.013525 275.000000 2.000000 1.380379 0.586776 3.450450
Kf 0.002000 0.013525 280.000000 2.000000 1.380379 0.586776 3.450450
Kf 0.002000 0.013525 285.000000 2.000000 1.380379 0.586776 3.450450
Kf 0.002000 0.013525 290.000000 2.000000 1.380379 0.586776 3.450450
Kf 0.002000 0.013525 295.000000 2.000000 1.380379 0.586776 3.450450
Kf 0.002000 0.013525 300.000000 2.000000 1.380379 0.586776 3.450450
Kf 0.002000 0.013525 305.000000 0.000000 1.188256 0.582043 3.450341
Kf 0.002000 0.013525 310.000000 0.000000 1.022895 0.569432 3.449637
Kf 0.002000 0.013525 315.000000 0.000000 0.880568 0.550987 3.447886
Kf 0.002000 0.013525 320.000000 0.000000 0.758065 0.528364 3.444767
Kf 0.002000 0.013525 325.000000 0.000000 0.652626 0.502893 3.440059
Kf 0.002000 0.013525 330.000000 0.000000 0.561874 0.475637 3.433627
Kf 0.002000 0.013525 335.000000 0.000000 0.483763 0.447435 3.425400
Kf 0.002000 0.013525 340.000000 0.000000 0.416533 0.418947 3.415358
Kf 0.002000 0.013525 345.000000 0.000000 0.358667 0.390679 3.403521
Kf 0.002000 0.013525 350.000000 0.000000 0.308861 0.363017 3.389936
Kf 0.002000 0.013525 355.000000 0.000000 0.265993 0.336246 3.374676
Kf 0.002000 0.013525 360.000000 0.000000 0.229097 0.310571 3.357826
Kf 0.002000 0.013525 365.000000 0.000000 0.197339 0.286132 3.339484
Kf 0.002000 0.013525 370.000000 0.000000 0.170005 0.263015 3.319752
Kf 0.002000 0.013525 375.000000 0.000000 0.146479 0.241268 3.298738
Kf 0.002000 0.013525 380.000000 0.000000 0.126229 0.220905 3.276548
Kf 0.002000 0.013525 385.000000 0.000000 0.108800 0.201916 3.253289
Kf 0.002000 0.013525 390.000000 0.000000 0.093799 0.184272 3.229065
Kf 0.002000 0.013525 395.000000 0.000000 0.080888 0.167930 3.203976
Kf 0.002000 0.013525 400.000000 0.000000 0.069774 0.152837 3.178117
Kf 0.002000 0.013525 405.000000 0.000000 0.060209 0.138932 3.151580
Kf 0.002000 0.013525 410.000000 0.000000 0.051976 0.126152 3.124449
Kf 0.002000 0.013525 415.000000 0.000000 0.044890 0.114430 3.096805
Kf 0.002000 0.013525 420.000000 0.000000 0.038791 0.103699 3.068723
Kf 0.002000 0.013525 425.000000 0.000000 0.033542 0.093892 3.040272
Kf 0.002000 0.013525 430.000000 0.000000 0.029023 0.084944 3.011516
Kf 0.002000 0.013525 435.000000 0.000000 0.025134 0.076791 2.982514
Kf 0.002000 0.013525 440.000000 0.000000 0.021787 0.069373 2.953321
Kf 0.002000 0.013525 445.000000 0.000000 0.018906 0.062631 2.923986
Kf 0.002000 0.013525 450.000000 0.000000 0.016427 0.056512 2.894555
Kf 0.002000 0.013525 455.000000 0.000000 0.014292 0.050963 2.865068
Kf 0.002000 0.013525 460.000000 0.000000 0.012455 0.045936 2.835563
Kf 0.002000 0.013525 465.000000 0.000000 0.010874 0.041387 2.806073
Kf 0.002000 0.013525 470.000000 0.000000 0.009513 0.037274 2.776630
Kf 0.002000 0.013525 475.000000 0.000000 0.008342 0.033558 2.747261
Kf 0.002000 0.013525 480.000000 0.000000 0.007334 0.030202 2.717989
Kf 0.002000 0.013525 485.000000 0.000000 0.006466 0.027175 2.688839
Kf 0.002000 0.013525 490.000000 0.000000 0.005719 0.024446 2.659828
Kf 0.002000 0.013525 495.000000 0.000000 0.005076 0.021988 2.630974
Kf 0.002000 0.013525 500.000000 0.000000 0.004523 0.019773 2.602294
Kf 0.002000 0.013525 505.000000 0.000000 0.004047 0.017781 2.573800
Kf 0.002000 0.013525 510.000000 0.000000 0.003637 0.015988 2.545505
Kf 0.002000 0.013525 515.000000 0.000000 0.003284 0.014377 2.517419
Kf 0.002000 0.013525 520.000000 0.000000 0.002980 0.012929 2.489552
Kf 0.002000 0.013525 525.000000 0.000000 0.002719 0.011629 2.461911
Kf 0.002000 0.013525 530.000000 0.000000 0.002494 0.010461 2.434503
Kf 0.002000 0.013525 535.000000 0.000000 0.002301 0.009413 2.407334
Kf 0.002000 0.013525 540.000000 0.000000 0.002134 0.008473 2.380409
Kf 0.002000 0.013525 545.000000 0.000000 0.001990 0.007630 2.353731
Kf 0.002000 0.013525 550.000000 0.000000 0.001867 0.006874 2.327306
Kf 0.002000 0.013525 555.000000 0.000000 0.001761 0.006197 2.301134
Kf 0.002000 0.013525 560.000000 0.000000 0.001669 0.005590 2.275218
Kf 0.002000 0.013525 565.000000 0.000000 0.001590 0.005046 2.249560
Kf 0.002000 0.013525 570.000000 0.000000 0.001523 0.004560 2.224161
Kf 0.002000 0.013525 575.000000 0.000000 0.001464 0.004124 2.199021
Kf 0.002000 0.013525 580.000000 0.000000 0.001414 0.003734 2.174141
Kf 0.002000 0.013525 585.000000 0.000000 0.001371 0.003386 2.149521
Kf 0.002000 0.013525 590.000000 0.000000 0.001334 0.003074 2.125160
Kf 0.002000 0.013525 595.000000 0.000000 0.001302 0.002795 2.101058
Kf 0.002000 0.013525 600.000000 0.000000 0.001274 0.002545 2.077213
Kf 0.002000 0.013525 605.000000 0.000000 0.001251 0.002322 2.053626
Kf 0.002000 0.013525 610.000000 0.000000 0.001230 0.002123 2.030294
Kf 0.002000 0.013525 615.000000 0.000000 0.001213 0.001945 2.007216
Kf 0.002000 0.013525 620.000000 0.000000 0.001198 0.001786 1.984390
Kf 0.002000 0.013525 625.000000 0.000000 0.001184 0.001644 1.961816
Kf 0.002000 0.013525 630.000000 0.000000 0.001173 0.001517 1.939490
Kf 0.002000 0.013525 635.000000 0.000000 0.001164 0.001404 1.917412
Kf 0.002000 0.013525 640.000000 0.000000 0.001155 0.001303 1.895579
Kf 0.002000 0.013525 645.000000 0.000000 0.001148 0.001213 1.873989
Kf 0.002000 0.013525 650.000000 0.000000 0.001142 0.001132 1.852640
Kf 0.002000 0.013525 655.000000 0.000000 0.001137 0.001060 1.831531
Kf 0.002000 0.013525 660.000000 0.000000 0.001132 0.000996 1.810658
Kf 0.002000 0.013525 665.000000 0.000000 0.001128 0.000939 1.790020
Kf 0.002000 0.013525 670.000000 0.000000 0.001125 0.000888 1.769614
Kf 0.002000 0.013525 675.000000 0.000000 0.001122 0.000842 1.749438
Kf 0.002000 0.013525 680.000000 0.000000 0.001119 0.000802 1.729490
Kf 0.002000 0.013525 685.000000 0.000000 0.001117 0.000765 1.709767
Kf 0.002000 0.013525 690.000000 0.000000 0.001115 0.000733 1.690268
Kf 0.002000 0.013525 695.000000 0.000000 0.001114 0.000704 1.670989
Kf 0.002000 0.013525 700.000000 0.000000 0.001112 0.000679 1.651930
Kf 0.002000 0.013525 705.000000 0.000000 0.001111 0.000656 1.633086
Kf 0.002000 0.013525 710.000000 0.000000 0.001110 0.000636 1.614457
Kf 0.002000 0.013525 715.000000 0.000000 0.001109 0.000617 1.596039
Kf 0.002000 0.013525 720.000000 0.000000 0.001109 0.000601 1.577830
Kf 0.002000 0.013525 725.000000 0.000000 0.001108 0.000587 1.559829
Kf 0.002000 0.013525 730.000000 0.000000 0.001107 0.000574 1.542033
Kf 0.002000 0.013525 735.000000 0.000000 0.001107 0.000562 1.524439
Kf 0.002000 0.013525 740.000000 0.000000 0.001107 0.000552 1.507046
Kf 0.002000 0.013525 745.000000 0.000000 0.001106 0.000543 1.489851
Kf 0.002000 0.013525 750.000000 0.000000 0.001106 0.000535 1.472852
Kf 0.002000 0.013525 755.000000 0.000000 0.001106 0.000528 1.456047
Kf 0.002000 0.013525 760.000000 0.000000 0.001105 0.000521 1.439434
Kf 0.002000 0.013525 765.000000 0.000000 0.001105 0.000516 1.423010
Kf 0.002000 0.013525 770.000000 0.000000 0.001105 0.000511 1.406774
Kf 0.002000 0.013525 775.000000 0.000000 0.001105 0.000506 1.390723
Kf 0.002000 0.013525 780.000000 0.000000 0.001105 0.000502 1.374855
Kf 0.002000 0.013525 785.000000 0.000000 0.001105 0.000498 1.359168
Kf 0.002000 0.013525 790.000000 0.000000 0.001105 0.000495 1.343661
Kf 0.002000 0.013525 795.000000 0.000000 0.001104 0.000492 1.328330
Kf 0.002000 0.013525 800.000000 0.000000 0.001104 0.000490 1.313175
Kf 0.002000 0.013525 805.000000 0.000000 0.001104 0.000488 1.298193
Kf 0.002000 0.013525 810.000000 0.000000 0.001104 0.000486 1.283382
Kf 0.002000 0.013525 815.000000 0.000000 0.001104 0.000484 1.268740
Kf 0.002000 0.013525 820.000000 0.000000 0.001104 0.000482 1.254266
Kf 0.002000 0.013525 825.000000 0.000000 0.001104 0.000481 1.239957
Kf 0.002000 0.013525 830.000000 0.000000 0.001104 0.000480 1.225811
Kf 0.002000 0.013525 835.000000 0.000000 0.001104 0.000478 1.211827
Kf 0.002000 0.013525 840.000000 0.000000 0.001104 0.000477 1.198003
Kf 0.002000 0.013525 845.000000 0.000000 0.001104 0.000477 1.184337
Kf 0.002000 0.013525 850.000000 0.000000 0.001104 0.000476 1.170827
Kf 0.002000 0.013525 855.000000 0.000000 0.001104 0.000475 1.157472
Kf 0.002000 0.013525 860.000000 0.000000 0.001104 0.000474 1.144269
Kf 0.002000 0.013525 865.000000 0.000000 0.001104 0.000474 1.131217
Kf 0.002000 0.013525 870.000000 0.000000 0.001104 0.000473 1.118314
Kf 0.002000 0.013525 875.000000 0.000000 0.001104 0.000473 1.105559
Kf 0.002000 0.013525 880.000000 0.000000 0.001104 0.000473 1.092950
Kf 0.002000 0.013525 885.000000 0.000000 0.001104 0.000472 1.080485
Kf 0.002000 0.013525 890.000000 0.000000 0.001104 0.000472 1.068162
Kf 0.002000 0.013525 895.000000 0.000000 0.001104 0.000472 1.055980
Kf 0.002000 0.013525 900.000000 0.000000 0.001104 0.000471 1.043938
Kf 0.002000 0.013525 905.000000 0.000000 0.001104 0.000471 1.032033
Kf 0.002000 0.013525 910.000000 0.000000 0.001104 0.000471 1.020264
Kf 0.002000 0.013525 915.000000 0.000000 0.001104 0.000471 1.008630
Kf 0.002000 0.013525 920.000000 0.000000 0.001104 0.000471 0.997129
Kf 0.002000 0.013525 925.000000 0.000000 0.001104 0.000470 0.985759
Kf 0.002000 0.013525 930.000000 0.000000 0.001104 0.000470 0.974520
Kf 0.002000 0.013525 935.000000 0.000000 0.001104 0.000470 0.963408
Kf 0.002000 0.013525 940.000000 0.000000 0.001104 0.000470 0.952424
Kf 0.002000 0.013525 945.000000 0.000000 0.001104 0.000470 0.941566
Kf 0.002000 0.013525 950.000000 0.000000 0.001104 0.000470 0.930831
Kf 0.002000 0.013525 955.000000 0.000000 0.001104 0.000470 0.920220
Kf 0.002000 0.013525 960.000000 0.000000 0.001104 0.000470 0.909729
Kf 0.002000 0.013525 965.000000 0.000000 0.001104 0.000470 0.899359
Kf 0.002000 0.013525 970.000000 0.000000 0.001104 0.000470 0.889107
Kf 0.002000 0.013525 975.000000 0.000000 0.001104 0.000470 0.878973
Kf 0.002000 0.013525 980.000000 0.000000 0.001104 0.000470 0.868954
Kf 0.002000 0.013525 985.000000 0.000000 0.001104 0.000470 0.859050
Kf 0.002000 0.013525 990.000000 0.000000 0.001104 0.000470 0.849259
Kf 0.002000 0.013525 995.000000 0.000000 0.001104 0.000470 0.839580
Kf 0.002000 0.013525 1000.000000 0.000000 0.001104 0.000470 0.830012
Kf 0.002000 0.013525 1005.000000 0.000000 0.001104 0.000470 0.820553
Kf 0.002000 0.013525 1010.000000 0.000000 0.001104 0.000469 0.811202
Kf 0.002000 0.013525 1015.000000 0.000000 0.001104 0.000469 0.801958
Kf 0.002000 0.013525 1020.000000 0.000000 0.001104 0.000469 0.792820
Kf 0.002000 0.013525 1025.000000 0.000000 0.001104 0.000469 0.783786
Kf 0.002000 0.013525 1030.000000 0.000000 0.001104 0.000469 0.774856
Kf 0.002000 0.013525 1035.000000 0.000000 0.001104 0.000469 0.766028
Kf 0.002000 0.013525 1040.000000 0.000000 0.001104 0.000469 0.757301
Kf 0.002000 0.013525 1045.000000 0.000000 0.001104 0.000469 0.748673
Kf 0.002000 0.013525 1050.000000 0.000000 0.001104 0.000469 0.740144
Kf 0.002000 0.013525 1055.000000 0.000000 0.001104 0.000469 0.731713
Kf 0.002000 0.013525 1060.000000 0.000000 0.001104 0.000469 0.723378
Kf 0.002000 0.013525 1065.000000 0.000000 0.001104 0.000469 0.715138
Kf 0.002000 0.013525 1070.000000 0.000000 0.001104 0.000469 0.706993
Kf 0.002000 0.013525 1075.000000 0.000000 0.001104 0.000469 0.698941
Kf 0.002000 0.013525 1080.000000 0.000000 0.001104 0.000469 0.690980
Kf 0.002000 0.013525 1085.000000 0.000000 0.001104 0.000469 0.683111
Kf 0.002000 0.013525 1090.000000 0.000000 0.001104 0.000469 0.675332
Kf 0.002000 0.013525 1095.000000 0.000000 0.001104 0.000469 0.667642
Kf 0.002000 0.013525 1100.000000 0.000000 0.001104 0.000469 0.660039
Kf 0.002000 0.013525 1105.000000 0.000000 0.001104 0.000469 0.652524
Kf 0.002000 0.013525 1110.000000 0.000000 0.001104 0.000469 0.645095
Kf 0.002000 0.013525 1115.000000 0.000000 0.001104 0.000469 0.637750
Kf 0.002000 0.013525 1120.000000 0.000000 0.001104 0.000469 0.630490
Kf 0.002000 0.013525 1125.000000 0.000000 0.001104 0.000469 0.623312
Kf 0.002000 0.013525 1130.000000 0.000000 0.001104 0.000469 0.616217
Kf 0.002000 0.013525 1135.000000 0.000000 0.001104 0.000469 0.609202
Kf 0.002000 0.013525 1140.000000 0.000000 0.001104 0.000469 0.602268
Kf 0.002000 0.013525 1145.000000 0.000000 0.001104 0.000469 0.595413
Kf 0.002000 0.013525 1150.000000 0.000000 0.001104 0.000469 0.588637
Kf 0.002000 0.013525 1155.000000 0.000000 0.001104 0.000469 0.581938
Kf 0.002000 0.013525 1160.000000 0.000000 0.001104 0.000469 0.575315
Kf 0.002000 0.013525 1165.000000 0.000000 0.001104 0.000469 0.568769
Kf 0.002000 0.013525 1170.000000 0.000000 0.001104 0.000469 0.562297
Kf 0.002000 0.013525 1175.000000 0.000000 0.001104 0.000469 0.555899
Kf 0.002000 0.013525 1180.000000 0.000000 0.001104 0.000469 0.549574
Kf 0.002000 0.013525 1185.000000 0.000000 0.001104 0.000469 0.543322
Kf 0.002000 0.013525 1190.000000 0.000000 0.001104 0.000469 0.537141
Kf 0.002000 0.013525 1195.000000 0.000000 0.001104 0.000469 0.531031
Kf 0.002000 0.013525 1200.000000 0.000000 0.001104 0.000469 0.524991
Kf 0.002000 0.013525 1205.000000 0.000000 0.001104 0.000469 0.519020
Kf 0.002000 0.013525 1210.000000 0.000000 0.001104 0.000469 0.513117
Kf 0.002000 0.013525 1215.000000 0.000000 0.001104 0.000469 0.507281
Kf 0.002000 0.013525 1220.000000 0.000000 0.001104 0.000469 0.501512
Kf 0.002000 0.013525 1225.000000 0.000000 0.001104 0.000469 0.495810
Kf 0.002000 0.013525 1230.000000 0.000000 0.001104 0.000469 0.490172
Kf 0.002000 0.013525 1235.000000 0.000000 0.001104 0.000469 0.484599
Kf 0.002000 0.013525 1240.000000 0.000000 0.001104 0.000469 0.479089
Kf 0.002000 0.013525 1245.000000 0.000000 0.001104 0.000469 0.473643
Kf 0.002000 0.013525 1250.000000 0.000000 0.001104 0.000469 0.468259
Kf 0.002000 0.013525 1255.000000 0.000000 0.001104 0.000469 0.462936
Kf 0.002000 0.013525 1260.000000 0.000000 0.001104 0.000469 0.457675
Kf 0.002000 0.013525 1265.000000 0.000000 0.001104 0.000469 0.452473
Kf 0.002000 0.013525 1270.000000 0.000000 0.001104 0.000469 0.447331
Kf 0.002000 0.013525 1275.000000 0.000000 0.001104 0.000469 0.442248
Kf 0.002000 0.013525 1280.000000 0.000000 0.001104 0.000469 0.437223
Kf 0.002000 0.013525 1285.000000 0.000000 0.001104 0.000469 0.432255
Kf 0.002000 0.013525 1290.000000 0.000000 0.001104 0.000469 0.427344
Kf 0.002000 0.013525 1295.000000 0.000000 0.001104 0.000469 0.422489
Kf 0.002000 0.013525 1300.000000 0.000000 0.001104 0.000469 0.417690
Kf 0.002000 0.013525 1305.000000 0.000000 0.001104 0.000469 0.412946
Kf 0.002000 0.013525 1310.000000 0.000000 0.001104 0.000469 0.408255
Kf 0.002000 0.013525 1315.000000 0.000000 0.001104 0.000469 0.403619
Kf 0.002000 0.013525 1320.000000 0.000000 0.001104 0.000469 0.399036
Kf 0.002000 0.013525 1325.000000 0.000000 0.001104 0.000469 0.394504
Kf 0.002000 0.013525 1330.000000 0.000000 0.001104 0.000469 0.390025
Kf 0.002000 0.013525 1335.000000 0.000000 0.001104 0.000469 0.385597
Kf 0.002000 0.013525 1340.000000 0.000000 0.001104 0.000469 0.381220
Kf 0.002000 0.013525 1345.000000 0.000000 0.001104 0.000469 0.376892
Kf 0.002000 0.013525 1350.000000 0.000000 0.001104 0.000469 0.372615
Kf 0.002000 0.013525 1355.000000 0.000000 0.001104 0.000469 0.368386
Kf 0.002000 0.013525 1360.000000 0.000000 0.001104 0.000469 0.364205
Kf 0.002000 0.013525 1365.000000 0.000000 0.001104 0.000469 0.360072
Kf 0.002000 0.013525 1370.000000 0.000000 0.001104 0.000469 0.355987
Kf 0.002000 0.013525 1375.000000 0.000000 0.001104 0.000469 0.351948
Kf 0.002000 0.013525 1380.000000 0.000000 0.001104 0.000469 0.347955
Kf 0.002000 0.013525 1385.000000 0.000000 0.001104 0.000469 0.344008
Kf 0.002000 0.013525 1390.000000 0.000000 0.001104 0.000469 0.340106
Kf 0.002000 0.013525 1395.000000 0.000000 0.001104 0.000469 0.336249
Kf 0.002000 0.013525 1400.000000 0.000000 0.001104 0.000469 0.332436
Kf 0.002000 0.013525 1405.000000 0.000000 0.001104 0.000469 0.328666
Kf 0.002000 0.013525 1410.000000 0.000000 0.001104 0.000469 0.324940
Kf 0.002000 0.013525 1415.000000 0.000000 0.001104 0.000469 0.321256
Kf 0.002000 0.013525 1420.000000 0.000000 0.001104 0.000469 0.317614
Kf 0.002000 0.013525 1425.000000 0.000000 0.001104 0.000469 0.314014
Kf 0.002000 0.013525 1430.000000 0.000000 0.001104 0.000469 0.310455
Kf 0.002000 0.013525 1435.000000 0.000000 0.001104 0.000469 0.306937
Kf 0.002000 0.013525 1440.000000 0.000000 0.001104 0.000469 0.303459
Kf 0.002000 0.013525 1445.000000 0.000000 0.001104 0.000469 0.300021
Kf 0.002000 0.013525 1450.000000 0.000000 0.001104 0.000469 0.296622
Kf 0.002000 0.013525 1455.000000 0.000000 0.001104 0.000469 0.293262
Kf 0.002000 0.013525 1460.000000 0.000000 0.001104 0.000469 0.289940
Kf 0.002000 0.013525 1465.000000 0.000000 0.001104 0.000469 0.286657
Kf 0.002000 0.013525 1470.000000 0.000000 0.001104 0.000469 0.283410
Kf 0.002000 0.013525 1475.000000 0.000000 0.001104 0.000469 0.280201
Kf 0.002000 0.013525 1480.000000 0.000000 0.001104 0.000469 0.277029
Kf 0.002000 0.013525 1485.000000 0.000000 0.001104 0.000469 0.273893
Kf 0.002000 0.013525 1490.000000 0.000000 0.001104 0.000469 0.270793
Kf 0.002000 0.013525 1495.000000 0.000000 0.001104 0.000469 0.267728
Kf 0.002000 0.013525 1500.000000 0.000000 0.001104 0.000469 0.264699
Kf 0.002000 0.013525 1505.000000 0.000000 0.001104 0.000469 0.261703
Kf 0.002000 0.013525 1510.000000 0.000000 0.001104 0.000469 0.258743
Kf 0.002000 0.013525 1515.000000 0.000000 0.001104 0.000469 0.255816
Kf 0.002000 0.013525 1520.000000 0.000000 0.001104 0.000469 0.252922
Kf 0.002000 0.013525 1525.000000 0.000000 0.001104 0.000469 0.250062
Kf 0.002000 0.013525 1530.000000 0.000000 0.001104 0.000469 0.247234
Kf 0.002000 0.013525 1535.000000 0.000000 0.001104 0.000469 0.244439
Kf 0.002000 0.013525 1540.000000 0.000000 0.001104 0.000469 0.241675
Kf 0.002000 0.013525 1545.000000 0.000000 0.001104 0.000469 0.238944
Kf 0.002000 0.013525 1550.000000 0.000000 0.001104 0.000469 0.236243
Kf 0.002000 0.013525 1555.000000 0.000000 0.001104 0.000469 0.233573
Kf 0.002000 0.013525 1560.000000 0.000000 0.001104 0.000469 0.230934
Kf 0.002000 0.013525 1565.000000 0.000000 0.001104 0.000469 0.228325
Kf 0.002000 0.013525 1570.000000 0.000000 0.001104 0.000469 0.225746
Kf 0.002000 0.013525 1575.000000 0.000000 0.001104 0.000469 0.223197
Kf 0.002000 0.013525 1580.000000 0.000000 0.001104 0.000469 0.220676
Kf 0.002000 0.013525 1585.000000 0.000000 0.001104 0.000469 0.218184
Kf 0.002000 0.013525 1590.000000 0.000000 0.001104 0.000469 0.215721
Kf 0.002000 0.013525 1595.000000 0.000000 0.001104 0.000469 0.213286
Kf 0.002000 0.013525 1600.000000 0.000000 0.001104 0.000469 0.210879
Kf 0.002000 0.013525 1605.000000 0.000000 0.001104 0.000469 0.208499
Kf 0.002000 0.013525 1610.000000 0.000000 0.001104 0.000469 0.206147
Kf 0.002000 0.013525 1615.000000 0.000000 0.001104 0.000469 0.203821
Kf 0.002000 0.013525 1620.000000 0.000000 0.001104 0.000469 0.201522
Kf 0.002000 0.013525 1625.000000 0.000000 0.001104 0.000469 0.199250
Kf 0.002000 0.013525 1630.000000 0.000000 0.001104 0.000469 0.197003
Kf 0.002000 0.013525 1635.000000 0.000000 0.001104 0.000469 0.194782
Kf 0.002000 0.013525 1640.000000 0.000000 0.001104 0.000469 0.192586
Kf 0.002000 0.013525 1645.000000 0.000000 0.001104 0.000469 0.190416
Kf 0.002000 0.013525 1650.000000 0.000000 0.001104 0.000469 0.188270
Kf 0.002000 0.013525 1655.000000 0.000000 0.001104 0.000469 0.186149
Kf 0.002000 0.013525 1660.000000 0.000000 0.001104 0.000469 0.184052
Kf 0.002000 0.013525 1665.000000 0.000000 0.001104 0.000469 0.181979
Kf 0.002000 0.013525 1670.000000 0.000000 0.001104 0.000469 0.179930
Kf 0.002000 0.013525 1675.000000 0.000000 0.001104 0.000469 0.177904
Kf 0.002000 0.013525 1680.000000 0.000000 0.001104 0.000469 0.175902
Kf 0.002000 0.013525 1685.000000 0.000000 0.001104 0.000469 0.173922
Kf 0.002000 0.013525 1690.000000 0.000000 0.001104 0.000469 0.171965
Kf 0.002000 0.013525 1695.000000 0.000000 0.001104 0.000469 0.170030
Kf 0.002000 0.013525 1700.000000 0.000000 0.001104 0.000469 0.168117
Kf 0.002000 0.013525 1705.000000 0.000000 0.001104 0.000469 0.166227
Kf 0.002000 0.013525 1710.000000 0.000000 0.001104 0.000469 0.164358
Kf 0.002000 0.013525 1715.000000 0.000000 0.001104 0.000469 0.162510
Kf 0.002000 0.013525 1720.000000 0.000000 0.001104 0.000469 0.160683
Kf 0.002000 0.013525 1725.000000 0.000000 0.001104 0.000469 0.158878
Kf 0.002000 0.013525 1730.000000 0.000000 0.001104 0.000469 0.157093
Kf 0.002000 0.013525 1735.000000 0.000000 0.001104 0.000469 0.155328
Kf 0.002000 0.013525 1740.000000 0.000000 0.001104 0.000469 0.153583
Kf 0.002000 0.013525 1745.000000 0.000000 0.001104 0.000469 0.151859
Kf 0.002000 0.013525 1750.000000 0.000000 0.001104 0.000469 0.150154
Kf 0.002000 0.013525 1755.000000 0.000000 0.001104 0.000469 0.148469
Kf 0.002000 0.013525 1760.000000 0.000000 0.001104 0.000469 0.146803
Kf 0.002000 0.013525 1765.000000 0.000000 0.001104 0.000469 0.145156
Kf 0.002000 0.013525 1770.000000 0.000000 0.001104 0.000469 0.143527
Kf 0.002000 0.013525 1775.000000 0.000000 0.001104 0.000469 0.141918
Kf 0.002000 0.013525 1780.000000 0.000000 0.001104 0.000469 0.140327
Kf 0.002000 0.013525 1785.000000 0.000000 0.001104 0.000469 0.138754
Kf 0.002000 0.013525 1790.000000 0.000000 0.001104 0.000469 0.137199
Kf 0.002000 0.013525 1795.000000 0.000000 0.001104 0.000469 0.135662
Kf 0.002000 0.013525 1800.000000 0.000000 0.001104 0.000469 0.134142
Kf 0.002000 0.013525 1805.000000 0.000000 0.001104 0.000469 0.132640
Kf 0.002000 0.013525 1810.000000 0.000000 0.001104 0.000469 0.131155
Kf 0.002000 0.013525 1815.000000 0.000000 0.001104 0.000469 0.129687
Kf 0.002000 0.013525 1820.000000 0.000000 0.001104 0.000469 0.128235
Kf 0.002000 0.013525 1825.000000 0.000000 0.001104 0.000469 0.126801
Kf 0.002000 0.013525 1830.000000 0.000000 0.001104 0.000469 0.125382
Kf 0.002000 0.013525 1835.000000 0.000000 0.001104 0.000469 0.123980
Kf 0.002000 0.013525 1840.000000 0.000000 0.001104 0.000469 0.122594
Kf 0.002000 0.013525 1845.000000 0.000000 0.001104 0.000469 0.121224
Kf 0.002000 0.013525 1850.000000 0.000000 0.001104 0.000469 0.119869
Kf 0.002000 0.013525 1855.000000 0.000000 0.001104 0.000469 0.118530
Kf 0.002000 0.013525 1860.000000 0.000000 0.001104 0.000469 0.117207
Kf 0.002000 0.013525 1865.000000 0.000000 0.001104 0.000469 0.115898
Kf 0.002000 0.013525 1870.000000 0.000000 0.001104 0.000469 0.114604
Kf 0.002000 0.013525 1875.000000 0.000000 0.001104 0.000469 0.113326
Kf 0.002000 0.013525 1880.000000 0.000000 0.001104 0.000469 0.112061
Kf 0.002000 0.013525 1885.000000 0.000000 0.001104 0.000469 0.110812
Kf 0.002000 0.013525 1890.000000 0.000000 0.001104 0.000469 0.109576
Kf 0.002000 0.013525 1895.000000 0.000000 0.001104 0.000469 0.108355
Kf 0.002000 0.013525 1900.000000 0.000000 0.001104 0.000469 0.107147
Kf 0.002000 0.013525 1905.000000 0.000000 0.001104 0.000469 0.105954
Kf 0.002000 0.013525 1910.000000 0.000000 0.001104 0.000469 0.104774
Kf 0.002000 0.013525 1915.000000 0.000000 0.001104 0.000469 0.103607
Kf 0.002000 0.013525 1920.000000 0.000000 0.001104 0.000469 0.102454
Kf 0.002000 0.013525 1925.000000 0.000000 0.001104 0.000469 0.101314
Kf 0.002000 0.013525 1930.000000 0.000000 0.001104 0.000469 0.100188
Kf 0.002000 0.013525 1935.000000 0.000000 0.001104 0.000469 0.099074
Kf 0.002000 0.013525 1940.000000 0.000000 0.001104 0.000469 0.097972
Kf 0.002000 0.013525 1945.000000 0.000000 0.001104 0.000469 0.096884
Kf 0.002000 0.013525 1950.000000 0.000000 0.001104 0.000469 0.095807
Kf 0.002000 0.013525 1955.000000 0.000000 0.001104 0.000469 0.094743
Kf 0.002000 0.013525 1960.000000 0.000000 0.001104 0.000469 0.093692
Kf 0.002000 0.013525 1965.000000 0.000000 0.001104 0.000469 0.092652
Kf 0.002000 0.013525 1970.000000 0.000000 0.001104 0.000469 0.091624
Kf 0.002000 0.013525 1975.000000 0.000000 0.001104 0.000469 0.090608
Kf 0.002000 0.013525 1980.000000 0.000000 0.001104 0.000469 0.089604
Kf 0.002000 0.013525 1985.000000 0.000000 0.001104 0.000469 0.088611
Kf 0.002000 0.013525 1990.000000 0.000000 0.001104 0.000469 0.087629
Kf 0.002000 0.013525 1995.000000 0.000000 0.001104 0.000469 0.086659
Kf 0.002000 0.013525 2000.000000 0.000000 0.001104 0.000469 0.085699
Kf 0.002000 0.013525 2005.000000 0.000000 0.001104 0.000469 0.084751
Kf 0.002000 0.013525 2010.000000 0.000000 0.001104 0.000469 0.083813
Kf 0.002000 0.013525 2015.000000 0.000000 0.001104 0.000469 0.082887
Kf 0.002000 0.013525 2020.000000 0.000000 0.001104 0.000469 0.081970
Kf 0.002000 0.013525 2025.000000 0.000000 0.001104 0.000469 0.081065
Kf 0.002000 0.013525 2030.000000 0.000000 0.001104 0.000469 0.080169
Kf 0.002000 0.013525 2035.000000 0.000000 0.001104 0.000469 0.079284
Kf 0.002000 0.013525 2040.000000 0.000000 0.001104 0.000469 0.078409
Kf 0.002000 0.013525 2045.000000 0.000000 0.001104 0.000469 0.077544
Kf 0.002000 0.013525 2050.000000 0.000000 0.001104 0.000469 0.076689
Kf 0.002000 0.013525 2055.000000 0.000000 0.001104 0.000469 0.075844
Kf 0.002000 0.013525 2060.000000 0.000000 0.001104 0.000469 0.075008
Kf 0.002000 0.013525 2065.000000 0.000000 0.001104 0.000469 0.074182
Kf 0.002000 0.013525 2070.000000 0.000000 0.001104 0.000469 0.073365
Kf 0.002000 0.013525 2075.000000 0.000000 0.001104 0.000469 0.072558
Kf 0.002000 0.013525 2080.000000 0.000000 0.001104 0.000469 0.071760
Kf 0.002000 0.013525 2085.000000 0.000000 0.001104 0.000469 0.070971
Kf 0.002000 0.013525 2090.000000 0.000000 0.001104 0.000469 0.070191
Kf 0.002000 0.013525 2095.000000 0.000000 0.001104 0.000469 0.069420
Kf 0.002000 0.013525 2100.000000 0.000000 0.001104 0.000469 0.068658
Kf 0.002000 0.013525 2105.000000 0.000000 0.001104 0.000469 0.067904
Kf 0.002000 0.013525 2110.000000 0.000000 0.001104 0.000469 0.067160
Kf 0.002000 0.013525 2115.000000 0.000000 0.001104 0.000469 0.066423
Kf 0.002000 0.013525 2120.000000 0.000000 0.001104 0.000469 0.065695
Kf 0.002000 0.013525 2125.000000 0.000000 0.001104 0.000469 0.064976
Kf 0.002000 0.013525 2130.000000 0.000000 0.001104 0.000469 0.064264
Kf 0.002000 0.013525 2135.000000 0.000000 0.001104 0.000469 0.063561
Kf 0.002000 0.013525 2140.000000 0.000000 0.001104 0.000469 0.062866
Kf 0.002000 0.013525 2145.000000 0.000000 0.001104 0.000469 0.062179
Kf 0.002000 0.013525 2150.000000 0.000000 0.001104 0.000469 0.061499
Kf 0.002000 0.013525 2155.000000 0.000000 0.001104 0.000469 0.060828
Kf 0.002000 0.013525 2160.000000 0.000000 0.001104 0.000469 0.060164
Kf 0.002000 0.013525 2165.000000 0.000000 0.001104 0.000469 0.059507
Kf 0.002000 0.013525 2170.000000 0.000000 0.001104 0.000469 0.058858
Kf 0.002000 0.013525 2175.000000 0.000000 0.001104 0.000469 0.058217
Kf 0.002000 0.013525 2180.000000 0.000000 0.001104 0.000469 0.057583
Kf 0.002000 0.013525 2185.000000 0.000000 0.001104 0.000469 0.056956
Kf 0.002000 0.013525 2190.000000 0.000000 0.001104 0.000469 0.056336
Kf 0.002000 0.013525 2195.000000 0.000000 0.001104 0.000469 0.055724
Kf 0.002000 0.013525 2200.000000 0.000000 0.001104 0.000469 0.055118
Kf 0.002000 0.013525 2205.000000 0.000000 0.001104 0.000469 0.054519
Kf 0.002000 0.013525 2210.000000 0.000000 0.001104 0.000469 0.053928
Kf 0.002000 0.013525 2215.000000 0.000000 0.001104 0.000469 0.053343
Kf 0.002000 0.013525 2220.000000 0.000000 0.001104 0.000469 0.052764
Kf 0.002000 0.013525 2225.000000 0.000000 0.001104 0.000469 0.052192
Kf 0.002000 0.013525 2230.000000 0.000000 0.001104 0.000469 0.051627
Kf 0.002000 0.013525 2235.000000 0.000000 0.001104 0.000469 0.051068
Kf 0.002000 0.013525 2240.000000 0.000000 0.001104 0.000469 0.050516
Kf 0.002000 0.013525 2245.000000 0.000000 0.001104 0.000469 0.049970
Kf 0.002000 0.013525 2250.000000 0.000000 0.001104 0.000469 0.049430
Kf 0.002000 0.013525 2255.000000 0.000000 0.001104 0.000469 0.048897
Kf 0.002000 0.013525 2260.000000 0.000000 0.001104 0.000469 0.048369
Kf 0.002000 0.013525 2265.000000 0.000000 0.001104 0.000469 0.047847
Kf 0.002000 0.013525 2270.000000 0.000000 0.001104 0.000469 0.047332
Kf 0.002000 0.013525 2275.000000 0.000000 0.001104 0.000469 0.046822
Kf 0.002000 0.013525 2280.000000 0.000000 0.001104 0.000469 0.046318
Kf 0.002000 0.013525 2285.000000 0.000000 0.001104 0.000469 0.045820
Kf 0.002000 0.013525 2290.000000 0.000000 0.001104 0.000469 0.045328
Kf 0.002000 0.013525 2295.000000 0.000000 0.001104 0.000469 0.044841
Kf 0.002000 0.013525 2300.000000 0.000000 0.001104 0.000469 0.044360
Kf 0.002000 0.013525 2305.000000 0.000000 0.001104 0.000469 0.043885
Kf 0.002000 0.013525 2310.000000 0.000000 0.001104 0.000469 0.043414
Kf 0.002000 0.013525 2315.000000 0.000000 0.001104 0.000469 0.042949
Kf 0.002000 0.013525 2320.000000 0.000000 0.001104 0.000469 0.042490
Kf 0.002000 0.013525 2325.000000 0.000000 0.001104 0.000469 0.042036
Kf 0.002000 0.013525 2330.000000 0.000000 0.001104 0.000469 0.041587
Kf 0.002000 0.013525 2335.000000 0.000000 0.001104 0.000469 0.041143
Kf 0.002000 0.013525 2340.000000 0.000000 0.001104 0.000469 0.040704
Kf 0.002000 0.013525 2345.000000 0.000000 0.001104 0.000469 0.040270
Kf 0.002000 0.013525 2350.000000 0.000000 0.001104 0.000469 0.039841
Kf 0.002000 0.013525 2355.000000 0.000000 0.001104 0.000469 0.039417
Kf 0.002000 0.013525 2360.000000 0.000000 0.001104 0.000469 0.038998
Kf 0.002000 0.013525 2365.000000 0.000000 0.001104 0.000469 0.038583
Kf 0.002000 0.013525 2370.000000 0.000000 0.001104 0.000469 0.038174
Kf 0.002000 0.013525 2375.000000 0.000000 0.001104 0.000469 0.037769
Kf 0.002000 0.013525 2380.000000 0.000000 0.001104 0.000469 0.037369
Kf 0.002000 0.013525 2385.000000 0.000000 0.001104 0.000469 0.036973
Kf 0.002000 0.013525 2390.000000 0.000000 0.001104 0.000469 0.036582
Kf 0.002000 0.013525 2395.000000 0.000000 0.001104 0.000469 0.036195
Kf 0.002000 0.013525 2400.000000 0.000000 0.001104 0.000469 0.035813
Kf 0.002000 0.013525 2405.000000 0.000000 0.001104 0.000469 0.035435
Kf 0.002000 0.013525 2410.000000 0.000000 0.001104 0.000469 0.035061
Kf 0.002000 0.013525 2415.000000 0.000000 0.001104 0.000469 0.034692
Kf 0.002000 0.013525 2420.000000 0.000000 0.001104 0.000469 0.034327
Kf 0.002000 0.013525 2425.000000 0.000000 0.001104 0.000469 0.033966
Kf 0.002000 0.013525 2430.000000 0.000000 0.001104 0.000469 0.033609
Kf 0.002000 0.013525 2435.000000 0.000000 0.001104 0.000469 0.033256
Kf 0.002000 0.013525 2440.000000 0.000000 0.001104 0.000469 0.032908
Kf 0.002000 0.013525 2445.000000 0.000000 0.001104 0.000469 0.032563
Kf 0.002000 0.013525 2450.000000 0.000000 0.001104 0.000469 0.032222
Kf 0.002000 0.013525 2455.000000 0.000000 0.001104 0.000469 0.031885
Kf 0.002000 0.013525 2460.000000 0.000000 0.001104 0.000469 0.031552
Kf 0.002000 0.013525 2465.000000 0.000000 0.001104 0.000469 0.031223
Kf 0.002000 0.013525 2470.000000 0.000000 0.001104 0.000469 0.030898
Kf 0.002000 0.013525 2475.000000 0.000000 0.001104 0.000469 0.030576
Kf 0.002000 0.013525 2480.000000 0.000000 0.001104 0.000469 0.030258
Kf 0.002000 0.013525 2485.000000 0.000000 0.001104 0.000469 0.029943
Kf 0.002000 0.013525 2490.000000 0.000000 0.001104 0.000469 0.029633
Kf 0.002000 0.013525 2495.000000 0.000000 0.001104 0.000469 0.029325
Kf 0.002000 0.013525 2500.000000 0.000000 0.001104 0.000469 0.029022
Kf 0.002000 0.013525 2505.000000 0.000000 0.001104 0.000469 0.028721
Kf 0.002000 0.013525 2510.000000 0.000000 0.001104 0.000469 0.028424
Kf 0.002000 0.013525 2515.000000 0.000000 0.001104 0.000469 0.028131
Kf 0.002000 0.013525 2520.000000 0.000000 0.001104 0.000469 0.027841
Kf 0.002000 0.013525 2525.000000 0.000000 0.001104 0.000469 0.027554
Kf 0.002000 0.013525 2530.000000 0.000000 0.001104 0.000469 0.027271
Kf 0.002000 0.013525 2535.000000 0.000000 0.001104 0.000469 0.026990
Kf 0.002000 0.013525 2540.000000 0.000000 0.001104 0.000469 0.026713
Kf 0.002000 0.013525 2545.000000 0.000000 0.001104 0.000469 0.026439
Kf 0.002000 0.013525 2550.000000 0.000000 0.001104 0.000469 0.026169
Kf 0.002000 0.013525 2555.000000 0.000000 0.001104 0.000469 0.025901
Kf 0.002000 0.013525 2560.000000 0.000000 0.001104 0.000469 0.025636
Kf 0.002000 0.013525 2565.000000 0.000000 0.001104 0.000469 0.025375
Kf 0.002000 0.013525 2570.000000 0.000000 0.001104 0.000469 0.025116
Kf 0.002000 0.013525 2575.000000 0.000000 0.001104 0.000469 0.024861
Kf 0.002000 0.013525 2580.000000 0.000000 0.001104 0.000469 0.024608
Kf 0.002000 0.013525 2585.000000 0.000000 0.001104 0.000469 0.024358
Kf 0.002000 0.013525 2590.000000 0.000000 0.001104 0.000469 0.024111
Kf 0.002000 0.013525 2595.000000 0.000000 0.001104 0.000469 0.023867
Kf 0.002000 0.013525 2600.000000 0.000000 0.001104 0.000469 0.023626
Kf 0.002000 0.013525 2605.000000 0.000000 0.001104 0.000469 0.023387
Kf 0.002000 0.013525 2610.000000 0.000000 0.001104 0.000469 0.023151
Kf 0.002000 0.013525 2615.000000 0.000000 0.001104 0.000469 0.022918
Kf 0.002000 0.013525 2620.000000 0.000000 0.001104 0.000469 0.022688
Kf 0.002000 0.013525 2625.000000 0.000000 0.001104 0.000469 0.022460
Kf 0.002000 0.013525 2630.000000 0.000000 0.001104 0.000469 0.022234
Kf 0.002000 0.013525 2635.000000 0.000000 0.001104 0.000469 0.022012
Kf 0.002000 0.013525 2640.000000 0.000000 0.001104 0.000469 0.021792
Kf 0.002000 0.013525 2645.000000 0.000000 0.001104 0.000469 0.021574
Kf 0.002000 0.013525 2650.000000 0.000000 0.001104 0.000469 0.021359
Kf 0.002000 0.013525 2655.000000 0.000000 0.001104 0.000469 0.021146
Kf 0.002000 0.013525 2660.000000 0.000000 0.001104 0.000469 0.020936
Kf 0.002000 0.013525 2665.000000 0.000000 0.001104 0.000469 0.020728
Kf 0.002000 0.013525 2670.000000 0.000000 0.001104 0.000469 0.020523
Kf 0.002000 0.013525 2675.000000 0.000000 0.001104 0.000469 0.020320
Kf 0.002000 0.013525 2680.000000 0.000000 0.001104 0.000469 0.020119
Kf 0.002000 0.013525 2685.000000 0.000000 0.001104 0.000469 0.019920
Kf 0.002000 0.013525 2690.000000 0.000000 0.001104 0.000469 0.019724
Kf 0.002000 0.013525 2695.000000 0.000000 0.001104 0.000469 0.019530
Kf 0.002000 0.013525 2700.000000 0.000000 0.001104 0.000469 0.019338
Kf 0.002000 0.013525 2705.000000 0.000000 0.001104 0.000469 0.019149
Kf 0.002000 0.013525 2710.000000 0.000000 0.001104 0.000469 0.018961
Kf 0.002000 0.013525 2715.000000 0.000000 0.001104 0.000469 0.018776
Kf 0.002000 0.013525 2720.000000 0.000000 0.001104 0.000469 0.018593
Kf 0.002000 0.013525 2725.000000 0.000000 0.001104 0.000469 0.018412
Kf 0.002000 0.013525 2730.000000 0.000000 0.001104 0.000469 0.018233
Kf 0.002000 0.013525 2735.000000 0.000000 0.001104 0.000469 0.018056
Kf 0.002000 0.013525 2740.000000 0.000000 0.001104 0.000469 0.017881
Kf 0.002000 0.013525 2745.000000 0.000000 0.001104 0.000469 0.017708
Kf 0.002000 0.013525 2750.000000 0.000000 0.001104 0.000469 0.017537
Kf 0.002000 0.013525 2755.000000 0.000000 0.001104 0.000469 0.017368
Kf 0.002000 0.013525 2760.000000 0.000000 0.001104 0.000469 0.017201
Kf 0.002000 0.013525 2765.000000 0.000000 0.001104 0.000469 0.017036
Kf 0.002000 0.013525 2770.000000 0.000000 0.001104 0.000469 0.016873
Kf 0.002000 0.013525 2775.000000 0.000000 0.001104 0.000469 0.016712
Kf 0.002000 0.013525 2780.000000 0.000000 0.001104 0.000469 0.016552
Kf 0.002000 0.013525 2785.000000 0.000000 0.001104 0.000469 0.016394
Kf 0.002000 0.013525 2790.000000 0.000000 0.001104 0.000469 0.016239
Kf 0.002000 0.013525 2795.000000 0.000000 0.001104 0.000469 0.016084
Kf 0.002000 0.013525 2800.000000 0.000000 0.001104 0.000469 0.015932
Kf 0.002000 0.013525 2805.000000 0.000000 0.001104 0.000469 0.015781
Kf 0.002000 0.013525 2810.000000 0.000000 0.001104 0.000469 0.015633
Kf 0.002000 0.013525 2815.000000 0.000000 0.001104 0.000469 0.015485
Kf 0.002000 0.013525 2820.000000 0.000000 0.001104 0.000469 0.015340
Kf 0.002000 0.013525 2825.000000 0.000000 0.001104 0.000469 0.015196
Kf 0.002000 0.013525 2830.000000 0.000000 0.001104 0.000469 0.015054
Kf 0.002000 0.013525 2835.000000 0.000000 0.001104 0.000469 0.014913
Kf 0.002000 0.013525 2840.000000 0.000000 0.001104 0.000469 0.014774
Kf 0.002000 0.013525 2845.000000 0.000000 0.001104 0.000469 0.014637
Kf 0.002000 0.013525 2850.000000 0.000000 0.001104 0.000469 0.014501
Kf 0.002000 0.013525 2855.000000 0.000000 0.001104 0.000469 0.014367
Kf 0.002000 0.013525 2860.000000 0.000000 0.001104 0.000469 0.014234
Kf 0.002000 0.013525 2865.000000 0.000000 0.001104 0.000469 0.014103
Kf 0.002000 0.013525 2870.000000 0.000000 0.001104 0.000469 0.013973
Kf 0.002000 0.013525 2875.000000 0.000000 0.001104 0.000469 0.013845
Kf 0.002000 0.013525 2880.000000 0.000000 0.001104 0.000469 0.013718
Kf 0.002000 0.013525 2885.000000 0.000000 0.001104 0.000469 0.013593
Kf 0.002000 0.013525 2890.000000 0.000000 0.001104 0.000469 0.013469
Kf 0.002000 0.013525 2895.000000 0.000000 0.001104 0.000469 0.013347
Kf 0.002000 0.013525 2900.000000 0.000000 0.001104 0.000469 0.013226
Kf 0.002000 0.013525 2905.000000 0.000000 0.001104 0.000469 0.013106
Kf 0.002000 0.013525 2910.000000 0.000000 0.001104 0.000469 0.012988
Kf 0.002000 0.013525 2915.000000 0.000000 0.001104 0.000469 0.012871
Kf 0.002000 0.013525 2920.000000 0.000000 0.001104 0.000469 0.012755
Kf 0.002000 0.013525 2925.000000 0.000000 0.001104 0.000469 0.012641
Kf 0.002000 0.013525 2930.000000 0.000000 0.001104 0.000469 0.012528
Kf 0.002000 0.013525 2935.000000 0.000000 0.001104 0.000469 0.012416
Kf 0.002000 0.013525 2940.000000 0.000000 0.001104 0.000469 0.012306
Kf 0.002000 0.013525 2945.000000 0.000000 0.001104 0.000469 0.012197
Kf 0.002000 0.013525 2950.000000 0.000000 0.001104 0.000469 0.012089
Kf 0.002000 0.013525 2955.000000 0.000000 0.001104 0.000469 0.011982
Kf 0.002000 0.013525 2960.000000 0.000000 0.001104 0.000469 0.011877
Kf 0.002000 0.013525 2965.000000 0.000000 0.001104 0.000469 0.011772
Kf 0.002000 0.013525 2970.000000 0.000000 0.001104 0.000469 0.011669
Kf 0.002000 0.013525 2975.000000 0.000000 0.001104 0.000469 0.011567
Kf 0.002000 0.013525 2980.000000 0.000000 0.001104 0.000469 0.011467
Kf 0.002000 0.013525 2985.000000 0.000000 0.001104 0.000469 0.011367
Kf 0.002000 0.013525 2990.000000 0.000000 0.001104 0.000469 0.011269
Kf 0.002000 0.013525 2995.000000 0.000000 0.001104 0.000469 0.011171
Kf 0.002000 0.013525 3000.000000 0.000000 0.001104 0.000469 0.011075
Kf 0.002000 0.013525 3005.000000 0.000000 0.001104 0.000469 0.010980
Kf 0.002000 0.013525 3010.000000 0.000000 0.001104 0.000469 0.010886
Kf 0.002000 0.013525 3015.000000 0.000000 0.001104 0.000469 0.010793
Kf 0.002000 0.013525 3020.000000 0.000000 0.001104 0.000469 0.010701
Kf 0.002000 0.013525 3025.000000 0.000000 0.001104 0.000469 0.010611
Kf 0.002000 0.013525 3030.000000 0.000000 0.001104 0.000469 0.010521
Kf 0.002000 0.013525 3035.000000 0.000000 0.001104 0.000469 0.010432
Kf 0.002000 0.013525 3040.000000 0.000000 0.001104 0.000469 0.010344
Kf 0.002000 0.013525 3045.000000 0.000000 0.001104 0.000469 0.010258
Kf 0.002000 0.013525 3050.000000 0.000000 0.001104 0.000469 0.010172
Kf 0.002000 0.013525 3055.000000 0.000000 0.001104 0.000469 0.010087
Kf 0.002000 0.013525 3060.000000 0.000000 0.001104 0.000469 0.010003
Kf 0.002000 0.013525 3065.000000 0.000000 0.001104 0.000469 0.009921
Kf 0.002000 0.013525 3070.000000 0.000000 0.001104 0.000469 0.009839
Kf 0.002000 0.013525 3075.000000 0.000000 0.001104 0.000469 0.009758
Kf 0.002000 0.013525 3080.000000 0.000000 0.001104 0.000469 0.009678
Kf 0.002000 0.013525 3085.000000 0.000000 0.001104 0.000469 0.009599
Kf 0.002000 0.013525 3090.000000 0.000000 0.001104 0.000469 0.009520
Kf 0.002000 0.013525 3095.000000 0.000000 0.001104 0.000469 0.009443
Kf 0.002000 0.013525 3100.000000 0.000000 0.001104 0.000469 0.009367
Kf 0.002000 0.013525 3105.000000 0.000000 0.001104 0.000469 0.009291
Kf 0.002000 0.013525 3110.000000 0.000000 0.001104 0.000469 0.009216
Kf 0.002000 0.013525 3115.000000 0.000000 0.001104 0.000469 0.009143
Kf 0.002000 0.013525 3120.000000 0.000000 0.001104 0.000469 0.009070
Kf 0.002000 0.013525 3125.000000 0.000000 0.001104 0.000469 0.008997
Kf 0.002000 0.013525 3130.000000 0.000000 0.001104 0.000469 0.008926
Kf 0.002000 0.013525 3135.000000 0.000000 0.001104 0.000469 0.008856
Kf 0.002000 0.013525 3140.000000 0.000000 0.001104 0.000469 0.008786
Kf 0.002000 0.013525 3145.000000 0.000000 0.001104 0.000469 0.008717
Kf 0.002000 0.013525 3150.000000 0.000000 0.001104 0.000469 0.008649
Kf 0.002000 0.013525 3155.000000 0.000000 0.001104 0.000469 0.008582
Kf 0.002000 0.013525 3160.000000 0.000000 0.001104 0.000469 0.008515
Kf 0.002000 0.013525 3165.000000 0.000000 0.001104 0.000469 0.008449
Kf 0.002000 0.013525 3170.000000 0.000000 0.001104 0.000469 0.008384
Kf 0.002000 0.013525 3175.000000 0.000000 0.001104 0.000469 0.008320
Kf 0.002000 0.013525 3180.000000 0.000000 0.001104 0.000469 0.008256
Kf 0.002000 0.013525 3185.000000 0.000000 0.001104 0.000469 0.008193
Kf 0.002000 0.013525 3190.000000 0.000000 0.001104 0.000469 0.008131
Kf 0.002000 0.013525 3195.000000 0.000000 0.001104 0.000469 0.008070
Kf 0.002000 0.013525 3200.000000 0.000000 0.001104 0.000469 0.008009
Kf 0.002000 0.013525 3205.000000 0.000000 0.001104 0.000469 0.007949
Kf 0.002000 0.013525 3210.000000 0.000000 0.001104 0.000469 0.007890
Kf 0.002000 0.013525 3215.000000 0.000000 0.001104 0.000469 0.007831
Kf 0.002000 0.013525 3220.000000 0.000000 0.001104 0.000469 0.007773
Kf 0.002000 0.013525 3225.000000 0.000000 0.001104 0.000469 0.007716
Kf 0.002000 0.013525 3230.000000 0.000000 0.001104 0.000469 0.007659
Kf 0.002000 0.013525 3235.000000 0.000000 0.001104 0.000469 0.007603
Kf 0.002000 0.013525 3240.000000 0.000000 0.001104 0.000469 0.007548
Kf 0.002000 0.013525 3245.000000 0.000000 0.001104 0.000469 0.007493
Kf 0.002000 0.013525 3250.000000 0.000000 0.001104 0.000469 0.007439
Kf 0.002000 0.013525 3255.000000 0.000000 0.001104 0.000469 0.007385
Kf 0.002000 0.013525 3260.000000 0.000000 0.001104 0.000469 0.007332
Kf 0.002000 0.013525 3265.000000 0.000000 0.001104 0.000469 0.007280
Kf 0.002000 0.013525 3270.000000 0.000000 0.001104 0.000469 0.007228
Kf 0.002000 0.013525 3275.000000 0.000000 0.001104 0.000469 0.007177
Kf 0.002000 0.013525 3280.000000 0.000000 0.001104 0.000469 0.007127
Kf 0.002000 0.013525 3285.000000 0.000000 0.001104 0.000469 0.007077
Kf 0.002000 0.013525 3290.000000 0.000000 0.001104 0.000469 0.007028
Kf 0.002000 0.013525 3295.000000 0.000000 0.001104 0.000469 0.006979
Kf 0.002000 0.013525 3300.000000 0.000000 0.001104 0.000469 0.006931
Kf 0.002000 0.013525 3305.000000 0.000000 0.001104 0.000469 0.006883
Kf 0.002000 0.013525 3310.000000 0.000000 0.001104 0.000469 0.006836
Kf 0.002000 0.013525 3315.000000 0.000000 0.001104 0.000469 0.006789
Kf 0.002000 0.013525 3320.000000 0.000000 0.001104 0.000469 0.006743
Kf 0.002000 0.013525 3325.000000 0.000000 0.001104 0.000469 0.006697
Kf 0.002000 0.013525 3330.000000 0.000000 0.001104 0.000469 0.006652
Kf 0.002000 0.013525 3335.000000 0.000000 0.001104 0.000469 0.006608
Kf 0.002000 0.013525 3340.000000 0.000000 0.001104 0.000469 0.006564
Kf 0.002000 0.013525 3345.000000 0.000000 0.001104 0.000469 0.006520
Kf 0.002000 0.013525 3350.000000 0.000000 0.001104 0.000469 0.006477
Kf 0.002000 0.013525 3355.000000 0.000000 0.001104 0.000469 0.006435
Kf 0.002000 0.013525 3360.000000 0.000000 0.001104 0.000469 0.006393
Kf 0.002000 0.013525 3365.000000 0.000000 0.001104 0.000469 0.006351
Kf 0.002000 0.013525 3370.000000 0.000000 0.001104 0.000469 0.006310
Kf 0.002000 0.013525 3375.000000 0.000000 0.001104 0.000469 0.006270
Kf 0.002000 0.013525 3380.000000 0.000000 0.001104 0.000469 0.006230
Kf 0.002000 0.013525 3385.000000 0.000000 0.001104 0.000469 0.006190
Kf 0.002000 0.013525 3390.000000 0.000000 0.001104 0.000469 0.006151
Kf 0.002000 0.013525 3395.000000 0.000000 0.001104 0.000469 0.006112
Kf 0.002000 0.013525 3400.000000 0.000000 0.001104 0.000469 0.006074
Kf 0.002000 0.013525 3405.000000 0.000000 0.001104 0.000469 0.006036
Kf 0.002000 0.013525 3410.000000 0.000000 0.001104 0.000469 0.005998
Kf 0.002000 0.013525 3415.000000 0.000000 0.001104 0.000469 0.005961
Kf 0.002000 0.013525 3420.000000 0.000000 0.001104 0.000469 0.005925
Kf 0.002000 0.013525 3425.000000 0.000000 0.001104 0.000469 0.005888
Kf 0.002000 0.013525 3430.000000 0.000000 0.001104 0.000469 0.005853
Kf 0.002000 0.013525 3435.000000 0.000000 0.001104 0.000469 0.005817
Kf 0.002000 0.013525 3440.000000 0.000000 0.001104 0.000469 0.005782
Kf 0.002000 0.013525 3445.000000 0.000000 0.001104 0.000469 0.005748
Kf 0.002000 0.013525 3450.000000 0.000000 0.001104 0.000469 0.005714
Kf 0.002000 0.013525 3455.000000 0.000000 0.001104 0.000469 0.005680
Kf 0.002000 0.013525 3460.000000 0.000000 0.001104 0.000469 0.005646
Kf 0.002000 0.013525 3465.000000 0.000000 0.001104 0.000469 0.005613
Kf 0.002000 0.013525 3470.000000 0.000000 0.001104 0.000469 0.005581
Kf 0.002000 0.013525 3475.000000 0.000000 0.001104 0.000469 0.005549
Kf 0.002000 0.013525 3480.000000 0.000000 0.001104 0.000469 0.005517
Kf 0.002000 0.013525 3485.000000 0.000000 0.001104 0.000469 0.005485
Kf 0.002000 0.013525 3490.000000 0.000000 0.001104 0.000469 0.005454
Kf 0.002000 0.013525 3495.000000 0.000000 0.001104 0.000469 0.005423
Kf 0.002000 0.013525 3500.000000 0.000000 0.001104 0.000469 0.005393
Kf 0.002000 0.013525 3505.000000 0.000000 0.001104 0.000469 0.005363
Kf 0.002000 0.013525 3510.000000 0.000000 0.001104 0.000469 0.005333
Kf 0.002000 0.013525 3515.000000 0.000000 0.001104 0.000469 0.005303
Kf 0.002000 0.013525 3520.000000 0.000000 0.001104 0.000469 0.005274
Kf 0.002000 0.013525 3525.000000 0.000000 0.001104 0.000469 0.005246
Kf 0.002000 0.013525 3530.000000 0.000000 0.001104 0.000469 0.005217
Kf 0.002000 0.013525 3535.000000 0.000000 0.001104 0.000469 0.005189
Kf 0.002000 0.013525 3540.000000 0.000000 0.001104 0.000469 0.005161
Kf 0.002000 0.013525 3545.000000 0.000000 0.001104 0.000469 0.005134
Kf 0.002000 0.013525 3550.000000 0.000000 0.001104 0.000469 0.005107
Kf 0.002000 0.013525 3555.000000 0.000000 0.001104 0.000469 0.005080
Kf 0.002000 0.013525 3560.000000 0.000000 0.001104 0.000469 0.005053
Kf 0.002000 0.013525 3565.000000 0.000000 0.001104 0.000469 0.005027
Kf 0.002000 0.013525 3570.000000 0.000000 0.001104 0.000469 0.005001
Kf 0.002000 0.013525 3575.000000 0.000000 0.001104 0.000469 0.004976
Kf 0.002000 0.013525 3580.000000 0.000000 0.001104 0.000469 0.004950
Kf 0.002000 0.013525 3585.000000 0.000000 0.001104 0.000469 0.004925
Kf 0.002000 0.013525 3590.000000 0.000000 0.001104 0.000469 0.004900
Kf 0.002000 0.013525 3595.000000 0.000000 0.001104 0.000469 0.004876
Kf 0.002000 0.013525 3600.000000 0.000000 0.001104 0.000469 0.004852
