HEADER DATE 01-Aug-2017 13:00:25
HEADER RANDSEED 1748272826
Param True_Value Sim_Value Sim_Time Input mRNA foldedP fluo
Kb 0.002300 0.000627 0.000000 2.000000 1.380379 1.150316 3.671796
Kb 0.002300 0.000627 5.000000 2.000000 1.380379 1.150316 3.671796
Kb 0.002300 0.000627 10.000000 2.000000 1.380379 1.150316 3.671796
Kb 0.002300 0.000627 15.000000 2.000000 1.380379 1.150316 3.671796
Kb 0.002300 0.000627 20.000000 2.000000 1.380379 1.150316 3.671796
Kb 0.002300 0.000627 25.000000 2.000000 1.380379 1.150316 3.671796
Kb 0.002300 0.000627 30.000000 2.000000 1.380379 1.150316 3.671796
Kb 0.002300 0.000627 35.000000 2.000000 1.380379 1.150316 3.671796
Kb 0.002300 0.000627 40.000000 2.000000 1.380379 1.150316 3.671796
Kb 0.002300 0.000627 45.000000 2.000000 1.380379 1.150316 3.671796
Kb 0.002300 0.000627 50.000000 2.000000 1.380379 1.150316 3.671796
Kb 0.002300 0.000627 55.000000 2.000000 1.380379 1.150316 3.671796
Kb 0.002300 0.000627 60.000000 2.000000 1.380379 1.150316 3.671796
Kb 0.002300 0.000627 65.000000 2.000000 1.380379 1.150316 3.671796
Kb 0.002300 0.000627 70.000000 2.000000 1.380379 1.150316 3.671796
Kb 0.002300 0.000627 75.000000 2.000000 1.380379 1.150316 3.671796
Kb 0.002300 0.000627 80.000000 2.000000 1.380379 1.150316 3.671796
Kb 0.002300 0.000627 85.000000 2.000000 1.380379 1.150316 3.671796
Kb 0.002300 0.000627 90.000000 2.000000 1.380379 1.150316 3.671796
Kb 0.002300 0.000627 95.000000 2.000000 1.380379 1.150316 3.671796
Kb 0.002300 0.000627 100.000000 2.000000 1.380379 1.150316 3.671796
Kb 0.002300 0.000627 105.000000 2.000000 1.380379 1.150316 3.671796
Kb 0.002300 0.000627 110.000000 2.000000 1.380379 1.150316 3.671796
Kb 0.002300 0.000627 115.000000 2.000000 1.380379 1.150316 3.671796
Kb 0.002300 0.000627 120.000000 2.000000 1.380379 1.150316 3.671796
Kb 0.002300 0.000627 125.000000 2.000000 1.380379 1.150316 3.671796
Kb 0.002300 0.000627 130.000000 2.000000 1.380379 1.150316 3.671796
Kb 0.002300 0.000627 135.000000 2.000000 1.380379 1.150316 3.671796
Kb 0.002300 0.000627 140.000000 2.000000 1.380379 1.150316 3.671796
Kb 0.002300 0.000627 145.000000 2.000000 1.380379 1.150316 3.671796
Kb 0.002300 0.000627 150.000000 2.000000 1.380379 1.150316 3.671796
Kb 0.002300 0.000627 155.000000 2.000000 1.380379 1.150316 3.671796
Kb 0.002300 0.000627 160.000000 2.000000 1.380379 1.150316 3.671796
Kb 0.002300 0.000627 165.000000 2.000000 1.380379 1.150316 3.671796
Kb 0.002300 0.000627 170.000000 2.000000 1.380379 1.150316 3.671796
Kb 0.002300 0.000627 175.000000 2.000000 1.380379 1.150316 3.671796
Kb 0.002300 0.000627 180.000000 2.000000 1.380379 1.150316 3.671796
Kb 0.002300 0.000627 185.000000 2.000000 1.380379 1.150316 3.671796
Kb 0.002300 0.000627 190.000000 2.000000 1.380379 1.150316 3.671796
Kb 0.002300 0.000627 195.000000 2.000000 1.380379 1.150316 3.671796
Kb 0.002300 0.000627 200.000000 2.000000 1.380379 1.150316 3.671796
Kb 0.002300 0.000627 205.000000 2.000000 1.380379 1.150316 3.671796
Kb 0.002300 0.000627 210.000000 2.000000 1.380379 1.150316 3.671796
Kb 0.002300 0.000627 215.000000 2.000000 1.380379 1.150316 3.671796
Kb 0.002300 0.000627 220.000000 2.000000 1.380379 1.150316 3.671796
Kb 0.002300 0.000627 225.000000 2.000000 1.380379 1.150316 3.671796
Kb 0.002300 0.000627 230.000000 2.000000 1.380379 1.150316 3.671796
Kb 0.002300 0.000627 235.000000 2.000000 1.380379 1.150316 3.671796
Kb 0.002300 0.000627 240.000000 2.000000 1.380379 1.150316 3.671796
Kb 0.002300 0.000627 245.000000 2.000000 1.380379 1.150316 3.671796
Kb 0.002300 0.000627 250.000000 2.000000 1.380379 1.150316 3.671796
Kb 0.002300 0.000627 255.000000 2.000000 1.380379 1.150316 3.671796
Kb 0.002300 0.000627 260.000000 2.000000 1.380379 1.150316 3.671796
Kb 0.002300 0.000627 265.000000 2.000000 1.380379 1.150316 3.671796
Kb 0.002300 0.000627 270.000000 2.000000 1.380379 1.150316 3.671796
Kb 0.002300 0.000627 275.000000 2.000000 1.380379 1.150316 3.671796
Kb 0.002300 0.000627 280.000000 2.000000 1.380379 1.150316 3.671796
Kb 0.002300 0.000627 285.000000 2.000000 1.380379 1.150316 3.671796
Kb 0.002300 0.000627 290.000000 2.000000 1.380379 1.150316 3.671796
Kb 0.002300 0.000627 295.000000 2.000000 1.380379 1.150316 3.671796
Kb 0.002300 0.000627 300.000000 2.000000 1.380379 1.150316 3.671796
Kb 0.002300 0.000627 305.000000 0.000000 1.188257 1.145491 3.671780
Kb 0.002300 0.000627 310.000000 0.000000 1.022897 1.132296 3.671672
Kb 0.002300 0.000627 315.000000 0.000000 0.880569 1.112422 3.671398
Kb 0.002300 0.000627 320.000000 0.000000 0.758067 1.087297 3.670899
Kb 0.002300 0.000627 325.000000 0.000000 0.652627 1.058119 3.670130
Kb 0.002300 0.000627 330.000000 0.000000 0.561875 1.025891 3.669056
Kb 0.002300 0.000627 335.000000 0.000000 0.483764 0.991454 3.667652
Kb 0.002300 0.000627 340.000000 0.000000 0.416533 0.955505 3.665900
Kb 0.002300 0.000627 345.000000 0.000000 0.358666 0.918622 3.663790
Kb 0.002300 0.000627 350.000000 0.000000 0.308861 0.881281 3.661315
Kb 0.002300 0.000627 355.000000 0.000000 0.265993 0.843871 3.658475
Kb 0.002300 0.000627 360.000000 0.000000 0.229096 0.806710 3.655271
Kb 0.002300 0.000627 365.000000 0.000000 0.197338 0.770051 3.651708
Kb 0.002300 0.000627 370.000000 0.000000 0.170005 0.734097 3.647794
Kb 0.002300 0.000627 375.000000 0.000000 0.146478 0.699006 3.643537
Kb 0.002300 0.000627 380.000000 0.000000 0.126229 0.664899 3.638949
Kb 0.002300 0.000627 385.000000 0.000000 0.108800 0.631866 3.634039
Kb 0.002300 0.000627 390.000000 0.000000 0.093799 0.599973 3.628820
Kb 0.002300 0.000627 395.000000 0.000000 0.080887 0.569261 3.623306
Kb 0.002300 0.000627 400.000000 0.000000 0.069774 0.539756 3.617507
Kb 0.002300 0.000627 405.000000 0.000000 0.060209 0.511469 3.611439
Kb 0.002300 0.000627 410.000000 0.000000 0.051976 0.484398 3.605113
Kb 0.002300 0.000627 415.000000 0.000000 0.044890 0.458533 3.598543
Kb 0.002300 0.000627 420.000000 0.000000 0.038791 0.433856 3.591740
Kb 0.002300 0.000627 425.000000 0.000000 0.033541 0.410341 3.584719
Kb 0.002300 0.000627 430.000000 0.000000 0.029023 0.387959 3.577491
Kb 0.002300 0.000627 435.000000 0.000000 0.025134 0.366676 3.570067
Kb 0.002300 0.000627 440.000000 0.000000 0.021787 0.346459 3.562459
Kb 0.002300 0.000627 445.000000 0.000000 0.018906 0.327267 3.554678
Kb 0.002300 0.000627 450.000000 0.000000 0.016427 0.309064 3.546735
Kb 0.002300 0.000627 455.000000 0.000000 0.014292 0.291809 3.538640
Kb 0.002300 0.000627 460.000000 0.000000 0.012455 0.275463 3.530403
Kb 0.002300 0.000627 465.000000 0.000000 0.010874 0.259986 3.522032
Kb 0.002300 0.000627 470.000000 0.000000 0.009513 0.245339 3.513537
Kb 0.002300 0.000627 475.000000 0.000000 0.008342 0.231484 3.504927
Kb 0.002300 0.000627 480.000000 0.000000 0.007334 0.218383 3.496209
Kb 0.002300 0.000627 485.000000 0.000000 0.006466 0.205999 3.487391
Kb 0.002300 0.000627 490.000000 0.000000 0.005719 0.194298 3.478480
Kb 0.002300 0.000627 495.000000 0.000000 0.005076 0.183244 3.469484
Kb 0.002300 0.000627 500.000000 0.000000 0.004523 0.172805 3.460409
Kb 0.002300 0.000627 505.000000 0.000000 0.004047 0.162949 3.451260
Kb 0.002300 0.000627 510.000000 0.000000 0.003637 0.153646 3.442045
Kb 0.002300 0.000627 515.000000 0.000000 0.003284 0.144866 3.432768
Kb 0.002300 0.000627 520.000000 0.000000 0.002980 0.136582 3.423435
Kb 0.002300 0.000627 525.000000 0.000000 0.002719 0.128766 3.414051
Kb 0.002300 0.000627 530.000000 0.000000 0.002494 0.121393 3.404621
Kb 0.002300 0.000627 535.000000 0.000000 0.002301 0.114440 3.395148
Kb 0.002300 0.000627 540.000000 0.000000 0.002134 0.107883 3.385638
Kb 0.002300 0.000627 545.000000 0.000000 0.001990 0.101700 3.376094
Kb 0.002300 0.000627 550.000000 0.000000 0.001867 0.095871 3.366520
Kb 0.002300 0.000627 555.000000 0.000000 0.001761 0.090376 3.356919
Kb 0.002300 0.000627 560.000000 0.000000 0.001669 0.085196 3.347295
Kb 0.002300 0.000627 565.000000 0.000000 0.001591 0.080314 3.337651
Kb 0.002300 0.000627 570.000000 0.000000 0.001523 0.075712 3.327989
Kb 0.002300 0.000627 575.000000 0.000000 0.001464 0.071375 3.318314
Kb 0.002300 0.000627 580.000000 0.000000 0.001414 0.067289 3.308626
Kb 0.002300 0.000627 585.000000 0.000000 0.001371 0.063438 3.298929
Kb 0.002300 0.000627 590.000000 0.000000 0.001334 0.059809 3.289226
Kb 0.002300 0.000627 595.000000 0.000000 0.001302 0.056390 3.279517
Kb 0.002300 0.000627 600.000000 0.000000 0.001274 0.053168 3.269806
Kb 0.002300 0.000627 605.000000 0.000000 0.001251 0.050133 3.260093
Kb 0.002300 0.000627 610.000000 0.000000 0.001230 0.047274 3.250382
Kb 0.002300 0.000627 615.000000 0.000000 0.001213 0.044580 3.240674
Kb 0.002300 0.000627 620.000000 0.000000 0.001198 0.042043 3.230969
Kb 0.002300 0.000627 625.000000 0.000000 0.001185 0.039652 3.221271
Kb 0.002300 0.000627 630.000000 0.000000 0.001173 0.037400 3.211579
Kb 0.002300 0.000627 635.000000 0.000000 0.001164 0.035279 3.201896
Kb 0.002300 0.000627 640.000000 0.000000 0.001155 0.033281 3.192223
Kb 0.002300 0.000627 645.000000 0.000000 0.001148 0.031398 3.182561
Kb 0.002300 0.000627 650.000000 0.000000 0.001142 0.029625 3.172911
Kb 0.002300 0.000627 655.000000 0.000000 0.001137 0.027956 3.163273
Kb 0.002300 0.000627 660.000000 0.000000 0.001132 0.026383 3.153650
Kb 0.002300 0.000627 665.000000 0.000000 0.001128 0.024901 3.144041
Kb 0.002300 0.000627 670.000000 0.000000 0.001125 0.023506 3.134449
Kb 0.002300 0.000627 675.000000 0.000000 0.001122 0.022191 3.124872
Kb 0.002300 0.000627 680.000000 0.000000 0.001120 0.020953 3.115313
Kb 0.002300 0.000627 685.000000 0.000000 0.001117 0.019787 3.105772
Kb 0.002300 0.000627 690.000000 0.000000 0.001115 0.018689 3.096249
Kb 0.002300 0.000627 695.000000 0.000000 0.001114 0.017655 3.086746
Kb 0.002300 0.000627 700.000000 0.000000 0.001113 0.016681 3.077262
Kb 0.002300 0.000627 705.000000 0.000000 0.001111 0.015763 3.067799
Kb 0.002300 0.000627 710.000000 0.000000 0.001110 0.014899 3.058356
Kb 0.002300 0.000627 715.000000 0.000000 0.001109 0.014086 3.048934
Kb 0.002300 0.000627 720.000000 0.000000 0.001109 0.013319 3.039534
Kb 0.002300 0.000627 725.000000 0.000000 0.001108 0.012597 3.030156
Kb 0.002300 0.000627 730.000000 0.000000 0.001107 0.011917 3.020800
Kb 0.002300 0.000627 735.000000 0.000000 0.001107 0.011277 3.011467
Kb 0.002300 0.000627 740.000000 0.000000 0.001107 0.010674 3.002157
Kb 0.002300 0.000627 745.000000 0.000000 0.001106 0.010106 2.992870
Kb 0.002300 0.000627 750.000000 0.000000 0.001106 0.009571 2.983606
Kb 0.002300 0.000627 755.000000 0.000000 0.001106 0.009068 2.974367
Kb 0.002300 0.000627 760.000000 0.000000 0.001105 0.008593 2.965151
Kb 0.002300 0.000627 765.000000 0.000000 0.001105 0.008146 2.955960
Kb 0.002300 0.000627 770.000000 0.000000 0.001105 0.007726 2.946793
Kb 0.002300 0.000627 775.000000 0.000000 0.001105 0.007329 2.937651
Kb 0.002300 0.000627 780.000000 0.000000 0.001105 0.006956 2.928534
Kb 0.002300 0.000627 785.000000 0.000000 0.001105 0.006605 2.919441
Kb 0.002300 0.000627 790.000000 0.000000 0.001105 0.006274 2.910373
Kb 0.002300 0.000627 795.000000 0.000000 0.001104 0.005962 2.901331
Kb 0.002300 0.000627 800.000000 0.000000 0.001104 0.005668 2.892314
Kb 0.002300 0.000627 805.000000 0.000000 0.001104 0.005392 2.883322
Kb 0.002300 0.000627 810.000000 0.000000 0.001104 0.005131 2.874356
Kb 0.002300 0.000627 815.000000 0.000000 0.001104 0.004886 2.865415
Kb 0.002300 0.000627 820.000000 0.000000 0.001104 0.004655 2.856500
Kb 0.002300 0.000627 825.000000 0.000000 0.001104 0.004438 2.847610
Kb 0.002300 0.000627 830.000000 0.000000 0.001104 0.004233 2.838746
Kb 0.002300 0.000627 835.000000 0.000000 0.001104 0.004040 2.829908
Kb 0.002300 0.000627 840.000000 0.000000 0.001104 0.003858 2.821096
Kb 0.002300 0.000627 845.000000 0.000000 0.001104 0.003687 2.812309
Kb 0.002300 0.000627 850.000000 0.000000 0.001104 0.003526 2.803548
Kb 0.002300 0.000627 855.000000 0.000000 0.001104 0.003374 2.794813
Kb 0.002300 0.000627 860.000000 0.000000 0.001104 0.003231 2.786104
Kb 0.002300 0.000627 865.000000 0.000000 0.001104 0.003097 2.777421
Kb 0.002300 0.000627 870.000000 0.000000 0.001104 0.002970 2.768764
Kb 0.002300 0.000627 875.000000 0.000000 0.001104 0.002851 2.760132
Kb 0.002300 0.000627 880.000000 0.000000 0.001104 0.002738 2.751527
Kb 0.002300 0.000627 885.000000 0.000000 0.001104 0.002632 2.742947
Kb 0.002300 0.000627 890.000000 0.000000 0.001104 0.002533 2.734393
Kb 0.002300 0.000627 895.000000 0.000000 0.001104 0.002439 2.725865
Kb 0.002300 0.000627 900.000000 0.000000 0.001104 0.002350 2.717362
Kb 0.002300 0.000627 905.000000 0.000000 0.001104 0.002267 2.708886
Kb 0.002300 0.000627 910.000000 0.000000 0.001104 0.002189 2.700435
Kb 0.002300 0.000627 915.000000 0.000000 0.001104 0.002115 2.692009
Kb 0.002300 0.000627 920.000000 0.000000 0.001104 0.002045 2.683610
Kb 0.002300 0.000627 925.000000 0.000000 0.001104 0.001980 2.675236
Kb 0.002300 0.000627 930.000000 0.000000 0.001104 0.001918 2.666887
Kb 0.002300 0.000627 935.000000 0.000000 0.001104 0.001860 2.658564
Kb 0.002300 0.000627 940.000000 0.000000 0.001104 0.001805 2.650266
Kb 0.002300 0.000627 945.000000 0.000000 0.001104 0.001754 2.641994
Kb 0.002300 0.000627 950.000000 0.000000 0.001104 0.001705 2.633748
Kb 0.002300 0.000627 955.000000 0.000000 0.001104 0.001659 2.625526
Kb 0.002300 0.000627 960.000000 0.000000 0.001104 0.001616 2.617330
Kb 0.002300 0.000627 965.000000 0.000000 0.001104 0.001576 2.609159
Kb 0.002300 0.000627 970.000000 0.000000 0.001104 0.001538 2.601013
Kb 0.002300 0.000627 975.000000 0.000000 0.001104 0.001502 2.592893
Kb 0.002300 0.000627 980.000000 0.000000 0.001104 0.001468 2.584797
Kb 0.002300 0.000627 985.000000 0.000000 0.001104 0.001436 2.576727
Kb 0.002300 0.000627 990.000000 0.000000 0.001104 0.001406 2.568681
Kb 0.002300 0.000627 995.000000 0.000000 0.001104 0.001378 2.560660
Kb 0.002300 0.000627 1000.000000 0.000000 0.001104 0.001351 2.552664
Kb 0.002300 0.000627 1005.000000 0.000000 0.001104 0.001326 2.544693
Kb 0.002300 0.000627 1010.000000 0.000000 0.001104 0.001302 2.536746
Kb 0.002300 0.000627 1015.000000 0.000000 0.001104 0.001280 2.528824
Kb 0.002300 0.000627 1020.000000 0.000000 0.001104 0.001259 2.520927
Kb 0.002300 0.000627 1025.000000 0.000000 0.001104 0.001239 2.513054
Kb 0.002300 0.000627 1030.000000 0.000000 0.001104 0.001221 2.505206
Kb 0.002300 0.000627 1035.000000 0.000000 0.001104 0.001203 2.497382
Kb 0.002300 0.000627 1040.000000 0.000000 0.001104 0.001187 2.489582
Kb 0.002300 0.000627 1045.000000 0.000000 0.001104 0.001171 2.481807
Kb 0.002300 0.000627 1050.000000 0.000000 0.001104 0.001156 2.474055
Kb 0.002300 0.000627 1055.000000 0.000000 0.001104 0.001143 2.466328
Kb 0.002300 0.000627 1060.000000 0.000000 0.001104 0.001130 2.458625
Kb 0.002300 0.000627 1065.000000 0.000000 0.001104 0.001118 2.450946
Kb 0.002300 0.000627 1070.000000 0.000000 0.001104 0.001106 2.443290
Kb 0.002300 0.000627 1075.000000 0.000000 0.001104 0.001095 2.435659
Kb 0.002300 0.000627 1080.000000 0.000000 0.001104 0.001085 2.428051
Kb 0.002300 0.000627 1085.000000 0.000000 0.001104 0.001075 2.420467
Kb 0.002300 0.000627 1090.000000 0.000000 0.001104 0.001066 2.412907
Kb 0.002300 0.000627 1095.000000 0.000000 0.001104 0.001058 2.405370
Kb 0.002300 0.000627 1100.000000 0.000000 0.001104 0.001050 2.397857
Kb 0.002300 0.000627 1105.000000 0.000000 0.001104 0.001042 2.390367
Kb 0.002300 0.000627 1110.000000 0.000000 0.001104 0.001035 2.382900
Kb 0.002300 0.000627 1115.000000 0.000000 0.001104 0.001028 2.375457
Kb 0.002300 0.000627 1120.000000 0.000000 0.001104 0.001022 2.368037
Kb 0.002300 0.000627 1125.000000 0.000000 0.001104 0.001016 2.360640
Kb 0.002300 0.000627 1130.000000 0.000000 0.001104 0.001011 2.353266
Kb 0.002300 0.000627 1135.000000 0.000000 0.001104 0.001005 2.345915
Kb 0.002300 0.000627 1140.000000 0.000000 0.001104 0.001000 2.338587
Kb 0.002300 0.000627 1145.000000 0.000000 0.001104 0.000996 2.331282
Kb 0.002300 0.000627 1150.000000 0.000000 0.001104 0.000991 2.324000
Kb 0.002300 0.000627 1155.000000 0.000000 0.001104 0.000987 2.316741
Kb 0.002300 0.000627 1160.000000 0.000000 0.001104 0.000983 2.309504
Kb 0.002300 0.000627 1165.000000 0.000000 0.001104 0.000980 2.302290
Kb 0.002300 0.000627 1170.000000 0.000000 0.001104 0.000976 2.295098
Kb 0.002300 0.000627 1175.000000 0.000000 0.001104 0.000973 2.287929
Kb 0.002300 0.000627 1180.000000 0.000000 0.001104 0.000970 2.280782
Kb 0.002300 0.000627 1185.000000 0.000000 0.001104 0.000967 2.273658
Kb 0.002300 0.000627 1190.000000 0.000000 0.001104 0.000964 2.266555
Kb 0.002300 0.000627 1195.000000 0.000000 0.001104 0.000962 2.259475
Kb 0.002300 0.000627 1200.000000 0.000000 0.001104 0.000959 2.252417
Kb 0.002300 0.000627 1205.000000 0.000000 0.001104 0.000957 2.245382
Kb 0.002300 0.000627 1210.000000 0.000000 0.001104 0.000955 2.238368
Kb 0.002300 0.000627 1215.000000 0.000000 0.001104 0.000953 2.231376
Kb 0.002300 0.000627 1220.000000 0.000000 0.001104 0.000951 2.224406
Kb 0.002300 0.000627 1225.000000 0.000000 0.001104 0.000949 2.217457
Kb 0.002300 0.000627 1230.000000 0.000000 0.001104 0.000947 2.210531
Kb 0.002300 0.000627 1235.000000 0.000000 0.001104 0.000946 2.203626
Kb 0.002300 0.000627 1240.000000 0.000000 0.001104 0.000944 2.196742
Kb 0.002300 0.000627 1245.000000 0.000000 0.001104 0.000943 2.189880
Kb 0.002300 0.000627 1250.000000 0.000000 0.001104 0.000942 2.183040
Kb 0.002300 0.000627 1255.000000 0.000000 0.001104 0.000940 2.176221
Kb 0.002300 0.000627 1260.000000 0.000000 0.001104 0.000939 2.169423
Kb 0.002300 0.000627 1265.000000 0.000000 0.001104 0.000938 2.162647
Kb 0.002300 0.000627 1270.000000 0.000000 0.001104 0.000937 2.155892
Kb 0.002300 0.000627 1275.000000 0.000000 0.001104 0.000936 2.149157
Kb 0.002300 0.000627 1280.000000 0.000000 0.001104 0.000935 2.142444
Kb 0.002300 0.000627 1285.000000 0.000000 0.001104 0.000934 2.135752
Kb 0.002300 0.000627 1290.000000 0.000000 0.001104 0.000933 2.129081
Kb 0.002300 0.000627 1295.000000 0.000000 0.001104 0.000933 2.122431
Kb 0.002300 0.000627 1300.000000 0.000000 0.001104 0.000932 2.115801
Kb 0.002300 0.000627 1305.000000 0.000000 0.001104 0.000931 2.109192
Kb 0.002300 0.000627 1310.000000 0.000000 0.001104 0.000930 2.102604
Kb 0.002300 0.000627 1315.000000 0.000000 0.001104 0.000930 2.096037
Kb 0.002300 0.000627 1320.000000 0.000000 0.001104 0.000929 2.089490
Kb 0.002300 0.000627 1325.000000 0.000000 0.001104 0.000929 2.082963
Kb 0.002300 0.000627 1330.000000 0.000000 0.001104 0.000928 2.076457
Kb 0.002300 0.000627 1335.000000 0.000000 0.001104 0.000928 2.069971
Kb 0.002300 0.000627 1340.000000 0.000000 0.001104 0.000927 2.063506
Kb 0.002300 0.000627 1345.000000 0.000000 0.001104 0.000927 2.057061
Kb 0.002300 0.000627 1350.000000 0.000000 0.001104 0.000926 2.050635
Kb 0.002300 0.000627 1355.000000 0.000000 0.001104 0.000926 2.044230
Kb 0.002300 0.000627 1360.000000 0.000000 0.001104 0.000926 2.037845
Kb 0.002300 0.000627 1365.000000 0.000000 0.001104 0.000925 2.031480
Kb 0.002300 0.000627 1370.000000 0.000000 0.001104 0.000925 2.025135
Kb 0.002300 0.000627 1375.000000 0.000000 0.001104 0.000925 2.018810
Kb 0.002300 0.000627 1380.000000 0.000000 0.001104 0.000925 2.012505
Kb 0.002300 0.000627 1385.000000 0.000000 0.001104 0.000924 2.006219
Kb 0.002300 0.000627 1390.000000 0.000000 0.001104 0.000924 1.999953
Kb 0.002300 0.000627 1395.000000 0.000000 0.001104 0.000924 1.993706
Kb 0.002300 0.000627 1400.000000 0.000000 0.001104 0.000924 1.987479
Kb 0.002300 0.000627 1405.000000 0.000000 0.001104 0.000923 1.981272
Kb 0.002300 0.000627 1410.000000 0.000000 0.001104 0.000923 1.975084
Kb 0.002300 0.000627 1415.000000 0.000000 0.001104 0.000923 1.968915
Kb 0.002300 0.000627 1420.000000 0.000000 0.001104 0.000923 1.962765
Kb 0.002300 0.000627 1425.000000 0.000000 0.001104 0.000923 1.956635
Kb 0.002300 0.000627 1430.000000 0.000000 0.001104 0.000923 1.950524
Kb 0.002300 0.000627 1435.000000 0.000000 0.001104 0.000922 1.944432
Kb 0.002300 0.000627 1440.000000 0.000000 0.001104 0.000922 1.938359
Kb 0.002300 0.000627 1445.000000 0.000000 0.001104 0.000922 1.932306
Kb 0.002300 0.000627 1450.000000 0.000000 0.001104 0.000922 1.926271
Kb 0.002300 0.000627 1455.000000 0.000000 0.001104 0.000922 1.920255
Kb 0.002300 0.000627 1460.000000 0.000000 0.001104 0.000922 1.914257
Kb 0.002300 0.000627 1465.000000 0.000000 0.001104 0.000922 1.908279
Kb 0.002300 0.000627 1470.000000 0.000000 0.001104 0.000922 1.902319
Kb 0.002300 0.000627 1475.000000 0.000000 0.001104 0.000922 1.896378
Kb 0.002300 0.000627 1480.000000 0.000000 0.001104 0.000922 1.890455
Kb 0.002300 0.000627 1485.000000 0.000000 0.001104 0.000921 1.884551
Kb 0.002300 0.000627 1490.000000 0.000000 0.001104 0.000921 1.878666
Kb 0.002300 0.000627 1495.000000 0.000000 0.001104 0.000921 1.872799
Kb 0.002300 0.000627 1500.000000 0.000000 0.001104 0.000921 1.866950
Kb 0.002300 0.000627 1505.000000 0.000000 0.001104 0.000921 1.861119
Kb 0.002300 0.000627 1510.000000 0.000000 0.001104 0.000921 1.855307
Kb 0.002300 0.000627 1515.000000 0.000000 0.001104 0.000921 1.849513
Kb 0.002300 0.000627 1520.000000 0.000000 0.001104 0.000921 1.843737
Kb 0.002300 0.000627 1525.000000 0.000000 0.001104 0.000921 1.837979
Kb 0.002300 0.000627 1530.000000 0.000000 0.001104 0.000921 1.832239
Kb 0.002300 0.000627 1535.000000 0.000000 0.001104 0.000921 1.826517
Kb 0.002300 0.000627 1540.000000 0.000000 0.001104 0.000921 1.820813
Kb 0.002300 0.000627 1545.000000 0.000000 0.001104 0.000921 1.815127
Kb 0.002300 0.000627 1550.000000 0.000000 0.001104 0.000921 1.809459
Kb 0.002300 0.000627 1555.000000 0.000000 0.001104 0.000921 1.803808
Kb 0.002300 0.000627 1560.000000 0.000000 0.001104 0.000921 1.798175
Kb 0.002300 0.000627 1565.000000 0.000000 0.001104 0.000921 1.792559
Kb 0.002300 0.000627 1570.000000 0.000000 0.001104 0.000921 1.786962
Kb 0.002300 0.000627 1575.000000 0.000000 0.001104 0.000920 1.781381
Kb 0.002300 0.000627 1580.000000 0.000000 0.001104 0.000920 1.775818
Kb 0.002300 0.000627 1585.000000 0.000000 0.001104 0.000920 1.770273
Kb 0.002300 0.000627 1590.000000 0.000000 0.001104 0.000920 1.764745
Kb 0.002300 0.000627 1595.000000 0.000000 0.001104 0.000920 1.759234
Kb 0.002300 0.000627 1600.000000 0.000000 0.001104 0.000920 1.753740
Kb 0.002300 0.000627 1605.000000 0.000000 0.001104 0.000920 1.748264
Kb 0.002300 0.000627 1610.000000 0.000000 0.001104 0.000920 1.742805
Kb 0.002300 0.000627 1615.000000 0.000000 0.001104 0.000920 1.737363
Kb 0.002300 0.000627 1620.000000 0.000000 0.001104 0.000920 1.731937
Kb 0.002300 0.000627 1625.000000 0.000000 0.001104 0.000920 1.726529
Kb 0.002300 0.000627 1630.000000 0.000000 0.001104 0.000920 1.721138
Kb 0.002300 0.000627 1635.000000 0.000000 0.001104 0.000920 1.715763
Kb 0.002300 0.000627 1640.000000 0.000000 0.001104 0.000920 1.710406
Kb 0.002300 0.000627 1645.000000 0.000000 0.001104 0.000920 1.705065
Kb 0.002300 0.000627 1650.000000 0.000000 0.001104 0.000920 1.699741
Kb 0.002300 0.000627 1655.000000 0.000000 0.001104 0.000920 1.694433
Kb 0.002300 0.000627 1660.000000 0.000000 0.001104 0.000920 1.689142
Kb 0.002300 0.000627 1665.000000 0.000000 0.001104 0.000920 1.683868
Kb 0.002300 0.000627 1670.000000 0.000000 0.001104 0.000920 1.678610
Kb 0.002300 0.000627 1675.000000 0.000000 0.001104 0.000920 1.673369
Kb 0.002300 0.000627 1680.000000 0.000000 0.001104 0.000920 1.668144
Kb 0.002300 0.000627 1685.000000 0.000000 0.001104 0.000920 1.662935
Kb 0.002300 0.000627 1690.000000 0.000000 0.001104 0.000920 1.657743
Kb 0.002300 0.000627 1695.000000 0.000000 0.001104 0.000920 1.652567
Kb 0.002300 0.000627 1700.000000 0.000000 0.001104 0.000920 1.647407
Kb 0.002300 0.000627 1705.000000 0.000000 0.001104 0.000920 1.642263
Kb 0.002300 0.000627 1710.000000 0.000000 0.001104 0.000920 1.637135
Kb 0.002300 0.000627 1715.000000 0.000000 0.001104 0.000920 1.632023
Kb 0.002300 0.000627 1720.000000 0.000000 0.001104 0.000920 1.626928
Kb 0.002300 0.000627 1725.000000 0.000000 0.001104 0.000920 1.621848
Kb 0.002300 0.000627 1730.000000 0.000000 0.001104 0.000920 1.616784
Kb 0.002300 0.000627 1735.000000 0.000000 0.001104 0.000920 1.611736
Kb 0.002300 0.000627 1740.000000 0.000000 0.001104 0.000920 1.606704
Kb 0.002300 0.000627 1745.000000 0.000000 0.001104 0.000920 1.601687
Kb 0.002300 0.000627 1750.000000 0.000000 0.001104 0.000920 1.596687
Kb 0.002300 0.000627 1755.000000 0.000000 0.001104 0.000920 1.591701
Kb 0.002300 0.000627 1760.000000 0.000000 0.001104 0.000920 1.586732
Kb 0.002300 0.000627 1765.000000 0.000000 0.001104 0.000920 1.581778
Kb 0.002300 0.000627 1770.000000 0.000000 0.001104 0.000920 1.576839
Kb 0.002300 0.000627 1775.000000 0.000000 0.001104 0.000920 1.571916
Kb 0.002300 0.000627 1780.000000 0.000000 0.001104 0.000920 1.567009
Kb 0.002300 0.000627 1785.000000 0.000000 0.001104 0.000920 1.562116
Kb 0.002300 0.000627 1790.000000 0.000000 0.001104 0.000920 1.557239
Kb 0.002300 0.000627 1795.000000 0.000000 0.001104 0.000920 1.552378
Kb 0.002300 0.000627 1800.000000 0.000000 0.001104 0.000920 1.547531
Kb 0.002300 0.000627 1805.000000 0.000000 0.001104 0.000920 1.542700
Kb 0.002300 0.000627 1810.000000 0.000000 0.001104 0.000920 1.537883
Kb 0.002300 0.000627 1815.000000 0.000000 0.001104 0.000920 1.533082
Kb 0.002300 0.000627 1820.000000 0.000000 0.001104 0.000920 1.528296
Kb 0.002300 0.000627 1825.000000 0.000000 0.001104 0.000920 1.523525
Kb 0.002300 0.000627 1830.000000 0.000000 0.001104 0.000920 1.518768
Kb 0.002300 0.000627 1835.000000 0.000000 0.001104 0.000920 1.514027
Kb 0.002300 0.000627 1840.000000 0.000000 0.001104 0.000920 1.509300
Kb 0.002300 0.000627 1845.000000 0.000000 0.001104 0.000920 1.504588
Kb 0.002300 0.000627 1850.000000 0.000000 0.001104 0.000920 1.499891
Kb 0.002300 0.000627 1855.000000 0.000000 0.001104 0.000920 1.495209
Kb 0.002300 0.000627 1860.000000 0.000000 0.001104 0.000920 1.490541
Kb 0.002300 0.000627 1865.000000 0.000000 0.001104 0.000920 1.485888
Kb 0.002300 0.000627 1870.000000 0.000000 0.001104 0.000920 1.481250
Kb 0.002300 0.000627 1875.000000 0.000000 0.001104 0.000920 1.476625
Kb 0.002300 0.000627 1880.000000 0.000000 0.001104 0.000920 1.472016
Kb 0.002300 0.000627 1885.000000 0.000000 0.001104 0.000920 1.467421
Kb 0.002300 0.000627 1890.000000 0.000000 0.001104 0.000920 1.462840
Kb 0.002300 0.000627 1895.000000 0.000000 0.001104 0.000920 1.458273
Kb 0.002300 0.000627 1900.000000 0.000000 0.001104 0.000920 1.453721
Kb 0.002300 0.000627 1905.000000 0.000000 0.001104 0.000920 1.449183
Kb 0.002300 0.000627 1910.000000 0.000000 0.001104 0.000920 1.444659
Kb 0.002300 0.000627 1915.000000 0.000000 0.001104 0.000920 1.440150
Kb 0.002300 0.000627 1920.000000 0.000000 0.001104 0.000920 1.435654
Kb 0.002300 0.000627 1925.000000 0.000000 0.001104 0.000920 1.431173
Kb 0.002300 0.000627 1930.000000 0.000000 0.001104 0.000920 1.426705
Kb 0.002300 0.000627 1935.000000 0.000000 0.001104 0.000920 1.422252
Kb 0.002300 0.000627 1940.000000 0.000000 0.001104 0.000920 1.417812
Kb 0.002300 0.000627 1945.000000 0.000000 0.001104 0.000920 1.413387
Kb 0.002300 0.000627 1950.000000 0.000000 0.001104 0.000920 1.408975
Kb 0.002300 0.000627 1955.000000 0.000000 0.001104 0.000920 1.404577
Kb 0.002300 0.000627 1960.000000 0.000000 0.001104 0.000920 1.400193
Kb 0.002300 0.000627 1965.000000 0.000000 0.001104 0.000920 1.395822
Kb 0.002300 0.000627 1970.000000 0.000000 0.001104 0.000920 1.391465
Kb 0.002300 0.000627 1975.000000 0.000000 0.001104 0.000920 1.387122
Kb 0.002300 0.000627 1980.000000 0.000000 0.001104 0.000920 1.382792
Kb 0.002300 0.000627 1985.000000 0.000000 0.001104 0.000920 1.378476
Kb 0.002300 0.000627 1990.000000 0.000000 0.001104 0.000920 1.374174
Kb 0.002300 0.000627 1995.000000 0.000000 0.001104 0.000920 1.369885
Kb 0.002300 0.000627 2000.000000 0.000000 0.001104 0.000920 1.365609
Kb 0.002300 0.000627 2005.000000 0.000000 0.001104 0.000920 1.361346
Kb 0.002300 0.000627 2010.000000 0.000000 0.001104 0.000920 1.357097
Kb 0.002300 0.000627 2015.000000 0.000000 0.001104 0.000920 1.352862
Kb 0.002300 0.000627 2020.000000 0.000000 0.001104 0.000920 1.348639
Kb 0.002300 0.000627 2025.000000 0.000000 0.001104 0.000920 1.344430
Kb 0.002300 0.000627 2030.000000 0.000000 0.001104 0.000920 1.340234
Kb 0.002300 0.000627 2035.000000 0.000000 0.001104 0.000920 1.336051
Kb 0.002300 0.000627 2040.000000 0.000000 0.001104 0.000920 1.331881
Kb 0.002300 0.000627 2045.000000 0.000000 0.001104 0.000920 1.327724
Kb 0.002300 0.000627 2050.000000 0.000000 0.001104 0.000920 1.323580
Kb 0.002300 0.000627 2055.000000 0.000000 0.001104 0.000920 1.319449
Kb 0.002300 0.000627 2060.000000 0.000000 0.001104 0.000920 1.315331
Kb 0.002300 0.000627 2065.000000 0.000000 0.001104 0.000920 1.311226
Kb 0.002300 0.000627 2070.000000 0.000000 0.001104 0.000920 1.307134
Kb 0.002300 0.000627 2075.000000 0.000000 0.001104 0.000920 1.303055
Kb 0.002300 0.000627 2080.000000 0.000000 0.001104 0.000920 1.298988
Kb 0.002300 0.000627 2085.000000 0.000000 0.001104 0.000920 1.294934
Kb 0.002300 0.000627 2090.000000 0.000000 0.001104 0.000920 1.290893
Kb 0.002300 0.000627 2095.000000 0.000000 0.001104 0.000920 1.286864
Kb 0.002300 0.000627 2100.000000 0.000000 0.001104 0.000920 1.282848
Kb 0.002300 0.000627 2105.000000 0.000000 0.001104 0.000920 1.278844
Kb 0.002300 0.000627 2110.000000 0.000000 0.001104 0.000920 1.274853
Kb 0.002300 0.000627 2115.000000 0.000000 0.001104 0.000920 1.270875
Kb 0.002300 0.000627 2120.000000 0.000000 0.001104 0.000920 1.266909
Kb 0.002300 0.000627 2125.000000 0.000000 0.001104 0.000920 1.262955
Kb 0.002300 0.000627 2130.000000 0.000000 0.001104 0.000920 1.259014
Kb 0.002300 0.000627 2135.000000 0.000000 0.001104 0.000920 1.255085
Kb 0.002300 0.000627 2140.000000 0.000000 0.001104 0.000920 1.251168
Kb 0.002300 0.000627 2145.000000 0.000000 0.001104 0.000920 1.247264
Kb 0.002300 0.000627 2150.000000 0.000000 0.001104 0.000920 1.243372
Kb 0.002300 0.000627 2155.000000 0.000000 0.001104 0.000920 1.239492
Kb 0.002300 0.000627 2160.000000 0.000000 0.001104 0.000920 1.235624
Kb 0.002300 0.000627 2165.000000 0.000000 0.001104 0.000920 1.231768
Kb 0.002300 0.000627 2170.000000 0.000000 0.001104 0.000920 1.227924
Kb 0.002300 0.000627 2175.000000 0.000000 0.001104 0.000920 1.224093
Kb 0.002300 0.000627 2180.000000 0.000000 0.001104 0.000920 1.220273
Kb 0.002300 0.000627 2185.000000 0.000000 0.001104 0.000920 1.216465
Kb 0.002300 0.000627 2190.000000 0.000000 0.001104 0.000920 1.212669
Kb 0.002300 0.000627 2195.000000 0.000000 0.001104 0.000920 1.208886
Kb 0.002300 0.000627 2200.000000 0.000000 0.001104 0.000920 1.205113
Kb 0.002300 0.000627 2205.000000 0.000000 0.001104 0.000920 1.201353
Kb 0.002300 0.000627 2210.000000 0.000000 0.001104 0.000920 1.197604
Kb 0.002300 0.000627 2215.000000 0.000000 0.001104 0.000920 1.193868
Kb 0.002300 0.000627 2220.000000 0.000000 0.001104 0.000920 1.190142
Kb 0.002300 0.000627 2225.000000 0.000000 0.001104 0.000920 1.186429
Kb 0.002300 0.000627 2230.000000 0.000000 0.001104 0.000920 1.182727
Kb 0.002300 0.000627 2235.000000 0.000000 0.001104 0.000920 1.179037
Kb 0.002300 0.000627 2240.000000 0.000000 0.001104 0.000920 1.175358
Kb 0.002300 0.000627 2245.000000 0.000000 0.001104 0.000920 1.171691
Kb 0.002300 0.000627 2250.000000 0.000000 0.001104 0.000920 1.168035
Kb 0.002300 0.000627 2255.000000 0.000000 0.001104 0.000920 1.164391
Kb 0.002300 0.000627 2260.000000 0.000000 0.001104 0.000920 1.160758
Kb 0.002300 0.000627 2265.000000 0.000000 0.001104 0.000920 1.157136
Kb 0.002300 0.000627 2270.000000 0.000000 0.001104 0.000920 1.153526
Kb 0.002300 0.000627 2275.000000 0.000000 0.001104 0.000920 1.149927
Kb 0.002300 0.000627 2280.000000 0.000000 0.001104 0.000920 1.146339
Kb 0.002300 0.000627 2285.000000 0.000000 0.001104 0.000920 1.142763
Kb 0.002300 0.000627 2290.000000 0.000000 0.001104 0.000920 1.139197
Kb 0.002300 0.000627 2295.000000 0.000000 0.001104 0.000920 1.135643
Kb 0.002300 0.000627 2300.000000 0.000000 0.001104 0.000920 1.132100
Kb 0.002300 0.000627 2305.000000 0.000000 0.001104 0.000920 1.128568
Kb 0.002300 0.000627 2310.000000 0.000000 0.001104 0.000920 1.125047
Kb 0.002300 0.000627 2315.000000 0.000000 0.001104 0.000920 1.121537
Kb 0.002300 0.000627 2320.000000 0.000000 0.001104 0.000920 1.118038
Kb 0.002300 0.000627 2325.000000 0.000000 0.001104 0.000920 1.114550
Kb 0.002300 0.000627 2330.000000 0.000000 0.001104 0.000920 1.111073
Kb 0.002300 0.000627 2335.000000 0.000000 0.001104 0.000920 1.107607
Kb 0.002300 0.000627 2340.000000 0.000000 0.001104 0.000920 1.104152
Kb 0.002300 0.000627 2345.000000 0.000000 0.001104 0.000920 1.100707
Kb 0.002300 0.000627 2350.000000 0.000000 0.001104 0.000920 1.097274
Kb 0.002300 0.000627 2355.000000 0.000000 0.001104 0.000920 1.093850
Kb 0.002300 0.000627 2360.000000 0.000000 0.001104 0.000920 1.090438
Kb 0.002300 0.000627 2365.000000 0.000000 0.001104 0.000920 1.087037
Kb 0.002300 0.000627 2370.000000 0.000000 0.001104 0.000920 1.083646
Kb 0.002300 0.000627 2375.000000 0.000000 0.001104 0.000920 1.080265
Kb 0.002300 0.000627 2380.000000 0.000000 0.001104 0.000920 1.076895
Kb 0.002300 0.000627 2385.000000 0.000000 0.001104 0.000920 1.073536
Kb 0.002300 0.000627 2390.000000 0.000000 0.001104 0.000920 1.070187
Kb 0.002300 0.000627 2395.000000 0.000000 0.001104 0.000920 1.066849
Kb 0.002300 0.000627 2400.000000 0.000000 0.001104 0.000920 1.063521
Kb 0.002300 0.000627 2405.000000 0.000000 0.001104 0.000920 1.060204
Kb 0.002300 0.000627 2410.000000 0.000000 0.001104 0.000920 1.056897
Kb 0.002300 0.000627 2415.000000 0.000000 0.001104 0.000920 1.053600
Kb 0.002300 0.000627 2420.000000 0.000000 0.001104 0.000920 1.050313
Kb 0.002300 0.000627 2425.000000 0.000000 0.001104 0.000920 1.047037
Kb 0.002300 0.000627 2430.000000 0.000000 0.001104 0.000920 1.043771
Kb 0.002300 0.000627 2435.000000 0.000000 0.001104 0.000920 1.040516
Kb 0.002300 0.000627 2440.000000 0.000000 0.001104 0.000920 1.037270
Kb 0.002300 0.000627 2445.000000 0.000000 0.001104 0.000920 1.034035
Kb 0.002300 0.000627 2450.000000 0.000000 0.001104 0.000920 1.030810
Kb 0.002300 0.000627 2455.000000 0.000000 0.001104 0.000920 1.027595
Kb 0.002300 0.000627 2460.000000 0.000000 0.001104 0.000920 1.024390
Kb 0.002300 0.000627 2465.000000 0.000000 0.001104 0.000920 1.021195
Kb 0.002300 0.000627 2470.000000 0.000000 0.001104 0.000920 1.018009
Kb 0.002300 0.000627 2475.000000 0.000000 0.001104 0.000920 1.014834
Kb 0.002300 0.000627 2480.000000 0.000000 0.001104 0.000920 1.011669
Kb 0.002300 0.000627 2485.000000 0.000000 0.001104 0.000920 1.008514
Kb 0.002300 0.000627 2490.000000 0.000000 0.001104 0.000920 1.005369
Kb 0.002300 0.000627 2495.000000 0.000000 0.001104 0.000920 1.002233
Kb 0.002300 0.000627 2500.000000 0.000000 0.001104 0.000920 0.999107
Kb 0.002300 0.000627 2505.000000 0.000000 0.001104 0.000920 0.995991
Kb 0.002300 0.000627 2510.000000 0.000000 0.001104 0.000920 0.992885
Kb 0.002300 0.000627 2515.000000 0.000000 0.001104 0.000920 0.989789
Kb 0.002300 0.000627 2520.000000 0.000000 0.001104 0.000920 0.986702
Kb 0.002300 0.000627 2525.000000 0.000000 0.001104 0.000920 0.983625
Kb 0.002300 0.000627 2530.000000 0.000000 0.001104 0.000920 0.980557
Kb 0.002300 0.000627 2535.000000 0.000000 0.001104 0.000920 0.977499
Kb 0.002300 0.000627 2540.000000 0.000000 0.001104 0.000920 0.974451
Kb 0.002300 0.000627 2545.000000 0.000000 0.001104 0.000920 0.971412
Kb 0.002300 0.000627 2550.000000 0.000000 0.001104 0.000920 0.968383
Kb 0.002300 0.000627 2555.000000 0.000000 0.001104 0.000920 0.965363
Kb 0.002300 0.000627 2560.000000 0.000000 0.001104 0.000920 0.962352
Kb 0.002300 0.000627 2565.000000 0.000000 0.001104 0.000920 0.959351
Kb 0.002300 0.000627 2570.000000 0.000000 0.001104 0.000920 0.956360
Kb 0.002300 0.000627 2575.000000 0.000000 0.001104 0.000920 0.953377
Kb 0.002300 0.000627 2580.000000 0.000000 0.001104 0.000920 0.950405
Kb 0.002300 0.000627 2585.000000 0.000000 0.001104 0.000920 0.947441
Kb 0.002300 0.000627 2590.000000 0.000000 0.001104 0.000920 0.944487
Kb 0.002300 0.000627 2595.000000 0.000000 0.001104 0.000920 0.941541
Kb 0.002300 0.000627 2600.000000 0.000000 0.001104 0.000920 0.938606
Kb 0.002300 0.000627 2605.000000 0.000000 0.001104 0.000920 0.935679
Kb 0.002300 0.000627 2610.000000 0.000000 0.001104 0.000920 0.932761
Kb 0.002300 0.000627 2615.000000 0.000000 0.001104 0.000920 0.929853
Kb 0.002300 0.000627 2620.000000 0.000000 0.001104 0.000920 0.926954
Kb 0.002300 0.000627 2625.000000 0.000000 0.001104 0.000920 0.924063
Kb 0.002300 0.000627 2630.000000 0.000000 0.001104 0.000920 0.921182
Kb 0.002300 0.000627 2635.000000 0.000000 0.001104 0.000920 0.918310
Kb 0.002300 0.000627 2640.000000 0.000000 0.001104 0.000920 0.915447
Kb 0.002300 0.000627 2645.000000 0.000000 0.001104 0.000920 0.912592
Kb 0.002300 0.000627 2650.000000 0.000000 0.001104 0.000920 0.909747
Kb 0.002300 0.000627 2655.000000 0.000000 0.001104 0.000920 0.906911
Kb 0.002300 0.000627 2660.000000 0.000000 0.001104 0.000920 0.904083
Kb 0.002300 0.000627 2665.000000 0.000000 0.001104 0.000920 0.901264
Kb 0.002300 0.000627 2670.000000 0.000000 0.001104 0.000920 0.898454
Kb 0.002300 0.000627 2675.000000 0.000000 0.001104 0.000920 0.895653
Kb 0.002300 0.000627 2680.000000 0.000000 0.001104 0.000920 0.892861
Kb 0.002300 0.000627 2685.000000 0.000000 0.001104 0.000920 0.890077
Kb 0.002300 0.000627 2690.000000 0.000000 0.001104 0.000920 0.887302
Kb 0.002300 0.000627 2695.000000 0.000000 0.001104 0.000920 0.884536
Kb 0.002300 0.000627 2700.000000 0.000000 0.001104 0.000920 0.881778
Kb 0.002300 0.000627 2705.000000 0.000000 0.001104 0.000920 0.879029
Kb 0.002300 0.000627 2710.000000 0.000000 0.001104 0.000920 0.876289
Kb 0.002300 0.000627 2715.000000 0.000000 0.001104 0.000920 0.873557
Kb 0.002300 0.000627 2720.000000 0.000000 0.001104 0.000920 0.870834
Kb 0.002300 0.000627 2725.000000 0.000000 0.001104 0.000920 0.868119
Kb 0.002300 0.000627 2730.000000 0.000000 0.001104 0.000920 0.865413
Kb 0.002300 0.000627 2735.000000 0.000000 0.001104 0.000920 0.862715
Kb 0.002300 0.000627 2740.000000 0.000000 0.001104 0.000920 0.860026
Kb 0.002300 0.000627 2745.000000 0.000000 0.001104 0.000920 0.857345
Kb 0.002300 0.000627 2750.000000 0.000000 0.001104 0.000920 0.854672
Kb 0.002300 0.000627 2755.000000 0.000000 0.001104 0.000920 0.852008
Kb 0.002300 0.000627 2760.000000 0.000000 0.001104 0.000920 0.849352
Kb 0.002300 0.000627 2765.000000 0.000000 0.001104 0.000920 0.846705
Kb 0.002300 0.000627 2770.000000 0.000000 0.001104 0.000920 0.844066
Kb 0.002300 0.000627 2775.000000 0.000000 0.001104 0.000920 0.841435
Kb 0.002300 0.000627 2780.000000 0.000000 0.001104 0.000920 0.838812
Kb 0.002300 0.000627 2785.000000 0.000000 0.001104 0.000920 0.836197
Kb 0.002300 0.000627 2790.000000 0.000000 0.001104 0.000920 0.833591
Kb 0.002300 0.000627 2795.000000 0.000000 0.001104 0.000920 0.830993
Kb 0.002300 0.000627 2800.000000 0.000000 0.001104 0.000920 0.828403
Kb 0.002300 0.000627 2805.000000 0.000000 0.001104 0.000920 0.825821
Kb 0.002300 0.000627 2810.000000 0.000000 0.001104 0.000920 0.823247
Kb 0.002300 0.000627 2815.000000 0.000000 0.001104 0.000920 0.820681
Kb 0.002300 0.000627 2820.000000 0.000000 0.001104 0.000920 0.818123
Kb 0.002300 0.000627 2825.000000 0.000000 0.001104 0.000920 0.815573
Kb 0.002300 0.000627 2830.000000 0.000000 0.001104 0.000920 0.813031
Kb 0.002300 0.000627 2835.000000 0.000000 0.001104 0.000920 0.810497
Kb 0.002300 0.000627 2840.000000 0.000000 0.001104 0.000920 0.807971
Kb 0.002300 0.000627 2845.000000 0.000000 0.001104 0.000920 0.805453
Kb 0.002300 0.000627 2850.000000 0.000000 0.001104 0.000920 0.802943
Kb 0.002300 0.000627 2855.000000 0.000000 0.001104 0.000920 0.800441
Kb 0.002300 0.000627 2860.000000 0.000000 0.001104 0.000920 0.797946
Kb 0.002300 0.000627 2865.000000 0.000000 0.001104 0.000920 0.795459
Kb 0.002300 0.000627 2870.000000 0.000000 0.001104 0.000920 0.792980
Kb 0.002300 0.000627 2875.000000 0.000000 0.001104 0.000920 0.790509
Kb 0.002300 0.000627 2880.000000 0.000000 0.001104 0.000920 0.788046
Kb 0.002300 0.000627 2885.000000 0.000000 0.001104 0.000920 0.785590
Kb 0.002300 0.000627 2890.000000 0.000000 0.001104 0.000920 0.783142
Kb 0.002300 0.000627 2895.000000 0.000000 0.001104 0.000920 0.780701
Kb 0.002300 0.000627 2900.000000 0.000000 0.001104 0.000920 0.778269
Kb 0.002300 0.000627 2905.000000 0.000000 0.001104 0.000920 0.775843
Kb 0.002300 0.000627 2910.000000 0.000000 0.001104 0.000920 0.773426
Kb 0.002300 0.000627 2915.000000 0.000000 0.001104 0.000920 0.771016
Kb 0.002300 0.000627 2920.000000 0.000000 0.001104 0.000920 0.768613
Kb 0.002300 0.000627 2925.000000 0.000000 0.001104 0.000920 0.766218
Kb 0.002300 0.000627 2930.000000 0.000000 0.001104 0.000920 0.763831
Kb 0.002300 0.000627 2935.000000 0.000000 0.001104 0.000920 0.761451
Kb 0.002300 0.000627 2940.000000 0.000000 0.001104 0.000920 0.759078
Kb 0.002300 0.000627 2945.000000 0.000000 0.001104 0.000920 0.756713
Kb 0.002300 0.000627 2950.000000 0.000000 0.001104 0.000920 0.754355
Kb 0.002300 0.000627 2955.000000 0.000000 0.001104 0.000920 0.752005
Kb 0.002300 0.000627 2960.000000 0.000000 0.001104 0.000920 0.749662
Kb 0.002300 0.000627 2965.000000 0.000000 0.001104 0.000920 0.747326
Kb 0.002300 0.000627 2970.000000 0.000000 0.001104 0.000920 0.744998
Kb 0.002300 0.000627 2975.000000 0.000000 0.001104 0.000920 0.742677
Kb 0.002300 0.000627 2980.000000 0.000000 0.001104 0.000920 0.740363
Kb 0.002300 0.000627 2985.000000 0.000000 0.001104 0.000920 0.738056
Kb 0.002300 0.000627 2990.000000 0.000000 0.001104 0.000920 0.735757
Kb 0.002300 0.000627 2995.000000 0.000000 0.001104 0.000920 0.733464
Kb 0.002300 0.000627 3000.000000 0.000000 0.001104 0.000920 0.731179
Kb 0.002300 0.000627 3005.000000 0.000000 0.001104 0.000920 0.728902
Kb 0.002300 0.000627 3010.000000 0.000000 0.001104 0.000920 0.726631
Kb 0.002300 0.000627 3015.000000 0.000000 0.001104 0.000920 0.724367
Kb 0.002300 0.000627 3020.000000 0.000000 0.001104 0.000920 0.722110
Kb 0.002300 0.000627 3025.000000 0.000000 0.001104 0.000920 0.719861
Kb 0.002300 0.000627 3030.000000 0.000000 0.001104 0.000920 0.717618
Kb 0.002300 0.000627 3035.000000 0.000000 0.001104 0.000920 0.715383
Kb 0.002300 0.000627 3040.000000 0.000000 0.001104 0.000920 0.713155
Kb 0.002300 0.000627 3045.000000 0.000000 0.001104 0.000920 0.710933
Kb 0.002300 0.000627 3050.000000 0.000000 0.001104 0.000920 0.708718
Kb 0.002300 0.000627 3055.000000 0.000000 0.001104 0.000920 0.706511
Kb 0.002300 0.000627 3060.000000 0.000000 0.001104 0.000920 0.704310
Kb 0.002300 0.000627 3065.000000 0.000000 0.001104 0.000920 0.702116
Kb 0.002300 0.000627 3070.000000 0.000000 0.001104 0.000920 0.699929
Kb 0.002300 0.000627 3075.000000 0.000000 0.001104 0.000920 0.697749
Kb 0.002300 0.000627 3080.000000 0.000000 0.001104 0.000920 0.695576
Kb 0.002300 0.000627 3085.000000 0.000000 0.001104 0.000920 0.693409
Kb 0.002300 0.000627 3090.000000 0.000000 0.001104 0.000920 0.691249
Kb 0.002300 0.000627 3095.000000 0.000000 0.001104 0.000920 0.689096
Kb 0.002300 0.000627 3100.000000 0.000000 0.001104 0.000920 0.686950
Kb 0.002300 0.000627 3105.000000 0.000000 0.001104 0.000920 0.684811
Kb 0.002300 0.000627 3110.000000 0.000000 0.001104 0.000920 0.682678
Kb 0.002300 0.000627 3115.000000 0.000000 0.001104 0.000920 0.680552
Kb 0.002300 0.000627 3120.000000 0.000000 0.001104 0.000920 0.678432
Kb 0.002300 0.000627 3125.000000 0.000000 0.001104 0.000920 0.676319
Kb 0.002300 0.000627 3130.000000 0.000000 0.001104 0.000920 0.674213
Kb 0.002300 0.000627 3135.000000 0.000000 0.001104 0.000920 0.672113
Kb 0.002300 0.000627 3140.000000 0.000000 0.001104 0.000920 0.670020
Kb 0.002300 0.000627 3145.000000 0.000000 0.001104 0.000920 0.667933
Kb 0.002300 0.000627 3150.000000 0.000000 0.001104 0.000920 0.665853
Kb 0.002300 0.000627 3155.000000 0.000000 0.001104 0.000920 0.663780
Kb 0.002300 0.000627 3160.000000 0.000000 0.001104 0.000920 0.661713
Kb 0.002300 0.000627 3165.000000 0.000000 0.001104 0.000920 0.659652
Kb 0.002300 0.000627 3170.000000 0.000000 0.001104 0.000920 0.657598
Kb 0.002300 0.000627 3175.000000 0.000000 0.001104 0.000920 0.655550
Kb 0.002300 0.000627 3180.000000 0.000000 0.001104 0.000920 0.653509
Kb 0.002300 0.000627 3185.000000 0.000000 0.001104 0.000920 0.651474
Kb 0.002300 0.000627 3190.000000 0.000000 0.001104 0.000920 0.649445
Kb 0.002300 0.000627 3195.000000 0.000000 0.001104 0.000920 0.647423
Kb 0.002300 0.000627 3200.000000 0.000000 0.001104 0.000920 0.645407
Kb 0.002300 0.000627 3205.000000 0.000000 0.001104 0.000920 0.643398
Kb 0.002300 0.000627 3210.000000 0.000000 0.001104 0.000920 0.641394
Kb 0.002300 0.000627 3215.000000 0.000000 0.001104 0.000920 0.639397
Kb 0.002300 0.000627 3220.000000 0.000000 0.001104 0.000920 0.637406
Kb 0.002300 0.000627 3225.000000 0.000000 0.001104 0.000920 0.635422
Kb 0.002300 0.000627 3230.000000 0.000000 0.001104 0.000920 0.633443
Kb 0.002300 0.000627 3235.000000 0.000000 0.001104 0.000920 0.631471
Kb 0.002300 0.000627 3240.000000 0.000000 0.001104 0.000920 0.629505
Kb 0.002300 0.000627 3245.000000 0.000000 0.001104 0.000920 0.627545
Kb 0.002300 0.000627 3250.000000 0.000000 0.001104 0.000920 0.625592
Kb 0.002300 0.000627 3255.000000 0.000000 0.001104 0.000920 0.623644
Kb 0.002300 0.000627 3260.000000 0.000000 0.001104 0.000920 0.621703
Kb 0.002300 0.000627 3265.000000 0.000000 0.001104 0.000920 0.619767
Kb 0.002300 0.000627 3270.000000 0.000000 0.001104 0.000920 0.617838
Kb 0.002300 0.000627 3275.000000 0.000000 0.001104 0.000920 0.615914
Kb 0.002300 0.000627 3280.000000 0.000000 0.001104 0.000920 0.613997
Kb 0.002300 0.000627 3285.000000 0.000000 0.001104 0.000920 0.612086
Kb 0.002300 0.000627 3290.000000 0.000000 0.001104 0.000920 0.610180
Kb 0.002300 0.000627 3295.000000 0.000000 0.001104 0.000920 0.608281
Kb 0.002300 0.000627 3300.000000 0.000000 0.001104 0.000920 0.606387
Kb 0.002300 0.000627 3305.000000 0.000000 0.001104 0.000920 0.604500
Kb 0.002300 0.000627 3310.000000 0.000000 0.001104 0.000920 0.602618
Kb 0.002300 0.000627 3315.000000 0.000000 0.001104 0.000920 0.600742
Kb 0.002300 0.000627 3320.000000 0.000000 0.001104 0.000920 0.598872
Kb 0.002300 0.000627 3325.000000 0.000000 0.001104 0.000920 0.597008
Kb 0.002300 0.000627 3330.000000 0.000000 0.001104 0.000920 0.595150
Kb 0.002300 0.000627 3335.000000 0.000000 0.001104 0.000920 0.593298
Kb 0.002300 0.000627 3340.000000 0.000000 0.001104 0.000920 0.591451
Kb 0.002300 0.000627 3345.000000 0.000000 0.001104 0.000920 0.589610
Kb 0.002300 0.000627 3350.000000 0.000000 0.001104 0.000920 0.587775
Kb 0.002300 0.000627 3355.000000 0.000000 0.001104 0.000920 0.585946
Kb 0.002300 0.000627 3360.000000 0.000000 0.001104 0.000920 0.584122
Kb 0.002300 0.000627 3365.000000 0.000000 0.001104 0.000920 0.582304
Kb 0.002300 0.000627 3370.000000 0.000000 0.001104 0.000920 0.580492
Kb 0.002300 0.000627 3375.000000 0.000000 0.001104 0.000920 0.578686
Kb 0.002300 0.000627 3380.000000 0.000000 0.001104 0.000920 0.576885
Kb 0.002300 0.000627 3385.000000 0.000000 0.001104 0.000920 0.575089
Kb 0.002300 0.000627 3390.000000 0.000000 0.001104 0.000920 0.573300
Kb 0.002300 0.000627 3395.000000 0.000000 0.001104 0.000920 0.571516
Kb 0.002300 0.000627 3400.000000 0.000000 0.001104 0.000920 0.569737
Kb 0.002300 0.000627 3405.000000 0.000000 0.001104 0.000920 0.567964
Kb 0.002300 0.000627 3410.000000 0.000000 0.001104 0.000920 0.566197
Kb 0.002300 0.000627 3415.000000 0.000000 0.001104 0.000920 0.564435
Kb 0.002300 0.000627 3420.000000 0.000000 0.001104 0.000920 0.562679
Kb 0.002300 0.000627 3425.000000 0.000000 0.001104 0.000920 0.560928
Kb 0.002300 0.000627 3430.000000 0.000000 0.001104 0.000920 0.559183
Kb 0.002300 0.000627 3435.000000 0.000000 0.001104 0.000920 0.557443
Kb 0.002300 0.000627 3440.000000 0.000000 0.001104 0.000920 0.555708
Kb 0.002300 0.000627 3445.000000 0.000000 0.001104 0.000920 0.553979
Kb 0.002300 0.000627 3450.000000 0.000000 0.001104 0.000920 0.552256
Kb 0.002300 0.000627 3455.000000 0.000000 0.001104 0.000920 0.550537
Kb 0.002300 0.000627 3460.000000 0.000000 0.001104 0.000920 0.548824
Kb 0.002300 0.000627 3465.000000 0.000000 0.001104 0.000920 0.547117
Kb 0.002300 0.000627 3470.000000 0.000000 0.001104 0.000920 0.545415
Kb 0.002300 0.000627 3475.000000 0.000000 0.001104 0.000920 0.543718
Kb 0.002300 0.000627 3480.000000 0.000000 0.001104 0.000920 0.542026
Kb 0.002300 0.000627 3485.000000 0.000000 0.001104 0.000920 0.540340
Kb 0.002300 0.000627 3490.000000 0.000000 0.001104 0.000920 0.538659
Kb 0.002300 0.000627 3495.000000 0.000000 0.001104 0.000920 0.536983
Kb 0.002300 0.000627 3500.000000 0.000000 0.001104 0.000920 0.535313
Kb 0.002300 0.000627 3505.000000 0.000000 0.001104 0.000920 0.533648
Kb 0.002300 0.000627 3510.000000 0.000000 0.001104 0.000920 0.531988
Kb 0.002300 0.000627 3515.000000 0.000000 0.001104 0.000920 0.530333
Kb 0.002300 0.000627 3520.000000 0.000000 0.001104 0.000920 0.528683
Kb 0.002300 0.000627 3525.000000 0.000000 0.001104 0.000920 0.527039
Kb 0.002300 0.000627 3530.000000 0.000000 0.001104 0.000920 0.525399
Kb 0.002300 0.000627 3535.000000 0.000000 0.001104 0.000920 0.523765
Kb 0.002300 0.000627 3540.000000 0.000000 0.001104 0.000920 0.522136
Kb 0.002300 0.000627 3545.000000 0.000000 0.001104 0.000920 0.520512
Kb 0.002300 0.000627 3550.000000 0.000000 0.001104 0.000920 0.518893
Kb 0.002300 0.000627 3555.000000 0.000000 0.001104 0.000920 0.517279
Kb 0.002300 0.000627 3560.000000 0.000000 0.001104 0.000920 0.515670
Kb 0.002300 0.000627 3565.000000 0.000000 0.001104 0.000920 0.514067
Kb 0.002300 0.000627 3570.000000 0.000000 0.001104 0.000920 0.512468
Kb 0.002300 0.000627 3575.000000 0.000000 0.001104 0.000920 0.510874
Kb 0.002300 0.000627 3580.000000 0.000000 0.001104 0.000920 0.509285
Kb 0.002300 0.000627 3585.000000 0.000000 0.001104 0.000920 0.507701
Kb 0.002300 0.000627 3590.000000 0.000000 0.001104 0.000920 0.506123
Kb 0.002300 0.000627 3595.000000 0.000000 0.001104 0.000920 0.504549
Kb 0.002300 0.000627 3600.000000 0.000000 0.001104 0.000920 0.502980
