HEADER DATE 01-Aug-2017 12:31:59
HEADER RANDSEED 1748102208
Param True_Value Sim_Value Sim_Time Input mRNA foldedP fluo
d1 0.030000 0.126564 0.000000 2.000000 0.327198 0.272665 0.237100
d1 0.030000 0.126564 5.000000 2.000000 0.327198 0.272665 0.237100
d1 0.030000 0.126564 10.000000 2.000000 0.327198 0.272665 0.237100
d1 0.030000 0.126564 15.000000 2.000000 0.327198 0.272665 0.237100
d1 0.030000 0.126564 20.000000 2.000000 0.327198 0.272665 0.237100
d1 0.030000 0.126564 25.000000 2.000000 0.327198 0.272665 0.237100
d1 0.030000 0.126564 30.000000 2.000000 0.327198 0.272665 0.237100
d1 0.030000 0.126564 35.000000 2.000000 0.327198 0.272665 0.237100
d1 0.030000 0.126564 40.000000 2.000000 0.327198 0.272665 0.237100
d1 0.030000 0.126564 45.000000 2.000000 0.327198 0.272665 0.237100
d1 0.030000 0.126564 50.000000 2.000000 0.327198 0.272665 0.237100
d1 0.030000 0.126564 55.000000 2.000000 0.327198 0.272665 0.237100
d1 0.030000 0.126564 60.000000 2.000000 0.327198 0.272665 0.237100
d1 0.030000 0.126564 65.000000 2.000000 0.327198 0.272665 0.237100
d1 0.030000 0.126564 70.000000 2.000000 0.327198 0.272665 0.237100
d1 0.030000 0.126564 75.000000 2.000000 0.327198 0.272665 0.237100
d1 0.030000 0.126564 80.000000 2.000000 0.327198 0.272665 0.237100
d1 0.030000 0.126564 85.000000 2.000000 0.327198 0.272665 0.237100
d1 0.030000 0.126564 90.000000 2.000000 0.327198 0.272665 0.237100
d1 0.030000 0.126564 95.000000 2.000000 0.327198 0.272665 0.237100
d1 0.030000 0.126564 100.000000 2.000000 0.327198 0.272665 0.237100
d1 0.030000 0.126564 105.000000 2.000000 0.327198 0.272665 0.237100
d1 0.030000 0.126564 110.000000 2.000000 0.327198 0.272665 0.237100
d1 0.030000 0.126564 115.000000 2.000000 0.327198 0.272665 0.237100
d1 0.030000 0.126564 120.000000 2.000000 0.327198 0.272665 0.237100
d1 0.030000 0.126564 125.000000 2.000000 0.327198 0.272665 0.237100
d1 0.030000 0.126564 130.000000 2.000000 0.327198 0.272665 0.237100
d1 0.030000 0.126564 135.000000 2.000000 0.327198 0.272665 0.237100
d1 0.030000 0.126564 140.000000 2.000000 0.327198 0.272665 0.237100
d1 0.030000 0.126564 145.000000 2.000000 0.327198 0.272665 0.237100
d1 0.030000 0.126564 150.000000 2.000000 0.327198 0.272665 0.237100
d1 0.030000 0.126564 155.000000 2.000000 0.327198 0.272665 0.237100
d1 0.030000 0.126564 160.000000 2.000000 0.327198 0.272665 0.237100
d1 0.030000 0.126564 165.000000 2.000000 0.327198 0.272665 0.237100
d1 0.030000 0.126564 170.000000 2.000000 0.327198 0.272665 0.237100
d1 0.030000 0.126564 175.000000 2.000000 0.327198 0.272665 0.237100
d1 0.030000 0.126564 180.000000 2.000000 0.327198 0.272665 0.237100
d1 0.030000 0.126564 185.000000 2.000000 0.327198 0.272665 0.237100
d1 0.030000 0.126564 190.000000 2.000000 0.327198 0.272665 0.237100
d1 0.030000 0.126564 195.000000 2.000000 0.327198 0.272665 0.237100
d1 0.030000 0.126564 200.000000 2.000000 0.327198 0.272665 0.237100
d1 0.030000 0.126564 205.000000 2.000000 0.327198 0.272665 0.237100
d1 0.030000 0.126564 210.000000 2.000000 0.327198 0.272665 0.237100
d1 0.030000 0.126564 215.000000 2.000000 0.327198 0.272665 0.237100
d1 0.030000 0.126564 220.000000 2.000000 0.327198 0.272665 0.237100
d1 0.030000 0.126564 225.000000 2.000000 0.327198 0.272665 0.237100
d1 0.030000 0.126564 230.000000 2.000000 0.327198 0.272665 0.237100
d1 0.030000 0.126564 235.000000 2.000000 0.327198 0.272665 0.237100
d1 0.030000 0.126564 240.000000 2.000000 0.327198 0.272665 0.237100
d1 0.030000 0.126564 245.000000 2.000000 0.327198 0.272665 0.237100
d1 0.030000 0.126564 250.000000 2.000000 0.327198 0.272665 0.237100
d1 0.030000 0.126564 255.000000 2.000000 0.327198 0.272665 0.237100
d1 0.030000 0.126564 260.000000 2.000000 0.327198 0.272665 0.237100
d1 0.030000 0.126564 265.000000 2.000000 0.327198 0.272665 0.237100
d1 0.030000 0.126564 270.000000 2.000000 0.327198 0.272665 0.237100
d1 0.030000 0.126564 275.000000 2.000000 0.327198 0.272665 0.237100
d1 0.030000 0.126564 280.000000 2.000000 0.327198 0.272665 0.237100
d1 0.030000 0.126564 285.000000 2.000000 0.327198 0.272665 0.237100
d1 0.030000 0.126564 290.000000 2.000000 0.327198 0.272665 0.237100
d1 0.030000 0.126564 295.000000 2.000000 0.327198 0.272665 0.237100
d1 0.030000 0.126564 300.000000 2.000000 0.327198 0.272665 0.237100
d1 0.030000 0.126564 305.000000 0.000000 0.173895 0.268519 0.237085
d1 0.030000 0.126564 310.000000 0.000000 0.092476 0.259118 0.237000
d1 0.030000 0.126564 315.000000 0.000000 0.049236 0.247347 0.236809
d1 0.030000 0.126564 320.000000 0.000000 0.026272 0.234711 0.236498
d1 0.030000 0.126564 325.000000 0.000000 0.014076 0.221987 0.236064
d1 0.030000 0.126564 330.000000 0.000000 0.007598 0.209567 0.235510
d1 0.030000 0.126564 335.000000 0.000000 0.004158 0.197639 0.234841
d1 0.030000 0.126564 340.000000 0.000000 0.002331 0.186282 0.234064
d1 0.030000 0.126564 345.000000 0.000000 0.001361 0.175520 0.233186
d1 0.030000 0.126564 350.000000 0.000000 0.000845 0.165351 0.232213
d1 0.030000 0.126564 355.000000 0.000000 0.000572 0.155755 0.231154
d1 0.030000 0.126564 360.000000 0.000000 0.000426 0.146709 0.230014
d1 0.030000 0.126564 365.000000 0.000000 0.000349 0.138184 0.228800
d1 0.030000 0.126564 370.000000 0.000000 0.000308 0.130152 0.227517
d1 0.030000 0.126564 375.000000 0.000000 0.000286 0.122587 0.226172
d1 0.030000 0.126564 380.000000 0.000000 0.000275 0.115462 0.224769
d1 0.030000 0.126564 385.000000 0.000000 0.000269 0.108751 0.223313
d1 0.030000 0.126564 390.000000 0.000000 0.000265 0.102431 0.221809
d1 0.030000 0.126564 395.000000 0.000000 0.000264 0.096478 0.220261
d1 0.030000 0.126564 400.000000 0.000000 0.000263 0.090873 0.218674
d1 0.030000 0.126564 405.000000 0.000000 0.000262 0.085593 0.217051
d1 0.030000 0.126564 410.000000 0.000000 0.000262 0.080622 0.215395
d1 0.030000 0.126564 415.000000 0.000000 0.000262 0.075939 0.213710
d1 0.030000 0.126564 420.000000 0.000000 0.000262 0.071530 0.211999
d1 0.030000 0.126564 425.000000 0.000000 0.000262 0.067377 0.210266
d1 0.030000 0.126564 430.000000 0.000000 0.000262 0.063466 0.208512
d1 0.030000 0.126564 435.000000 0.000000 0.000262 0.059783 0.206740
d1 0.030000 0.126564 440.000000 0.000000 0.000262 0.056314 0.204953
d1 0.030000 0.126564 445.000000 0.000000 0.000262 0.053047 0.203153
d1 0.030000 0.126564 450.000000 0.000000 0.000262 0.049971 0.201342
d1 0.030000 0.126564 455.000000 0.000000 0.000262 0.047073 0.199522
d1 0.030000 0.126564 460.000000 0.000000 0.000262 0.044345 0.197695
d1 0.030000 0.126564 465.000000 0.000000 0.000262 0.041775 0.195863
d1 0.030000 0.126564 470.000000 0.000000 0.000262 0.039355 0.194026
d1 0.030000 0.126564 475.000000 0.000000 0.000262 0.037076 0.192188
d1 0.030000 0.126564 480.000000 0.000000 0.000262 0.034929 0.190348
d1 0.030000 0.126564 485.000000 0.000000 0.000262 0.032908 0.188509
d1 0.030000 0.126564 490.000000 0.000000 0.000262 0.031004 0.186671
d1 0.030000 0.126564 495.000000 0.000000 0.000262 0.029211 0.184836
d1 0.030000 0.126564 500.000000 0.000000 0.000262 0.027523 0.183004
d1 0.030000 0.126564 505.000000 0.000000 0.000262 0.025933 0.181177
d1 0.030000 0.126564 510.000000 0.000000 0.000262 0.024435 0.179356
d1 0.030000 0.126564 515.000000 0.000000 0.000262 0.023025 0.177541
d1 0.030000 0.126564 520.000000 0.000000 0.000262 0.021697 0.175733
d1 0.030000 0.126564 525.000000 0.000000 0.000262 0.020446 0.173933
d1 0.030000 0.126564 530.000000 0.000000 0.000262 0.019268 0.172142
d1 0.030000 0.126564 535.000000 0.000000 0.000262 0.018159 0.170360
d1 0.030000 0.126564 540.000000 0.000000 0.000262 0.017114 0.168587
d1 0.030000 0.126564 545.000000 0.000000 0.000262 0.016130 0.166825
d1 0.030000 0.126564 550.000000 0.000000 0.000262 0.015203 0.165073
d1 0.030000 0.126564 555.000000 0.000000 0.000262 0.014331 0.163332
d1 0.030000 0.126564 560.000000 0.000000 0.000262 0.013509 0.161603
d1 0.030000 0.126564 565.000000 0.000000 0.000262 0.012735 0.159885
d1 0.030000 0.126564 570.000000 0.000000 0.000262 0.012006 0.158180
d1 0.030000 0.126564 575.000000 0.000000 0.000262 0.011320 0.156488
d1 0.030000 0.126564 580.000000 0.000000 0.000262 0.010673 0.154808
d1 0.030000 0.126564 585.000000 0.000000 0.000262 0.010064 0.153141
d1 0.030000 0.126564 590.000000 0.000000 0.000262 0.009491 0.151487
d1 0.030000 0.126564 595.000000 0.000000 0.000262 0.008951 0.149846
d1 0.030000 0.126564 600.000000 0.000000 0.000262 0.008442 0.148219
d1 0.030000 0.126564 605.000000 0.000000 0.000262 0.007963 0.146606
d1 0.030000 0.126564 610.000000 0.000000 0.000262 0.007512 0.145007
d1 0.030000 0.126564 615.000000 0.000000 0.000262 0.007088 0.143421
d1 0.030000 0.126564 620.000000 0.000000 0.000262 0.006688 0.141850
d1 0.030000 0.126564 625.000000 0.000000 0.000262 0.006311 0.140292
d1 0.030000 0.126564 630.000000 0.000000 0.000262 0.005956 0.138749
d1 0.030000 0.126564 635.000000 0.000000 0.000262 0.005622 0.137220
d1 0.030000 0.126564 640.000000 0.000000 0.000262 0.005307 0.135706
d1 0.030000 0.126564 645.000000 0.000000 0.000262 0.005011 0.134205
d1 0.030000 0.126564 650.000000 0.000000 0.000262 0.004732 0.132719
d1 0.030000 0.126564 655.000000 0.000000 0.000262 0.004469 0.131247
d1 0.030000 0.126564 660.000000 0.000000 0.000262 0.004221 0.129790
d1 0.030000 0.126564 665.000000 0.000000 0.000262 0.003988 0.128347
d1 0.030000 0.126564 670.000000 0.000000 0.000262 0.003769 0.126918
d1 0.030000 0.126564 675.000000 0.000000 0.000262 0.003562 0.125503
d1 0.030000 0.126564 680.000000 0.000000 0.000262 0.003367 0.124102
d1 0.030000 0.126564 685.000000 0.000000 0.000262 0.003184 0.122716
d1 0.030000 0.126564 690.000000 0.000000 0.000262 0.003011 0.121343
d1 0.030000 0.126564 695.000000 0.000000 0.000262 0.002848 0.119985
d1 0.030000 0.126564 700.000000 0.000000 0.000262 0.002695 0.118641
d1 0.030000 0.126564 705.000000 0.000000 0.000262 0.002551 0.117310
d1 0.030000 0.126564 710.000000 0.000000 0.000262 0.002415 0.115994
d1 0.030000 0.126564 715.000000 0.000000 0.000262 0.002287 0.114691
d1 0.030000 0.126564 720.000000 0.000000 0.000262 0.002167 0.113401
d1 0.030000 0.126564 725.000000 0.000000 0.000262 0.002053 0.112126
d1 0.030000 0.126564 730.000000 0.000000 0.000262 0.001946 0.110864
d1 0.030000 0.126564 735.000000 0.000000 0.000262 0.001846 0.109615
d1 0.030000 0.126564 740.000000 0.000000 0.000262 0.001751 0.108379
d1 0.030000 0.126564 745.000000 0.000000 0.000262 0.001662 0.107157
d1 0.030000 0.126564 750.000000 0.000000 0.000262 0.001578 0.105948
d1 0.030000 0.126564 755.000000 0.000000 0.000262 0.001498 0.104752
d1 0.030000 0.126564 760.000000 0.000000 0.000262 0.001424 0.103569
d1 0.030000 0.126564 765.000000 0.000000 0.000262 0.001354 0.102398
d1 0.030000 0.126564 770.000000 0.000000 0.000262 0.001288 0.101240
d1 0.030000 0.126564 775.000000 0.000000 0.000262 0.001225 0.100095
d1 0.030000 0.126564 780.000000 0.000000 0.000262 0.001167 0.098963
d1 0.030000 0.126564 785.000000 0.000000 0.000262 0.001111 0.097842
d1 0.030000 0.126564 790.000000 0.000000 0.000262 0.001059 0.096734
d1 0.030000 0.126564 795.000000 0.000000 0.000262 0.001010 0.095639
d1 0.030000 0.126564 800.000000 0.000000 0.000262 0.000964 0.094555
d1 0.030000 0.126564 805.000000 0.000000 0.000262 0.000921 0.093483
d1 0.030000 0.126564 810.000000 0.000000 0.000262 0.000880 0.092423
d1 0.030000 0.126564 815.000000 0.000000 0.000262 0.000841 0.091375
d1 0.030000 0.126564 820.000000 0.000000 0.000262 0.000805 0.090338
d1 0.030000 0.126564 825.000000 0.000000 0.000262 0.000771 0.089313
d1 0.030000 0.126564 830.000000 0.000000 0.000262 0.000739 0.088300
d1 0.030000 0.126564 835.000000 0.000000 0.000262 0.000708 0.087297
d1 0.030000 0.126564 840.000000 0.000000 0.000262 0.000680 0.086306
d1 0.030000 0.126564 845.000000 0.000000 0.000262 0.000653 0.085326
d1 0.030000 0.126564 850.000000 0.000000 0.000262 0.000628 0.084356
d1 0.030000 0.126564 855.000000 0.000000 0.000262 0.000604 0.083398
d1 0.030000 0.126564 860.000000 0.000000 0.000262 0.000581 0.082450
d1 0.030000 0.126564 865.000000 0.000000 0.000262 0.000560 0.081513
d1 0.030000 0.126564 870.000000 0.000000 0.000262 0.000540 0.080587
d1 0.030000 0.126564 875.000000 0.000000 0.000262 0.000522 0.079670
d1 0.030000 0.126564 880.000000 0.000000 0.000262 0.000504 0.078765
d1 0.030000 0.126564 885.000000 0.000000 0.000262 0.000487 0.077869
d1 0.030000 0.126564 890.000000 0.000000 0.000262 0.000472 0.076983
d1 0.030000 0.126564 895.000000 0.000000 0.000262 0.000457 0.076108
d1 0.030000 0.126564 900.000000 0.000000 0.000262 0.000443 0.075242
d1 0.030000 0.126564 905.000000 0.000000 0.000262 0.000430 0.074386
d1 0.030000 0.126564 910.000000 0.000000 0.000262 0.000417 0.073540
d1 0.030000 0.126564 915.000000 0.000000 0.000262 0.000406 0.072703
d1 0.030000 0.126564 920.000000 0.000000 0.000262 0.000395 0.071876
d1 0.030000 0.126564 925.000000 0.000000 0.000262 0.000385 0.071058
d1 0.030000 0.126564 930.000000 0.000000 0.000262 0.000375 0.070249
d1 0.030000 0.126564 935.000000 0.000000 0.000262 0.000366 0.069449
d1 0.030000 0.126564 940.000000 0.000000 0.000262 0.000357 0.068659
d1 0.030000 0.126564 945.000000 0.000000 0.000262 0.000349 0.067877
d1 0.030000 0.126564 950.000000 0.000000 0.000262 0.000341 0.067105
d1 0.030000 0.126564 955.000000 0.000000 0.000262 0.000334 0.066341
d1 0.030000 0.126564 960.000000 0.000000 0.000262 0.000328 0.065585
d1 0.030000 0.126564 965.000000 0.000000 0.000262 0.000321 0.064839
d1 0.030000 0.126564 970.000000 0.000000 0.000262 0.000315 0.064101
d1 0.030000 0.126564 975.000000 0.000000 0.000262 0.000309 0.063371
d1 0.030000 0.126564 980.000000 0.000000 0.000262 0.000304 0.062649
d1 0.030000 0.126564 985.000000 0.000000 0.000262 0.000299 0.061936
d1 0.030000 0.126564 990.000000 0.000000 0.000262 0.000294 0.061231
d1 0.030000 0.126564 995.000000 0.000000 0.000262 0.000290 0.060533
d1 0.030000 0.126564 1000.000000 0.000000 0.000262 0.000286 0.059844
d1 0.030000 0.126564 1005.000000 0.000000 0.000262 0.000282 0.059163
d1 0.030000 0.126564 1010.000000 0.000000 0.000262 0.000278 0.058489
d1 0.030000 0.126564 1015.000000 0.000000 0.000262 0.000275 0.057823
d1 0.030000 0.126564 1020.000000 0.000000 0.000262 0.000271 0.057164
d1 0.030000 0.126564 1025.000000 0.000000 0.000262 0.000268 0.056514
d1 0.030000 0.126564 1030.000000 0.000000 0.000262 0.000265 0.055870
d1 0.030000 0.126564 1035.000000 0.000000 0.000262 0.000263 0.055234
d1 0.030000 0.126564 1040.000000 0.000000 0.000262 0.000260 0.054605
d1 0.030000 0.126564 1045.000000 0.000000 0.000262 0.000258 0.053983
d1 0.030000 0.126564 1050.000000 0.000000 0.000262 0.000255 0.053368
d1 0.030000 0.126564 1055.000000 0.000000 0.000262 0.000253 0.052761
d1 0.030000 0.126564 1060.000000 0.000000 0.000262 0.000251 0.052160
d1 0.030000 0.126564 1065.000000 0.000000 0.000262 0.000249 0.051566
d1 0.030000 0.126564 1070.000000 0.000000 0.000262 0.000247 0.050979
d1 0.030000 0.126564 1075.000000 0.000000 0.000262 0.000246 0.050398
d1 0.030000 0.126564 1080.000000 0.000000 0.000262 0.000244 0.049825
d1 0.030000 0.126564 1085.000000 0.000000 0.000262 0.000243 0.049257
d1 0.030000 0.126564 1090.000000 0.000000 0.000262 0.000241 0.048696
d1 0.030000 0.126564 1095.000000 0.000000 0.000262 0.000240 0.048142
d1 0.030000 0.126564 1100.000000 0.000000 0.000262 0.000239 0.047594
d1 0.030000 0.126564 1105.000000 0.000000 0.000262 0.000237 0.047052
d1 0.030000 0.126564 1110.000000 0.000000 0.000262 0.000236 0.046516
d1 0.030000 0.126564 1115.000000 0.000000 0.000262 0.000235 0.045987
d1 0.030000 0.126564 1120.000000 0.000000 0.000262 0.000234 0.045463
d1 0.030000 0.126564 1125.000000 0.000000 0.000262 0.000233 0.044946
d1 0.030000 0.126564 1130.000000 0.000000 0.000262 0.000232 0.044434
d1 0.030000 0.126564 1135.000000 0.000000 0.000262 0.000232 0.043929
d1 0.030000 0.126564 1140.000000 0.000000 0.000262 0.000231 0.043429
d1 0.030000 0.126564 1145.000000 0.000000 0.000262 0.000230 0.042934
d1 0.030000 0.126564 1150.000000 0.000000 0.000262 0.000229 0.042446
d1 0.030000 0.126564 1155.000000 0.000000 0.000262 0.000229 0.041963
d1 0.030000 0.126564 1160.000000 0.000000 0.000262 0.000228 0.041485
d1 0.030000 0.126564 1165.000000 0.000000 0.000262 0.000228 0.041013
d1 0.030000 0.126564 1170.000000 0.000000 0.000262 0.000227 0.040546
d1 0.030000 0.126564 1175.000000 0.000000 0.000262 0.000226 0.040085
d1 0.030000 0.126564 1180.000000 0.000000 0.000262 0.000226 0.039629
d1 0.030000 0.126564 1185.000000 0.000000 0.000262 0.000226 0.039178
d1 0.030000 0.126564 1190.000000 0.000000 0.000262 0.000225 0.038732
d1 0.030000 0.126564 1195.000000 0.000000 0.000262 0.000225 0.038292
d1 0.030000 0.126564 1200.000000 0.000000 0.000262 0.000224 0.037856
d1 0.030000 0.126564 1205.000000 0.000000 0.000262 0.000224 0.037425
d1 0.030000 0.126564 1210.000000 0.000000 0.000262 0.000224 0.037000
d1 0.030000 0.126564 1215.000000 0.000000 0.000262 0.000223 0.036579
d1 0.030000 0.126564 1220.000000 0.000000 0.000262 0.000223 0.036163
d1 0.030000 0.126564 1225.000000 0.000000 0.000262 0.000223 0.035752
d1 0.030000 0.126564 1230.000000 0.000000 0.000262 0.000223 0.035345
d1 0.030000 0.126564 1235.000000 0.000000 0.000262 0.000222 0.034943
d1 0.030000 0.126564 1240.000000 0.000000 0.000262 0.000222 0.034546
d1 0.030000 0.126564 1245.000000 0.000000 0.000262 0.000222 0.034153
d1 0.030000 0.126564 1250.000000 0.000000 0.000262 0.000222 0.033765
d1 0.030000 0.126564 1255.000000 0.000000 0.000262 0.000221 0.033381
d1 0.030000 0.126564 1260.000000 0.000000 0.000262 0.000221 0.033001
d1 0.030000 0.126564 1265.000000 0.000000 0.000262 0.000221 0.032626
d1 0.030000 0.126564 1270.000000 0.000000 0.000262 0.000221 0.032255
d1 0.030000 0.126564 1275.000000 0.000000 0.000262 0.000221 0.031889
d1 0.030000 0.126564 1280.000000 0.000000 0.000262 0.000221 0.031526
d1 0.030000 0.126564 1285.000000 0.000000 0.000262 0.000221 0.031168
d1 0.030000 0.126564 1290.000000 0.000000 0.000262 0.000220 0.030814
d1 0.030000 0.126564 1295.000000 0.000000 0.000262 0.000220 0.030464
d1 0.030000 0.126564 1300.000000 0.000000 0.000262 0.000220 0.030117
d1 0.030000 0.126564 1305.000000 0.000000 0.000262 0.000220 0.029775
d1 0.030000 0.126564 1310.000000 0.000000 0.000262 0.000220 0.029437
d1 0.030000 0.126564 1315.000000 0.000000 0.000262 0.000220 0.029103
d1 0.030000 0.126564 1320.000000 0.000000 0.000262 0.000220 0.028772
d1 0.030000 0.126564 1325.000000 0.000000 0.000262 0.000220 0.028445
d1 0.030000 0.126564 1330.000000 0.000000 0.000262 0.000220 0.028122
d1 0.030000 0.126564 1335.000000 0.000000 0.000262 0.000220 0.027803
d1 0.030000 0.126564 1340.000000 0.000000 0.000262 0.000219 0.027487
d1 0.030000 0.126564 1345.000000 0.000000 0.000262 0.000219 0.027175
d1 0.030000 0.126564 1350.000000 0.000000 0.000262 0.000219 0.026866
d1 0.030000 0.126564 1355.000000 0.000000 0.000262 0.000219 0.026561
d1 0.030000 0.126564 1360.000000 0.000000 0.000262 0.000219 0.026260
d1 0.030000 0.126564 1365.000000 0.000000 0.000262 0.000219 0.025962
d1 0.030000 0.126564 1370.000000 0.000000 0.000262 0.000219 0.025667
d1 0.030000 0.126564 1375.000000 0.000000 0.000262 0.000219 0.025376
d1 0.030000 0.126564 1380.000000 0.000000 0.000262 0.000219 0.025088
d1 0.030000 0.126564 1385.000000 0.000000 0.000262 0.000219 0.024803
d1 0.030000 0.126564 1390.000000 0.000000 0.000262 0.000219 0.024522
d1 0.030000 0.126564 1395.000000 0.000000 0.000262 0.000219 0.024244
d1 0.030000 0.126564 1400.000000 0.000000 0.000262 0.000219 0.023969
d1 0.030000 0.126564 1405.000000 0.000000 0.000262 0.000219 0.023697
d1 0.030000 0.126564 1410.000000 0.000000 0.000262 0.000219 0.023428
d1 0.030000 0.126564 1415.000000 0.000000 0.000262 0.000219 0.023162
d1 0.030000 0.126564 1420.000000 0.000000 0.000262 0.000219 0.022900
d1 0.030000 0.126564 1425.000000 0.000000 0.000262 0.000219 0.022640
d1 0.030000 0.126564 1430.000000 0.000000 0.000262 0.000219 0.022383
d1 0.030000 0.126564 1435.000000 0.000000 0.000262 0.000218 0.022129
d1 0.030000 0.126564 1440.000000 0.000000 0.000262 0.000218 0.021879
d1 0.030000 0.126564 1445.000000 0.000000 0.000262 0.000218 0.021631
d1 0.030000 0.126564 1450.000000 0.000000 0.000262 0.000218 0.021385
d1 0.030000 0.126564 1455.000000 0.000000 0.000262 0.000218 0.021143
d1 0.030000 0.126564 1460.000000 0.000000 0.000262 0.000218 0.020903
d1 0.030000 0.126564 1465.000000 0.000000 0.000262 0.000218 0.020667
d1 0.030000 0.126564 1470.000000 0.000000 0.000262 0.000218 0.020433
d1 0.030000 0.126564 1475.000000 0.000000 0.000262 0.000218 0.020201
d1 0.030000 0.126564 1480.000000 0.000000 0.000262 0.000218 0.019972
d1 0.030000 0.126564 1485.000000 0.000000 0.000262 0.000218 0.019746
d1 0.030000 0.126564 1490.000000 0.000000 0.000262 0.000218 0.019522
d1 0.030000 0.126564 1495.000000 0.000000 0.000262 0.000218 0.019301
d1 0.030000 0.126564 1500.000000 0.000000 0.000262 0.000218 0.019083
d1 0.030000 0.126564 1505.000000 0.000000 0.000262 0.000218 0.018867
d1 0.030000 0.126564 1510.000000 0.000000 0.000262 0.000218 0.018653
d1 0.030000 0.126564 1515.000000 0.000000 0.000262 0.000218 0.018442
d1 0.030000 0.126564 1520.000000 0.000000 0.000262 0.000218 0.018233
d1 0.030000 0.126564 1525.000000 0.000000 0.000262 0.000218 0.018027
d1 0.030000 0.126564 1530.000000 0.000000 0.000262 0.000218 0.017823
d1 0.030000 0.126564 1535.000000 0.000000 0.000262 0.000218 0.017622
d1 0.030000 0.126564 1540.000000 0.000000 0.000262 0.000218 0.017422
d1 0.030000 0.126564 1545.000000 0.000000 0.000262 0.000218 0.017225
d1 0.030000 0.126564 1550.000000 0.000000 0.000262 0.000218 0.017030
d1 0.030000 0.126564 1555.000000 0.000000 0.000262 0.000218 0.016838
d1 0.030000 0.126564 1560.000000 0.000000 0.000262 0.000218 0.016648
d1 0.030000 0.126564 1565.000000 0.000000 0.000262 0.000218 0.016459
d1 0.030000 0.126564 1570.000000 0.000000 0.000262 0.000218 0.016273
d1 0.030000 0.126564 1575.000000 0.000000 0.000262 0.000218 0.016089
d1 0.030000 0.126564 1580.000000 0.000000 0.000262 0.000218 0.015908
d1 0.030000 0.126564 1585.000000 0.000000 0.000262 0.000218 0.015728
d1 0.030000 0.126564 1590.000000 0.000000 0.000262 0.000218 0.015550
d1 0.030000 0.126564 1595.000000 0.000000 0.000262 0.000218 0.015375
d1 0.030000 0.126564 1600.000000 0.000000 0.000262 0.000218 0.015201
d1 0.030000 0.126564 1605.000000 0.000000 0.000262 0.000218 0.015029
d1 0.030000 0.126564 1610.000000 0.000000 0.000262 0.000218 0.014860
d1 0.030000 0.126564 1615.000000 0.000000 0.000262 0.000218 0.014692
d1 0.030000 0.126564 1620.000000 0.000000 0.000262 0.000218 0.014526
d1 0.030000 0.126564 1625.000000 0.000000 0.000262 0.000218 0.014362
d1 0.030000 0.126564 1630.000000 0.000000 0.000262 0.000218 0.014200
d1 0.030000 0.126564 1635.000000 0.000000 0.000262 0.000218 0.014040
d1 0.030000 0.126564 1640.000000 0.000000 0.000262 0.000218 0.013882
d1 0.030000 0.126564 1645.000000 0.000000 0.000262 0.000218 0.013725
d1 0.030000 0.126564 1650.000000 0.000000 0.000262 0.000218 0.013570
d1 0.030000 0.126564 1655.000000 0.000000 0.000262 0.000218 0.013417
d1 0.030000 0.126564 1660.000000 0.000000 0.000262 0.000218 0.013266
d1 0.030000 0.126564 1665.000000 0.000000 0.000262 0.000218 0.013116
d1 0.030000 0.126564 1670.000000 0.000000 0.000262 0.000218 0.012969
d1 0.030000 0.126564 1675.000000 0.000000 0.000262 0.000218 0.012823
d1 0.030000 0.126564 1680.000000 0.000000 0.000262 0.000218 0.012678
d1 0.030000 0.126564 1685.000000 0.000000 0.000262 0.000218 0.012535
d1 0.030000 0.126564 1690.000000 0.000000 0.000262 0.000218 0.012394
d1 0.030000 0.126564 1695.000000 0.000000 0.000262 0.000218 0.012255
d1 0.030000 0.126564 1700.000000 0.000000 0.000262 0.000218 0.012117
d1 0.030000 0.126564 1705.000000 0.000000 0.000262 0.000218 0.011980
d1 0.030000 0.126564 1710.000000 0.000000 0.000262 0.000218 0.011845
d1 0.030000 0.126564 1715.000000 0.000000 0.000262 0.000218 0.011712
d1 0.030000 0.126564 1720.000000 0.000000 0.000262 0.000218 0.011580
d1 0.030000 0.126564 1725.000000 0.000000 0.000262 0.000218 0.011450
d1 0.030000 0.126564 1730.000000 0.000000 0.000262 0.000218 0.011321
d1 0.030000 0.126564 1735.000000 0.000000 0.000262 0.000218 0.011194
d1 0.030000 0.126564 1740.000000 0.000000 0.000262 0.000218 0.011068
d1 0.030000 0.126564 1745.000000 0.000000 0.000262 0.000218 0.010944
d1 0.030000 0.126564 1750.000000 0.000000 0.000262 0.000218 0.010821
d1 0.030000 0.126564 1755.000000 0.000000 0.000262 0.000218 0.010699
d1 0.030000 0.126564 1760.000000 0.000000 0.000262 0.000218 0.010579
d1 0.030000 0.126564 1765.000000 0.000000 0.000262 0.000218 0.010460
d1 0.030000 0.126564 1770.000000 0.000000 0.000262 0.000218 0.010343
d1 0.030000 0.126564 1775.000000 0.000000 0.000262 0.000218 0.010227
d1 0.030000 0.126564 1780.000000 0.000000 0.000262 0.000218 0.010112
d1 0.030000 0.126564 1785.000000 0.000000 0.000262 0.000218 0.009999
d1 0.030000 0.126564 1790.000000 0.000000 0.000262 0.000218 0.009887
d1 0.030000 0.126564 1795.000000 0.000000 0.000262 0.000218 0.009776
d1 0.030000 0.126564 1800.000000 0.000000 0.000262 0.000218 0.009666
d1 0.030000 0.126564 1805.000000 0.000000 0.000262 0.000218 0.009558
d1 0.030000 0.126564 1810.000000 0.000000 0.000262 0.000218 0.009451
d1 0.030000 0.126564 1815.000000 0.000000 0.000262 0.000218 0.009345
d1 0.030000 0.126564 1820.000000 0.000000 0.000262 0.000218 0.009240
d1 0.030000 0.126564 1825.000000 0.000000 0.000262 0.000218 0.009137
d1 0.030000 0.126564 1830.000000 0.000000 0.000262 0.000218 0.009034
d1 0.030000 0.126564 1835.000000 0.000000 0.000262 0.000218 0.008933
d1 0.030000 0.126564 1840.000000 0.000000 0.000262 0.000218 0.008833
d1 0.030000 0.126564 1845.000000 0.000000 0.000262 0.000218 0.008734
d1 0.030000 0.126564 1850.000000 0.000000 0.000262 0.000218 0.008637
d1 0.030000 0.126564 1855.000000 0.000000 0.000262 0.000218 0.008540
d1 0.030000 0.126564 1860.000000 0.000000 0.000262 0.000218 0.008445
d1 0.030000 0.126564 1865.000000 0.000000 0.000262 0.000218 0.008350
d1 0.030000 0.126564 1870.000000 0.000000 0.000262 0.000218 0.008257
d1 0.030000 0.126564 1875.000000 0.000000 0.000262 0.000218 0.008165
d1 0.030000 0.126564 1880.000000 0.000000 0.000262 0.000218 0.008073
d1 0.030000 0.126564 1885.000000 0.000000 0.000262 0.000218 0.007983
d1 0.030000 0.126564 1890.000000 0.000000 0.000262 0.000218 0.007894
d1 0.030000 0.126564 1895.000000 0.000000 0.000262 0.000218 0.007806
d1 0.030000 0.126564 1900.000000 0.000000 0.000262 0.000218 0.007719
d1 0.030000 0.126564 1905.000000 0.000000 0.000262 0.000218 0.007633
d1 0.030000 0.126564 1910.000000 0.000000 0.000262 0.000218 0.007548
d1 0.030000 0.126564 1915.000000 0.000000 0.000262 0.000218 0.007464
d1 0.030000 0.126564 1920.000000 0.000000 0.000262 0.000218 0.007381
d1 0.030000 0.126564 1925.000000 0.000000 0.000262 0.000218 0.007298
d1 0.030000 0.126564 1930.000000 0.000000 0.000262 0.000218 0.007217
d1 0.030000 0.126564 1935.000000 0.000000 0.000262 0.000218 0.007137
d1 0.030000 0.126564 1940.000000 0.000000 0.000262 0.000218 0.007057
d1 0.030000 0.126564 1945.000000 0.000000 0.000262 0.000218 0.006979
d1 0.030000 0.126564 1950.000000 0.000000 0.000262 0.000218 0.006901
d1 0.030000 0.126564 1955.000000 0.000000 0.000262 0.000218 0.006824
d1 0.030000 0.126564 1960.000000 0.000000 0.000262 0.000218 0.006748
d1 0.030000 0.126564 1965.000000 0.000000 0.000262 0.000218 0.006674
d1 0.030000 0.126564 1970.000000 0.000000 0.000262 0.000218 0.006599
d1 0.030000 0.126564 1975.000000 0.000000 0.000262 0.000218 0.006526
d1 0.030000 0.126564 1980.000000 0.000000 0.000262 0.000218 0.006454
d1 0.030000 0.126564 1985.000000 0.000000 0.000262 0.000218 0.006382
d1 0.030000 0.126564 1990.000000 0.000000 0.000262 0.000218 0.006311
d1 0.030000 0.126564 1995.000000 0.000000 0.000262 0.000218 0.006241
d1 0.030000 0.126564 2000.000000 0.000000 0.000262 0.000218 0.006172
d1 0.030000 0.126564 2005.000000 0.000000 0.000262 0.000218 0.006104
d1 0.030000 0.126564 2010.000000 0.000000 0.000262 0.000218 0.006036
d1 0.030000 0.126564 2015.000000 0.000000 0.000262 0.000218 0.005969
d1 0.030000 0.126564 2020.000000 0.000000 0.000262 0.000218 0.005903
d1 0.030000 0.126564 2025.000000 0.000000 0.000262 0.000218 0.005838
d1 0.030000 0.126564 2030.000000 0.000000 0.000262 0.000218 0.005773
d1 0.030000 0.126564 2035.000000 0.000000 0.000262 0.000218 0.005709
d1 0.030000 0.126564 2040.000000 0.000000 0.000262 0.000218 0.005646
d1 0.030000 0.126564 2045.000000 0.000000 0.000262 0.000218 0.005584
d1 0.030000 0.126564 2050.000000 0.000000 0.000262 0.000218 0.005522
d1 0.030000 0.126564 2055.000000 0.000000 0.000262 0.000218 0.005461
d1 0.030000 0.126564 2060.000000 0.000000 0.000262 0.000218 0.005401
d1 0.030000 0.126564 2065.000000 0.000000 0.000262 0.000218 0.005341
d1 0.030000 0.126564 2070.000000 0.000000 0.000262 0.000218 0.005282
d1 0.030000 0.126564 2075.000000 0.000000 0.000262 0.000218 0.005224
d1 0.030000 0.126564 2080.000000 0.000000 0.000262 0.000218 0.005167
d1 0.030000 0.126564 2085.000000 0.000000 0.000262 0.000218 0.005110
d1 0.030000 0.126564 2090.000000 0.000000 0.000262 0.000218 0.005054
d1 0.030000 0.126564 2095.000000 0.000000 0.000262 0.000218 0.004998
d1 0.030000 0.126564 2100.000000 0.000000 0.000262 0.000218 0.004943
d1 0.030000 0.126564 2105.000000 0.000000 0.000262 0.000218 0.004889
d1 0.030000 0.126564 2110.000000 0.000000 0.000262 0.000218 0.004835
d1 0.030000 0.126564 2115.000000 0.000000 0.000262 0.000218 0.004782
d1 0.030000 0.126564 2120.000000 0.000000 0.000262 0.000218 0.004729
d1 0.030000 0.126564 2125.000000 0.000000 0.000262 0.000218 0.004677
d1 0.030000 0.126564 2130.000000 0.000000 0.000262 0.000218 0.004626
d1 0.030000 0.126564 2135.000000 0.000000 0.000262 0.000218 0.004575
d1 0.030000 0.126564 2140.000000 0.000000 0.000262 0.000218 0.004525
d1 0.030000 0.126564 2145.000000 0.000000 0.000262 0.000218 0.004476
d1 0.030000 0.126564 2150.000000 0.000000 0.000262 0.000218 0.004427
d1 0.030000 0.126564 2155.000000 0.000000 0.000262 0.000218 0.004378
d1 0.030000 0.126564 2160.000000 0.000000 0.000262 0.000218 0.004330
d1 0.030000 0.126564 2165.000000 0.000000 0.000262 0.000218 0.004283
d1 0.030000 0.126564 2170.000000 0.000000 0.000262 0.000218 0.004236
d1 0.030000 0.126564 2175.000000 0.000000 0.000262 0.000218 0.004190
d1 0.030000 0.126564 2180.000000 0.000000 0.000262 0.000218 0.004144
d1 0.030000 0.126564 2185.000000 0.000000 0.000262 0.000218 0.004099
d1 0.030000 0.126564 2190.000000 0.000000 0.000262 0.000218 0.004054
d1 0.030000 0.126564 2195.000000 0.000000 0.000262 0.000218 0.004010
d1 0.030000 0.126564 2200.000000 0.000000 0.000262 0.000218 0.003966
d1 0.030000 0.126564 2205.000000 0.000000 0.000262 0.000218 0.003923
d1 0.030000 0.126564 2210.000000 0.000000 0.000262 0.000218 0.003880
d1 0.030000 0.126564 2215.000000 0.000000 0.000262 0.000218 0.003838
d1 0.030000 0.126564 2220.000000 0.000000 0.000262 0.000218 0.003797
d1 0.030000 0.126564 2225.000000 0.000000 0.000262 0.000218 0.003755
d1 0.030000 0.126564 2230.000000 0.000000 0.000262 0.000218 0.003715
d1 0.030000 0.126564 2235.000000 0.000000 0.000262 0.000218 0.003674
d1 0.030000 0.126564 2240.000000 0.000000 0.000262 0.000218 0.003634
d1 0.030000 0.126564 2245.000000 0.000000 0.000262 0.000218 0.003595
d1 0.030000 0.126564 2250.000000 0.000000 0.000262 0.000218 0.003556
d1 0.030000 0.126564 2255.000000 0.000000 0.000262 0.000218 0.003518
d1 0.030000 0.126564 2260.000000 0.000000 0.000262 0.000218 0.003480
d1 0.030000 0.126564 2265.000000 0.000000 0.000262 0.000218 0.003442
d1 0.030000 0.126564 2270.000000 0.000000 0.000262 0.000218 0.003405
d1 0.030000 0.126564 2275.000000 0.000000 0.000262 0.000218 0.003368
d1 0.030000 0.126564 2280.000000 0.000000 0.000262 0.000218 0.003332
d1 0.030000 0.126564 2285.000000 0.000000 0.000262 0.000218 0.003296
d1 0.030000 0.126564 2290.000000 0.000000 0.000262 0.000218 0.003260
d1 0.030000 0.126564 2295.000000 0.000000 0.000262 0.000218 0.003225
d1 0.030000 0.126564 2300.000000 0.000000 0.000262 0.000218 0.003190
d1 0.030000 0.126564 2305.000000 0.000000 0.000262 0.000218 0.003156
d1 0.030000 0.126564 2310.000000 0.000000 0.000262 0.000218 0.003122
d1 0.030000 0.126564 2315.000000 0.000000 0.000262 0.000218 0.003089
d1 0.030000 0.126564 2320.000000 0.000000 0.000262 0.000218 0.003055
d1 0.030000 0.126564 2325.000000 0.000000 0.000262 0.000218 0.003023
d1 0.030000 0.126564 2330.000000 0.000000 0.000262 0.000218 0.002990
d1 0.030000 0.126564 2335.000000 0.000000 0.000262 0.000218 0.002958
d1 0.030000 0.126564 2340.000000 0.000000 0.000262 0.000218 0.002927
d1 0.030000 0.126564 2345.000000 0.000000 0.000262 0.000218 0.002895
d1 0.030000 0.126564 2350.000000 0.000000 0.000262 0.000218 0.002864
d1 0.030000 0.126564 2355.000000 0.000000 0.000262 0.000218 0.002834
d1 0.030000 0.126564 2360.000000 0.000000 0.000262 0.000218 0.002804
d1 0.030000 0.126564 2365.000000 0.000000 0.000262 0.000218 0.002774
d1 0.030000 0.126564 2370.000000 0.000000 0.000262 0.000218 0.002744
d1 0.030000 0.126564 2375.000000 0.000000 0.000262 0.000218 0.002715
d1 0.030000 0.126564 2380.000000 0.000000 0.000262 0.000218 0.002686
d1 0.030000 0.126564 2385.000000 0.000000 0.000262 0.000218 0.002658
d1 0.030000 0.126564 2390.000000 0.000000 0.000262 0.000218 0.002629
d1 0.030000 0.126564 2395.000000 0.000000 0.000262 0.000218 0.002601
d1 0.030000 0.126564 2400.000000 0.000000 0.000262 0.000218 0.002574
d1 0.030000 0.126564 2405.000000 0.000000 0.000262 0.000218 0.002547
d1 0.030000 0.126564 2410.000000 0.000000 0.000262 0.000218 0.002520
d1 0.030000 0.126564 2415.000000 0.000000 0.000262 0.000218 0.002493
d1 0.030000 0.126564 2420.000000 0.000000 0.000262 0.000218 0.002467
d1 0.030000 0.126564 2425.000000 0.000000 0.000262 0.000218 0.002441
d1 0.030000 0.126564 2430.000000 0.000000 0.000262 0.000218 0.002415
d1 0.030000 0.126564 2435.000000 0.000000 0.000262 0.000218 0.002389
d1 0.030000 0.126564 2440.000000 0.000000 0.000262 0.000218 0.002364
d1 0.030000 0.126564 2445.000000 0.000000 0.000262 0.000218 0.002339
d1 0.030000 0.126564 2450.000000 0.000000 0.000262 0.000218 0.002315
d1 0.030000 0.126564 2455.000000 0.000000 0.000262 0.000218 0.002291
d1 0.030000 0.126564 2460.000000 0.000000 0.000262 0.000218 0.002267
d1 0.030000 0.126564 2465.000000 0.000000 0.000262 0.000218 0.002243
d1 0.030000 0.126564 2470.000000 0.000000 0.000262 0.000218 0.002219
d1 0.030000 0.126564 2475.000000 0.000000 0.000262 0.000218 0.002196
d1 0.030000 0.126564 2480.000000 0.000000 0.000262 0.000218 0.002173
d1 0.030000 0.126564 2485.000000 0.000000 0.000262 0.000218 0.002150
d1 0.030000 0.126564 2490.000000 0.000000 0.000262 0.000218 0.002128
d1 0.030000 0.126564 2495.000000 0.000000 0.000262 0.000218 0.002106
d1 0.030000 0.126564 2500.000000 0.000000 0.000262 0.000218 0.002084
d1 0.030000 0.126564 2505.000000 0.000000 0.000262 0.000218 0.002062
d1 0.030000 0.126564 2510.000000 0.000000 0.000262 0.000218 0.002041
d1 0.030000 0.126564 2515.000000 0.000000 0.000262 0.000218 0.002020
d1 0.030000 0.126564 2520.000000 0.000000 0.000262 0.000218 0.001999
d1 0.030000 0.126564 2525.000000 0.000000 0.000262 0.000218 0.001978
d1 0.030000 0.126564 2530.000000 0.000000 0.000262 0.000218 0.001958
d1 0.030000 0.126564 2535.000000 0.000000 0.000262 0.000218 0.001937
d1 0.030000 0.126564 2540.000000 0.000000 0.000262 0.000218 0.001917
d1 0.030000 0.126564 2545.000000 0.000000 0.000262 0.000218 0.001898
d1 0.030000 0.126564 2550.000000 0.000000 0.000262 0.000218 0.001878
d1 0.030000 0.126564 2555.000000 0.000000 0.000262 0.000218 0.001859
d1 0.030000 0.126564 2560.000000 0.000000 0.000262 0.000218 0.001840
d1 0.030000 0.126564 2565.000000 0.000000 0.000262 0.000218 0.001821
d1 0.030000 0.126564 2570.000000 0.000000 0.000262 0.000218 0.001802
d1 0.030000 0.126564 2575.000000 0.000000 0.000262 0.000218 0.001784
d1 0.030000 0.126564 2580.000000 0.000000 0.000262 0.000218 0.001766
d1 0.030000 0.126564 2585.000000 0.000000 0.000262 0.000218 0.001748
d1 0.030000 0.126564 2590.000000 0.000000 0.000262 0.000218 0.001730
d1 0.030000 0.126564 2595.000000 0.000000 0.000262 0.000218 0.001712
d1 0.030000 0.126564 2600.000000 0.000000 0.000262 0.000218 0.001695
d1 0.030000 0.126564 2605.000000 0.000000 0.000262 0.000218 0.001678
d1 0.030000 0.126564 2610.000000 0.000000 0.000262 0.000218 0.001661
d1 0.030000 0.126564 2615.000000 0.000000 0.000262 0.000218 0.001644
d1 0.030000 0.126564 2620.000000 0.000000 0.000262 0.000218 0.001627
d1 0.030000 0.126564 2625.000000 0.000000 0.000262 0.000218 0.001611
d1 0.030000 0.126564 2630.000000 0.000000 0.000262 0.000218 0.001594
d1 0.030000 0.126564 2635.000000 0.000000 0.000262 0.000218 0.001578
d1 0.030000 0.126564 2640.000000 0.000000 0.000262 0.000218 0.001562
d1 0.030000 0.126564 2645.000000 0.000000 0.000262 0.000218 0.001547
d1 0.030000 0.126564 2650.000000 0.000000 0.000262 0.000218 0.001531
d1 0.030000 0.126564 2655.000000 0.000000 0.000262 0.000218 0.001516
d1 0.030000 0.126564 2660.000000 0.000000 0.000262 0.000218 0.001501
d1 0.030000 0.126564 2665.000000 0.000000 0.000262 0.000218 0.001486
d1 0.030000 0.126564 2670.000000 0.000000 0.000262 0.000218 0.001471
d1 0.030000 0.126564 2675.000000 0.000000 0.000262 0.000218 0.001456
d1 0.030000 0.126564 2680.000000 0.000000 0.000262 0.000218 0.001442
d1 0.030000 0.126564 2685.000000 0.000000 0.000262 0.000218 0.001428
d1 0.030000 0.126564 2690.000000 0.000000 0.000262 0.000218 0.001413
d1 0.030000 0.126564 2695.000000 0.000000 0.000262 0.000218 0.001399
d1 0.030000 0.126564 2700.000000 0.000000 0.000262 0.000218 0.001386
d1 0.030000 0.126564 2705.000000 0.000000 0.000262 0.000218 0.001372
d1 0.030000 0.126564 2710.000000 0.000000 0.000262 0.000218 0.001358
d1 0.030000 0.126564 2715.000000 0.000000 0.000262 0.000218 0.001345
d1 0.030000 0.126564 2720.000000 0.000000 0.000262 0.000218 0.001332
d1 0.030000 0.126564 2725.000000 0.000000 0.000262 0.000218 0.001319
d1 0.030000 0.126564 2730.000000 0.000000 0.000262 0.000218 0.001306
d1 0.030000 0.126564 2735.000000 0.000000 0.000262 0.000218 0.001293
d1 0.030000 0.126564 2740.000000 0.000000 0.000262 0.000218 0.001280
d1 0.030000 0.126564 2745.000000 0.000000 0.000262 0.000218 0.001268
d1 0.030000 0.126564 2750.000000 0.000000 0.000262 0.000218 0.001256
d1 0.030000 0.126564 2755.000000 0.000000 0.000262 0.000218 0.001243
d1 0.030000 0.126564 2760.000000 0.000000 0.000262 0.000218 0.001231
d1 0.030000 0.126564 2765.000000 0.000000 0.000262 0.000218 0.001219
d1 0.030000 0.126564 2770.000000 0.000000 0.000262 0.000218 0.001208
d1 0.030000 0.126564 2775.000000 0.000000 0.000262 0.000218 0.001196
d1 0.030000 0.126564 2780.000000 0.000000 0.000262 0.000218 0.001185
d1 0.030000 0.126564 2785.000000 0.000000 0.000262 0.000218 0.001173
d1 0.030000 0.126564 2790.000000 0.000000 0.000262 0.000218 0.001162
d1 0.030000 0.126564 2795.000000 0.000000 0.000262 0.000218 0.001151
d1 0.030000 0.126564 2800.000000 0.000000 0.000262 0.000218 0.001140
d1 0.030000 0.126564 2805.000000 0.000000 0.000262 0.000218 0.001129
d1 0.030000 0.126564 2810.000000 0.000000 0.000262 0.000218 0.001118
d1 0.030000 0.126564 2815.000000 0.000000 0.000262 0.000218 0.001108
d1 0.030000 0.126564 2820.000000 0.000000 0.000262 0.000218 0.001097
d1 0.030000 0.126564 2825.000000 0.000000 0.000262 0.000218 0.001087
d1 0.030000 0.126564 2830.000000 0.000000 0.000262 0.000218 0.001076
d1 0.030000 0.126564 2835.000000 0.000000 0.000262 0.000218 0.001066
d1 0.030000 0.126564 2840.000000 0.000000 0.000262 0.000218 0.001056
d1 0.030000 0.126564 2845.000000 0.000000 0.000262 0.000218 0.001046
d1 0.030000 0.126564 2850.000000 0.000000 0.000262 0.000218 0.001037
d1 0.030000 0.126564 2855.000000 0.000000 0.000262 0.000218 0.001027
d1 0.030000 0.126564 2860.000000 0.000000 0.000262 0.000218 0.001017
d1 0.030000 0.126564 2865.000000 0.000000 0.000262 0.000218 0.001008
d1 0.030000 0.126564 2870.000000 0.000000 0.000262 0.000218 0.000999
d1 0.030000 0.126564 2875.000000 0.000000 0.000262 0.000218 0.000989
d1 0.030000 0.126564 2880.000000 0.000000 0.000262 0.000218 0.000980
d1 0.030000 0.126564 2885.000000 0.000000 0.000262 0.000218 0.000971
d1 0.030000 0.126564 2890.000000 0.000000 0.000262 0.000218 0.000962
d1 0.030000 0.126564 2895.000000 0.000000 0.000262 0.000218 0.000953
d1 0.030000 0.126564 2900.000000 0.000000 0.000262 0.000218 0.000945
d1 0.030000 0.126564 2905.000000 0.000000 0.000262 0.000218 0.000936
d1 0.030000 0.126564 2910.000000 0.000000 0.000262 0.000218 0.000927
d1 0.030000 0.126564 2915.000000 0.000000 0.000262 0.000218 0.000919
d1 0.030000 0.126564 2920.000000 0.000000 0.000262 0.000218 0.000911
d1 0.030000 0.126564 2925.000000 0.000000 0.000262 0.000218 0.000902
d1 0.030000 0.126564 2930.000000 0.000000 0.000262 0.000218 0.000894
d1 0.030000 0.126564 2935.000000 0.000000 0.000262 0.000218 0.000886
d1 0.030000 0.126564 2940.000000 0.000000 0.000262 0.000218 0.000878
d1 0.030000 0.126564 2945.000000 0.000000 0.000262 0.000218 0.000870
d1 0.030000 0.126564 2950.000000 0.000000 0.000262 0.000218 0.000863
d1 0.030000 0.126564 2955.000000 0.000000 0.000262 0.000218 0.000855
d1 0.030000 0.126564 2960.000000 0.000000 0.000262 0.000218 0.000847
d1 0.030000 0.126564 2965.000000 0.000000 0.000262 0.000218 0.000840
d1 0.030000 0.126564 2970.000000 0.000000 0.000262 0.000218 0.000832
d1 0.030000 0.126564 2975.000000 0.000000 0.000262 0.000218 0.000825
d1 0.030000 0.126564 2980.000000 0.000000 0.000262 0.000218 0.000818
d1 0.030000 0.126564 2985.000000 0.000000 0.000262 0.000218 0.000811
d1 0.030000 0.126564 2990.000000 0.000000 0.000262 0.000218 0.000803
d1 0.030000 0.126564 2995.000000 0.000000 0.000262 0.000218 0.000796
d1 0.030000 0.126564 3000.000000 0.000000 0.000262 0.000218 0.000789
d1 0.030000 0.126564 3005.000000 0.000000 0.000262 0.000218 0.000783
d1 0.030000 0.126564 3010.000000 0.000000 0.000262 0.000218 0.000776
d1 0.030000 0.126564 3015.000000 0.000000 0.000262 0.000218 0.000769
d1 0.030000 0.126564 3020.000000 0.000000 0.000262 0.000218 0.000763
d1 0.030000 0.126564 3025.000000 0.000000 0.000262 0.000218 0.000756
d1 0.030000 0.126564 3030.000000 0.000000 0.000262 0.000218 0.000749
d1 0.030000 0.126564 3035.000000 0.000000 0.000262 0.000218 0.000743
d1 0.030000 0.126564 3040.000000 0.000000 0.000262 0.000218 0.000737
d1 0.030000 0.126564 3045.000000 0.000000 0.000262 0.000218 0.000731
d1 0.030000 0.126564 3050.000000 0.000000 0.000262 0.000218 0.000724
d1 0.030000 0.126564 3055.000000 0.000000 0.000262 0.000218 0.000718
d1 0.030000 0.126564 3060.000000 0.000000 0.000262 0.000218 0.000712
d1 0.030000 0.126564 3065.000000 0.000000 0.000262 0.000218 0.000706
d1 0.030000 0.126564 3070.000000 0.000000 0.000262 0.000218 0.000700
d1 0.030000 0.126564 3075.000000 0.000000 0.000262 0.000218 0.000694
d1 0.030000 0.126564 3080.000000 0.000000 0.000262 0.000218 0.000689
d1 0.030000 0.126564 3085.000000 0.000000 0.000262 0.000218 0.000683
d1 0.030000 0.126564 3090.000000 0.000000 0.000262 0.000218 0.000677
d1 0.030000 0.126564 3095.000000 0.000000 0.000262 0.000218 0.000672
d1 0.030000 0.126564 3100.000000 0.000000 0.000262 0.000218 0.000666
d1 0.030000 0.126564 3105.000000 0.000000 0.000262 0.000218 0.000661
d1 0.030000 0.126564 3110.000000 0.000000 0.000262 0.000218 0.000655
d1 0.030000 0.126564 3115.000000 0.000000 0.000262 0.000218 0.000650
d1 0.030000 0.126564 3120.000000 0.000000 0.000262 0.000218 0.000645
d1 0.030000 0.126564 3125.000000 0.000000 0.000262 0.000218 0.000640
d1 0.030000 0.126564 3130.000000 0.000000 0.000262 0.000218 0.000634
d1 0.030000 0.126564 3135.000000 0.000000 0.000262 0.000218 0.000629
d1 0.030000 0.126564 3140.000000 0.000000 0.000262 0.000218 0.000624
d1 0.030000 0.126564 3145.000000 0.000000 0.000262 0.000218 0.000619
d1 0.030000 0.126564 3150.000000 0.000000 0.000262 0.000218 0.000614
d1 0.030000 0.126564 3155.000000 0.000000 0.000262 0.000218 0.000610
d1 0.030000 0.126564 3160.000000 0.000000 0.000262 0.000218 0.000605
d1 0.030000 0.126564 3165.000000 0.000000 0.000262 0.000218 0.000600
d1 0.030000 0.126564 3170.000000 0.000000 0.000262 0.000218 0.000595
d1 0.030000 0.126564 3175.000000 0.000000 0.000262 0.000218 0.000591
d1 0.030000 0.126564 3180.000000 0.000000 0.000262 0.000218 0.000586
d1 0.030000 0.126564 3185.000000 0.000000 0.000262 0.000218 0.000582
d1 0.030000 0.126564 3190.000000 0.000000 0.000262 0.000218 0.000577
d1 0.030000 0.126564 3195.000000 0.000000 0.000262 0.000218 0.000573
d1 0.030000 0.126564 3200.000000 0.000000 0.000262 0.000218 0.000568
d1 0.030000 0.126564 3205.000000 0.000000 0.000262 0.000218 0.000564
d1 0.030000 0.126564 3210.000000 0.000000 0.000262 0.000218 0.000560
d1 0.030000 0.126564 3215.000000 0.000000 0.000262 0.000218 0.000556
d1 0.030000 0.126564 3220.000000 0.000000 0.000262 0.000218 0.000551
d1 0.030000 0.126564 3225.000000 0.000000 0.000262 0.000218 0.000547
d1 0.030000 0.126564 3230.000000 0.000000 0.000262 0.000218 0.000543
d1 0.030000 0.126564 3235.000000 0.000000 0.000262 0.000218 0.000539
d1 0.030000 0.126564 3240.000000 0.000000 0.000262 0.000218 0.000535
d1 0.030000 0.126564 3245.000000 0.000000 0.000262 0.000218 0.000531
d1 0.030000 0.126564 3250.000000 0.000000 0.000262 0.000218 0.000527
d1 0.030000 0.126564 3255.000000 0.000000 0.000262 0.000218 0.000523
d1 0.030000 0.126564 3260.000000 0.000000 0.000262 0.000218 0.000520
d1 0.030000 0.126564 3265.000000 0.000000 0.000262 0.000218 0.000516
d1 0.030000 0.126564 3270.000000 0.000000 0.000262 0.000218 0.000512
d1 0.030000 0.126564 3275.000000 0.000000 0.000262 0.000218 0.000508
d1 0.030000 0.126564 3280.000000 0.000000 0.000262 0.000218 0.000505
d1 0.030000 0.126564 3285.000000 0.000000 0.000262 0.000218 0.000501
d1 0.030000 0.126564 3290.000000 0.000000 0.000262 0.000218 0.000498
d1 0.030000 0.126564 3295.000000 0.000000 0.000262 0.000218 0.000494
d1 0.030000 0.126564 3300.000000 0.000000 0.000262 0.000218 0.000491
d1 0.030000 0.126564 3305.000000 0.000000 0.000262 0.000218 0.000487
d1 0.030000 0.126564 3310.000000 0.000000 0.000262 0.000218 0.000484
d1 0.030000 0.126564 3315.000000 0.000000 0.000262 0.000218 0.000480
d1 0.030000 0.126564 3320.000000 0.000000 0.000262 0.000218 0.000477
d1 0.030000 0.126564 3325.000000 0.000000 0.000262 0.000218 0.000474
d1 0.030000 0.126564 3330.000000 0.000000 0.000262 0.000218 0.000471
d1 0.030000 0.126564 3335.000000 0.000000 0.000262 0.000218 0.000467
d1 0.030000 0.126564 3340.000000 0.000000 0.000262 0.000218 0.000464
d1 0.030000 0.126564 3345.000000 0.000000 0.000262 0.000218 0.000461
d1 0.030000 0.126564 3350.000000 0.000000 0.000262 0.000218 0.000458
d1 0.030000 0.126564 3355.000000 0.000000 0.000262 0.000218 0.000455
d1 0.030000 0.126564 3360.000000 0.000000 0.000262 0.000218 0.000452
d1 0.030000 0.126564 3365.000000 0.000000 0.000262 0.000218 0.000449
d1 0.030000 0.126564 3370.000000 0.000000 0.000262 0.000218 0.000446
d1 0.030000 0.126564 3375.000000 0.000000 0.000262 0.000218 0.000443
d1 0.030000 0.126564 3380.000000 0.000000 0.000262 0.000218 0.000440
d1 0.030000 0.126564 3385.000000 0.000000 0.000262 0.000218 0.000437
d1 0.030000 0.126564 3390.000000 0.000000 0.000262 0.000218 0.000434
d1 0.030000 0.126564 3395.000000 0.000000 0.000262 0.000218 0.000432
d1 0.030000 0.126564 3400.000000 0.000000 0.000262 0.000218 0.000429
d1 0.030000 0.126564 3405.000000 0.000000 0.000262 0.000218 0.000426
d1 0.030000 0.126564 3410.000000 0.000000 0.000262 0.000218 0.000423
d1 0.030000 0.126564 3415.000000 0.000000 0.000262 0.000218 0.000421
d1 0.030000 0.126564 3420.000000 0.000000 0.000262 0.000218 0.000418
d1 0.030000 0.126564 3425.000000 0.000000 0.000262 0.000218 0.000415
d1 0.030000 0.126564 3430.000000 0.000000 0.000262 0.000218 0.000413
d1 0.030000 0.126564 3435.000000 0.000000 0.000262 0.000218 0.000410
d1 0.030000 0.126564 3440.000000 0.000000 0.000262 0.000218 0.000408
d1 0.030000 0.126564 3445.000000 0.000000 0.000262 0.000218 0.000405
d1 0.030000 0.126564 3450.000000 0.000000 0.000262 0.000218 0.000403
d1 0.030000 0.126564 3455.000000 0.000000 0.000262 0.000218 0.000400
d1 0.030000 0.126564 3460.000000 0.000000 0.000262 0.000218 0.000398
d1 0.030000 0.126564 3465.000000 0.000000 0.000262 0.000218 0.000396
d1 0.030000 0.126564 3470.000000 0.000000 0.000262 0.000218 0.000393
d1 0.030000 0.126564 3475.000000 0.000000 0.000262 0.000218 0.000391
d1 0.030000 0.126564 3480.000000 0.000000 0.000262 0.000218 0.000389
d1 0.030000 0.126564 3485.000000 0.000000 0.000262 0.000218 0.000386
d1 0.030000 0.126564 3490.000000 0.000000 0.000262 0.000218 0.000384
d1 0.030000 0.126564 3495.000000 0.000000 0.000262 0.000218 0.000382
d1 0.030000 0.126564 3500.000000 0.000000 0.000262 0.000218 0.000380
d1 0.030000 0.126564 3505.000000 0.000000 0.000262 0.000218 0.000378
d1 0.030000 0.126564 3510.000000 0.000000 0.000262 0.000218 0.000375
d1 0.030000 0.126564 3515.000000 0.000000 0.000262 0.000218 0.000373
d1 0.030000 0.126564 3520.000000 0.000000 0.000262 0.000218 0.000371
d1 0.030000 0.126564 3525.000000 0.000000 0.000262 0.000218 0.000369
d1 0.030000 0.126564 3530.000000 0.000000 0.000262 0.000218 0.000367
d1 0.030000 0.126564 3535.000000 0.000000 0.000262 0.000218 0.000365
d1 0.030000 0.126564 3540.000000 0.000000 0.000262 0.000218 0.000363
d1 0.030000 0.126564 3545.000000 0.000000 0.000262 0.000218 0.000361
d1 0.030000 0.126564 3550.000000 0.000000 0.000262 0.000218 0.000359
d1 0.030000 0.126564 3555.000000 0.000000 0.000262 0.000218 0.000357
d1 0.030000 0.126564 3560.000000 0.000000 0.000262 0.000218 0.000355
d1 0.030000 0.126564 3565.000000 0.000000 0.000262 0.000218 0.000353
d1 0.030000 0.126564 3570.000000 0.000000 0.000262 0.000218 0.000351
d1 0.030000 0.126564 3575.000000 0.000000 0.000262 0.000218 0.000350
d1 0.030000 0.126564 3580.000000 0.000000 0.000262 0.000218 0.000348
d1 0.030000 0.126564 3585.000000 0.000000 0.000262 0.000218 0.000346
d1 0.030000 0.126564 3590.000000 0.000000 0.000262 0.000218 0.000344
d1 0.030000 0.126564 3595.000000 0.000000 0.000262 0.000218 0.000342
d1 0.030000 0.126564 3600.000000 0.000000 0.000262 0.000218 0.000341
