HEADER DATE 01-Aug-2017 12:33:49
HEADER RANDSEED 1748113270
Param True_Value Sim_Value Sim_Time Input mRNA foldedP fluo
d1 0.030000 0.194771 0.000000 2.000000 0.212616 0.177180 0.154069
d1 0.030000 0.194771 5.000000 2.000000 0.212616 0.177180 0.154069
d1 0.030000 0.194771 10.000000 2.000000 0.212616 0.177180 0.154069
d1 0.030000 0.194771 15.000000 2.000000 0.212616 0.177180 0.154069
d1 0.030000 0.194771 20.000000 2.000000 0.212616 0.177180 0.154069
d1 0.030000 0.194771 25.000000 2.000000 0.212616 0.177180 0.154069
d1 0.030000 0.194771 30.000000 2.000000 0.212616 0.177180 0.154069
d1 0.030000 0.194771 35.000000 2.000000 0.212616 0.177180 0.154069
d1 0.030000 0.194771 40.000000 2.000000 0.212616 0.177180 0.154069
d1 0.030000 0.194771 45.000000 2.000000 0.212616 0.177180 0.154069
d1 0.030000 0.194771 50.000000 2.000000 0.212616 0.177180 0.154069
d1 0.030000 0.194771 55.000000 2.000000 0.212616 0.177180 0.154069
d1 0.030000 0.194771 60.000000 2.000000 0.212616 0.177180 0.154069
d1 0.030000 0.194771 65.000000 2.000000 0.212616 0.177180 0.154069
d1 0.030000 0.194771 70.000000 2.000000 0.212616 0.177180 0.154069
d1 0.030000 0.194771 75.000000 2.000000 0.212616 0.177180 0.154069
d1 0.030000 0.194771 80.000000 2.000000 0.212616 0.177180 0.154069
d1 0.030000 0.194771 85.000000 2.000000 0.212616 0.177180 0.154069
d1 0.030000 0.194771 90.000000 2.000000 0.212616 0.177180 0.154069
d1 0.030000 0.194771 95.000000 2.000000 0.212616 0.177180 0.154069
d1 0.030000 0.194771 100.000000 2.000000 0.212616 0.177180 0.154069
d1 0.030000 0.194771 105.000000 2.000000 0.212616 0.177180 0.154069
d1 0.030000 0.194771 110.000000 2.000000 0.212616 0.177180 0.154069
d1 0.030000 0.194771 115.000000 2.000000 0.212616 0.177180 0.154069
d1 0.030000 0.194771 120.000000 2.000000 0.212616 0.177180 0.154069
d1 0.030000 0.194771 125.000000 2.000000 0.212616 0.177180 0.154069
d1 0.030000 0.194771 130.000000 2.000000 0.212616 0.177180 0.154069
d1 0.030000 0.194771 135.000000 2.000000 0.212616 0.177180 0.154069
d1 0.030000 0.194771 140.000000 2.000000 0.212616 0.177180 0.154069
d1 0.030000 0.194771 145.000000 2.000000 0.212616 0.177180 0.154069
d1 0.030000 0.194771 150.000000 2.000000 0.212616 0.177180 0.154069
d1 0.030000 0.194771 155.000000 2.000000 0.212616 0.177180 0.154069
d1 0.030000 0.194771 160.000000 2.000000 0.212616 0.177180 0.154069
d1 0.030000 0.194771 165.000000 2.000000 0.212616 0.177180 0.154069
d1 0.030000 0.194771 170.000000 2.000000 0.212616 0.177180 0.154069
d1 0.030000 0.194771 175.000000 2.000000 0.212616 0.177180 0.154069
d1 0.030000 0.194771 180.000000 2.000000 0.212616 0.177180 0.154069
d1 0.030000 0.194771 185.000000 2.000000 0.212616 0.177180 0.154069
d1 0.030000 0.194771 190.000000 2.000000 0.212616 0.177180 0.154069
d1 0.030000 0.194771 195.000000 2.000000 0.212616 0.177180 0.154069
d1 0.030000 0.194771 200.000000 2.000000 0.212616 0.177180 0.154069
d1 0.030000 0.194771 205.000000 2.000000 0.212616 0.177180 0.154069
d1 0.030000 0.194771 210.000000 2.000000 0.212616 0.177180 0.154069
d1 0.030000 0.194771 215.000000 2.000000 0.212616 0.177180 0.154069
d1 0.030000 0.194771 220.000000 2.000000 0.212616 0.177180 0.154069
d1 0.030000 0.194771 225.000000 2.000000 0.212616 0.177180 0.154069
d1 0.030000 0.194771 230.000000 2.000000 0.212616 0.177180 0.154069
d1 0.030000 0.194771 235.000000 2.000000 0.212616 0.177180 0.154069
d1 0.030000 0.194771 240.000000 2.000000 0.212616 0.177180 0.154069
d1 0.030000 0.194771 245.000000 2.000000 0.212616 0.177180 0.154069
d1 0.030000 0.194771 250.000000 2.000000 0.212616 0.177180 0.154069
d1 0.030000 0.194771 255.000000 2.000000 0.212616 0.177180 0.154069
d1 0.030000 0.194771 260.000000 2.000000 0.212616 0.177180 0.154069
d1 0.030000 0.194771 265.000000 2.000000 0.212616 0.177180 0.154069
d1 0.030000 0.194771 270.000000 2.000000 0.212616 0.177180 0.154069
d1 0.030000 0.194771 275.000000 2.000000 0.212616 0.177180 0.154069
d1 0.030000 0.194771 280.000000 2.000000 0.212616 0.177180 0.154069
d1 0.030000 0.194771 285.000000 2.000000 0.212616 0.177180 0.154069
d1 0.030000 0.194771 290.000000 2.000000 0.212616 0.177180 0.154069
d1 0.030000 0.194771 295.000000 2.000000 0.212616 0.177180 0.154069
d1 0.030000 0.194771 300.000000 2.000000 0.212616 0.177180 0.154069
d1 0.030000 0.194771 305.000000 0.000000 0.080394 0.173427 0.154056
d1 0.030000 0.194771 310.000000 0.000000 0.030464 0.165812 0.153982
d1 0.030000 0.194771 315.000000 0.000000 0.011610 0.157099 0.153827
d1 0.030000 0.194771 320.000000 0.000000 0.004491 0.148312 0.153587
d1 0.030000 0.194771 325.000000 0.000000 0.001802 0.139816 0.153262
d1 0.030000 0.194771 330.000000 0.000000 0.000786 0.131733 0.152859
d1 0.030000 0.194771 335.000000 0.000000 0.000403 0.124089 0.152383
d1 0.030000 0.194771 340.000000 0.000000 0.000258 0.116878 0.151838
d1 0.030000 0.194771 345.000000 0.000000 0.000204 0.110082 0.151230
d1 0.030000 0.194771 350.000000 0.000000 0.000183 0.103681 0.150563
d1 0.030000 0.194771 355.000000 0.000000 0.000175 0.097651 0.149842
d1 0.030000 0.194771 360.000000 0.000000 0.000172 0.091973 0.149071
d1 0.030000 0.194771 365.000000 0.000000 0.000171 0.086625 0.148254
d1 0.030000 0.194771 370.000000 0.000000 0.000171 0.081589 0.147395
d1 0.030000 0.194771 375.000000 0.000000 0.000170 0.076846 0.146497
d1 0.030000 0.194771 380.000000 0.000000 0.000170 0.072379 0.145563
d1 0.030000 0.194771 385.000000 0.000000 0.000170 0.068172 0.144598
d1 0.030000 0.194771 390.000000 0.000000 0.000170 0.064210 0.143602
d1 0.030000 0.194771 395.000000 0.000000 0.000170 0.060479 0.142580
d1 0.030000 0.194771 400.000000 0.000000 0.000170 0.056965 0.141533
d1 0.030000 0.194771 405.000000 0.000000 0.000170 0.053656 0.140465
d1 0.030000 0.194771 410.000000 0.000000 0.000170 0.050540 0.139376
d1 0.030000 0.194771 415.000000 0.000000 0.000170 0.047605 0.138270
d1 0.030000 0.194771 420.000000 0.000000 0.000170 0.044841 0.137149
d1 0.030000 0.194771 425.000000 0.000000 0.000170 0.042238 0.136013
d1 0.030000 0.194771 430.000000 0.000000 0.000170 0.039786 0.134866
d1 0.030000 0.194771 435.000000 0.000000 0.000170 0.037478 0.133708
d1 0.030000 0.194771 440.000000 0.000000 0.000170 0.035303 0.132541
d1 0.030000 0.194771 445.000000 0.000000 0.000170 0.033256 0.131366
d1 0.030000 0.194771 450.000000 0.000000 0.000170 0.031327 0.130185
d1 0.030000 0.194771 455.000000 0.000000 0.000170 0.029511 0.128999
d1 0.030000 0.194771 460.000000 0.000000 0.000170 0.027801 0.127808
d1 0.030000 0.194771 465.000000 0.000000 0.000170 0.026190 0.126615
d1 0.030000 0.194771 470.000000 0.000000 0.000170 0.024673 0.125420
d1 0.030000 0.194771 475.000000 0.000000 0.000170 0.023245 0.124224
d1 0.030000 0.194771 480.000000 0.000000 0.000170 0.021899 0.123028
d1 0.030000 0.194771 485.000000 0.000000 0.000170 0.020632 0.121833
d1 0.030000 0.194771 490.000000 0.000000 0.000170 0.019439 0.120639
d1 0.030000 0.194771 495.000000 0.000000 0.000170 0.018315 0.119447
d1 0.030000 0.194771 500.000000 0.000000 0.000170 0.017257 0.118258
d1 0.030000 0.194771 505.000000 0.000000 0.000170 0.016260 0.117073
d1 0.030000 0.194771 510.000000 0.000000 0.000170 0.015321 0.115891
d1 0.030000 0.194771 515.000000 0.000000 0.000170 0.014437 0.114714
d1 0.030000 0.194771 520.000000 0.000000 0.000170 0.013605 0.113541
d1 0.030000 0.194771 525.000000 0.000000 0.000170 0.012821 0.112375
d1 0.030000 0.194771 530.000000 0.000000 0.000170 0.012082 0.111213
d1 0.030000 0.194771 535.000000 0.000000 0.000170 0.011387 0.110058
d1 0.030000 0.194771 540.000000 0.000000 0.000170 0.010732 0.108910
d1 0.030000 0.194771 545.000000 0.000000 0.000170 0.010116 0.107768
d1 0.030000 0.194771 550.000000 0.000000 0.000170 0.009535 0.106634
d1 0.030000 0.194771 555.000000 0.000000 0.000170 0.008988 0.105506
d1 0.030000 0.194771 560.000000 0.000000 0.000170 0.008473 0.104387
d1 0.030000 0.194771 565.000000 0.000000 0.000170 0.007987 0.103275
d1 0.030000 0.194771 570.000000 0.000000 0.000170 0.007531 0.102171
d1 0.030000 0.194771 575.000000 0.000000 0.000170 0.007100 0.101076
d1 0.030000 0.194771 580.000000 0.000000 0.000170 0.006695 0.099989
d1 0.030000 0.194771 585.000000 0.000000 0.000170 0.006313 0.098910
d1 0.030000 0.194771 590.000000 0.000000 0.000170 0.005954 0.097840
d1 0.030000 0.194771 595.000000 0.000000 0.000170 0.005616 0.096779
d1 0.030000 0.194771 600.000000 0.000000 0.000170 0.005297 0.095726
d1 0.030000 0.194771 605.000000 0.000000 0.000170 0.004997 0.094683
d1 0.030000 0.194771 610.000000 0.000000 0.000170 0.004714 0.093649
d1 0.030000 0.194771 615.000000 0.000000 0.000170 0.004448 0.092623
d1 0.030000 0.194771 620.000000 0.000000 0.000170 0.004197 0.091607
d1 0.030000 0.194771 625.000000 0.000000 0.000170 0.003961 0.090600
d1 0.030000 0.194771 630.000000 0.000000 0.000170 0.003738 0.089603
d1 0.030000 0.194771 635.000000 0.000000 0.000170 0.003529 0.088614
d1 0.030000 0.194771 640.000000 0.000000 0.000170 0.003332 0.087635
d1 0.030000 0.194771 645.000000 0.000000 0.000170 0.003146 0.086665
d1 0.030000 0.194771 650.000000 0.000000 0.000170 0.002971 0.085705
d1 0.030000 0.194771 655.000000 0.000000 0.000170 0.002806 0.084753
d1 0.030000 0.194771 660.000000 0.000000 0.000170 0.002651 0.083812
d1 0.030000 0.194771 665.000000 0.000000 0.000170 0.002505 0.082879
d1 0.030000 0.194771 670.000000 0.000000 0.000170 0.002367 0.081955
d1 0.030000 0.194771 675.000000 0.000000 0.000170 0.002238 0.081041
d1 0.030000 0.194771 680.000000 0.000000 0.000170 0.002116 0.080136
d1 0.030000 0.194771 685.000000 0.000000 0.000170 0.002001 0.079240
d1 0.030000 0.194771 690.000000 0.000000 0.000170 0.001892 0.078354
d1 0.030000 0.194771 695.000000 0.000000 0.000170 0.001790 0.077476
d1 0.030000 0.194771 700.000000 0.000000 0.000170 0.001694 0.076608
d1 0.030000 0.194771 705.000000 0.000000 0.000170 0.001604 0.075748
d1 0.030000 0.194771 710.000000 0.000000 0.000170 0.001519 0.074897
d1 0.030000 0.194771 715.000000 0.000000 0.000170 0.001439 0.074056
d1 0.030000 0.194771 720.000000 0.000000 0.000170 0.001363 0.073223
d1 0.030000 0.194771 725.000000 0.000000 0.000170 0.001292 0.072399
d1 0.030000 0.194771 730.000000 0.000000 0.000170 0.001225 0.071583
d1 0.030000 0.194771 735.000000 0.000000 0.000170 0.001162 0.070777
d1 0.030000 0.194771 740.000000 0.000000 0.000170 0.001103 0.069979
d1 0.030000 0.194771 745.000000 0.000000 0.000170 0.001047 0.069189
d1 0.030000 0.194771 750.000000 0.000000 0.000170 0.000994 0.068408
d1 0.030000 0.194771 755.000000 0.000000 0.000170 0.000944 0.067636
d1 0.030000 0.194771 760.000000 0.000000 0.000170 0.000898 0.066872
d1 0.030000 0.194771 765.000000 0.000000 0.000170 0.000854 0.066116
d1 0.030000 0.194771 770.000000 0.000000 0.000170 0.000812 0.065368
d1 0.030000 0.194771 775.000000 0.000000 0.000170 0.000773 0.064628
d1 0.030000 0.194771 780.000000 0.000000 0.000170 0.000736 0.063897
d1 0.030000 0.194771 785.000000 0.000000 0.000170 0.000702 0.063174
d1 0.030000 0.194771 790.000000 0.000000 0.000170 0.000669 0.062458
d1 0.030000 0.194771 795.000000 0.000000 0.000170 0.000638 0.061750
d1 0.030000 0.194771 800.000000 0.000000 0.000170 0.000609 0.061050
d1 0.030000 0.194771 805.000000 0.000000 0.000170 0.000582 0.060358
d1 0.030000 0.194771 810.000000 0.000000 0.000170 0.000557 0.059674
d1 0.030000 0.194771 815.000000 0.000000 0.000170 0.000532 0.058997
d1 0.030000 0.194771 820.000000 0.000000 0.000170 0.000510 0.058328
d1 0.030000 0.194771 825.000000 0.000000 0.000170 0.000488 0.057666
d1 0.030000 0.194771 830.000000 0.000000 0.000170 0.000468 0.057011
d1 0.030000 0.194771 835.000000 0.000000 0.000170 0.000449 0.056364
d1 0.030000 0.194771 840.000000 0.000000 0.000170 0.000431 0.055724
d1 0.030000 0.194771 845.000000 0.000000 0.000170 0.000414 0.055091
d1 0.030000 0.194771 850.000000 0.000000 0.000170 0.000399 0.054465
d1 0.030000 0.194771 855.000000 0.000000 0.000170 0.000384 0.053846
d1 0.030000 0.194771 860.000000 0.000000 0.000170 0.000369 0.053234
d1 0.030000 0.194771 865.000000 0.000000 0.000170 0.000356 0.052629
d1 0.030000 0.194771 870.000000 0.000000 0.000170 0.000344 0.052031
d1 0.030000 0.194771 875.000000 0.000000 0.000170 0.000332 0.051439
d1 0.030000 0.194771 880.000000 0.000000 0.000170 0.000321 0.050854
d1 0.030000 0.194771 885.000000 0.000000 0.000170 0.000310 0.050276
d1 0.030000 0.194771 890.000000 0.000000 0.000170 0.000301 0.049704
d1 0.030000 0.194771 895.000000 0.000000 0.000170 0.000291 0.049139
d1 0.030000 0.194771 900.000000 0.000000 0.000170 0.000283 0.048580
d1 0.030000 0.194771 905.000000 0.000000 0.000170 0.000274 0.048027
d1 0.030000 0.194771 910.000000 0.000000 0.000170 0.000267 0.047480
d1 0.030000 0.194771 915.000000 0.000000 0.000170 0.000259 0.046940
d1 0.030000 0.194771 920.000000 0.000000 0.000170 0.000253 0.046406
d1 0.030000 0.194771 925.000000 0.000000 0.000170 0.000246 0.045878
d1 0.030000 0.194771 930.000000 0.000000 0.000170 0.000240 0.045356
d1 0.030000 0.194771 935.000000 0.000000 0.000170 0.000234 0.044839
d1 0.030000 0.194771 940.000000 0.000000 0.000170 0.000229 0.044329
d1 0.030000 0.194771 945.000000 0.000000 0.000170 0.000224 0.043824
d1 0.030000 0.194771 950.000000 0.000000 0.000170 0.000219 0.043326
d1 0.030000 0.194771 955.000000 0.000000 0.000170 0.000215 0.042832
d1 0.030000 0.194771 960.000000 0.000000 0.000170 0.000210 0.042345
d1 0.030000 0.194771 965.000000 0.000000 0.000170 0.000206 0.041863
d1 0.030000 0.194771 970.000000 0.000000 0.000170 0.000203 0.041386
d1 0.030000 0.194771 975.000000 0.000000 0.000170 0.000199 0.040915
d1 0.030000 0.194771 980.000000 0.000000 0.000170 0.000196 0.040449
d1 0.030000 0.194771 985.000000 0.000000 0.000170 0.000193 0.039988
d1 0.030000 0.194771 990.000000 0.000000 0.000170 0.000190 0.039533
d1 0.030000 0.194771 995.000000 0.000000 0.000170 0.000187 0.039083
d1 0.030000 0.194771 1000.000000 0.000000 0.000170 0.000184 0.038638
d1 0.030000 0.194771 1005.000000 0.000000 0.000170 0.000182 0.038198
d1 0.030000 0.194771 1010.000000 0.000000 0.000170 0.000179 0.037763
d1 0.030000 0.194771 1015.000000 0.000000 0.000170 0.000177 0.037333
d1 0.030000 0.194771 1020.000000 0.000000 0.000170 0.000175 0.036908
d1 0.030000 0.194771 1025.000000 0.000000 0.000170 0.000173 0.036487
d1 0.030000 0.194771 1030.000000 0.000000 0.000170 0.000171 0.036072
d1 0.030000 0.194771 1035.000000 0.000000 0.000170 0.000170 0.035661
d1 0.030000 0.194771 1040.000000 0.000000 0.000170 0.000168 0.035255
d1 0.030000 0.194771 1045.000000 0.000000 0.000170 0.000167 0.034854
d1 0.030000 0.194771 1050.000000 0.000000 0.000170 0.000165 0.034457
d1 0.030000 0.194771 1055.000000 0.000000 0.000170 0.000164 0.034064
d1 0.030000 0.194771 1060.000000 0.000000 0.000170 0.000162 0.033677
d1 0.030000 0.194771 1065.000000 0.000000 0.000170 0.000161 0.033293
d1 0.030000 0.194771 1070.000000 0.000000 0.000170 0.000160 0.032914
d1 0.030000 0.194771 1075.000000 0.000000 0.000170 0.000159 0.032539
d1 0.030000 0.194771 1080.000000 0.000000 0.000170 0.000158 0.032169
d1 0.030000 0.194771 1085.000000 0.000000 0.000170 0.000157 0.031802
d1 0.030000 0.194771 1090.000000 0.000000 0.000170 0.000156 0.031440
d1 0.030000 0.194771 1095.000000 0.000000 0.000170 0.000155 0.031082
d1 0.030000 0.194771 1100.000000 0.000000 0.000170 0.000155 0.030729
d1 0.030000 0.194771 1105.000000 0.000000 0.000170 0.000154 0.030379
d1 0.030000 0.194771 1110.000000 0.000000 0.000170 0.000153 0.030033
d1 0.030000 0.194771 1115.000000 0.000000 0.000170 0.000152 0.029691
d1 0.030000 0.194771 1120.000000 0.000000 0.000170 0.000152 0.029353
d1 0.030000 0.194771 1125.000000 0.000000 0.000170 0.000151 0.029019
d1 0.030000 0.194771 1130.000000 0.000000 0.000170 0.000151 0.028689
d1 0.030000 0.194771 1135.000000 0.000000 0.000170 0.000150 0.028362
d1 0.030000 0.194771 1140.000000 0.000000 0.000170 0.000150 0.028039
d1 0.030000 0.194771 1145.000000 0.000000 0.000170 0.000149 0.027720
d1 0.030000 0.194771 1150.000000 0.000000 0.000170 0.000149 0.027405
d1 0.030000 0.194771 1155.000000 0.000000 0.000170 0.000148 0.027093
d1 0.030000 0.194771 1160.000000 0.000000 0.000170 0.000148 0.026785
d1 0.030000 0.194771 1165.000000 0.000000 0.000170 0.000148 0.026480
d1 0.030000 0.194771 1170.000000 0.000000 0.000170 0.000147 0.026178
d1 0.030000 0.194771 1175.000000 0.000000 0.000170 0.000147 0.025881
d1 0.030000 0.194771 1180.000000 0.000000 0.000170 0.000147 0.025586
d1 0.030000 0.194771 1185.000000 0.000000 0.000170 0.000146 0.025295
d1 0.030000 0.194771 1190.000000 0.000000 0.000170 0.000146 0.025007
d1 0.030000 0.194771 1195.000000 0.000000 0.000170 0.000146 0.024723
d1 0.030000 0.194771 1200.000000 0.000000 0.000170 0.000146 0.024442
d1 0.030000 0.194771 1205.000000 0.000000 0.000170 0.000145 0.024164
d1 0.030000 0.194771 1210.000000 0.000000 0.000170 0.000145 0.023889
d1 0.030000 0.194771 1215.000000 0.000000 0.000170 0.000145 0.023617
d1 0.030000 0.194771 1220.000000 0.000000 0.000170 0.000145 0.023348
d1 0.030000 0.194771 1225.000000 0.000000 0.000170 0.000145 0.023083
d1 0.030000 0.194771 1230.000000 0.000000 0.000170 0.000144 0.022820
d1 0.030000 0.194771 1235.000000 0.000000 0.000170 0.000144 0.022561
d1 0.030000 0.194771 1240.000000 0.000000 0.000170 0.000144 0.022304
d1 0.030000 0.194771 1245.000000 0.000000 0.000170 0.000144 0.022051
d1 0.030000 0.194771 1250.000000 0.000000 0.000170 0.000144 0.021800
d1 0.030000 0.194771 1255.000000 0.000000 0.000170 0.000144 0.021552
d1 0.030000 0.194771 1260.000000 0.000000 0.000170 0.000144 0.021307
d1 0.030000 0.194771 1265.000000 0.000000 0.000170 0.000144 0.021065
d1 0.030000 0.194771 1270.000000 0.000000 0.000170 0.000144 0.020826
d1 0.030000 0.194771 1275.000000 0.000000 0.000170 0.000143 0.020589
d1 0.030000 0.194771 1280.000000 0.000000 0.000170 0.000143 0.020355
d1 0.030000 0.194771 1285.000000 0.000000 0.000170 0.000143 0.020124
d1 0.030000 0.194771 1290.000000 0.000000 0.000170 0.000143 0.019895
d1 0.030000 0.194771 1295.000000 0.000000 0.000170 0.000143 0.019669
d1 0.030000 0.194771 1300.000000 0.000000 0.000170 0.000143 0.019445
d1 0.030000 0.194771 1305.000000 0.000000 0.000170 0.000143 0.019224
d1 0.030000 0.194771 1310.000000 0.000000 0.000170 0.000143 0.019006
d1 0.030000 0.194771 1315.000000 0.000000 0.000170 0.000143 0.018790
d1 0.030000 0.194771 1320.000000 0.000000 0.000170 0.000143 0.018577
d1 0.030000 0.194771 1325.000000 0.000000 0.000170 0.000143 0.018366
d1 0.030000 0.194771 1330.000000 0.000000 0.000170 0.000143 0.018157
d1 0.030000 0.194771 1335.000000 0.000000 0.000170 0.000143 0.017951
d1 0.030000 0.194771 1340.000000 0.000000 0.000170 0.000143 0.017747
d1 0.030000 0.194771 1345.000000 0.000000 0.000170 0.000143 0.017546
d1 0.030000 0.194771 1350.000000 0.000000 0.000170 0.000143 0.017346
d1 0.030000 0.194771 1355.000000 0.000000 0.000170 0.000143 0.017149
d1 0.030000 0.194771 1360.000000 0.000000 0.000170 0.000142 0.016955
d1 0.030000 0.194771 1365.000000 0.000000 0.000170 0.000142 0.016762
d1 0.030000 0.194771 1370.000000 0.000000 0.000170 0.000142 0.016572
d1 0.030000 0.194771 1375.000000 0.000000 0.000170 0.000142 0.016384
d1 0.030000 0.194771 1380.000000 0.000000 0.000170 0.000142 0.016198
d1 0.030000 0.194771 1385.000000 0.000000 0.000170 0.000142 0.016014
d1 0.030000 0.194771 1390.000000 0.000000 0.000170 0.000142 0.015833
d1 0.030000 0.194771 1395.000000 0.000000 0.000170 0.000142 0.015653
d1 0.030000 0.194771 1400.000000 0.000000 0.000170 0.000142 0.015475
d1 0.030000 0.194771 1405.000000 0.000000 0.000170 0.000142 0.015300
d1 0.030000 0.194771 1410.000000 0.000000 0.000170 0.000142 0.015126
d1 0.030000 0.194771 1415.000000 0.000000 0.000170 0.000142 0.014955
d1 0.030000 0.194771 1420.000000 0.000000 0.000170 0.000142 0.014785
d1 0.030000 0.194771 1425.000000 0.000000 0.000170 0.000142 0.014618
d1 0.030000 0.194771 1430.000000 0.000000 0.000170 0.000142 0.014452
d1 0.030000 0.194771 1435.000000 0.000000 0.000170 0.000142 0.014288
d1 0.030000 0.194771 1440.000000 0.000000 0.000170 0.000142 0.014126
d1 0.030000 0.194771 1445.000000 0.000000 0.000170 0.000142 0.013966
d1 0.030000 0.194771 1450.000000 0.000000 0.000170 0.000142 0.013808
d1 0.030000 0.194771 1455.000000 0.000000 0.000170 0.000142 0.013651
d1 0.030000 0.194771 1460.000000 0.000000 0.000170 0.000142 0.013497
d1 0.030000 0.194771 1465.000000 0.000000 0.000170 0.000142 0.013344
d1 0.030000 0.194771 1470.000000 0.000000 0.000170 0.000142 0.013193
d1 0.030000 0.194771 1475.000000 0.000000 0.000170 0.000142 0.013043
d1 0.030000 0.194771 1480.000000 0.000000 0.000170 0.000142 0.012895
d1 0.030000 0.194771 1485.000000 0.000000 0.000170 0.000142 0.012749
d1 0.030000 0.194771 1490.000000 0.000000 0.000170 0.000142 0.012605
d1 0.030000 0.194771 1495.000000 0.000000 0.000170 0.000142 0.012462
d1 0.030000 0.194771 1500.000000 0.000000 0.000170 0.000142 0.012321
d1 0.030000 0.194771 1505.000000 0.000000 0.000170 0.000142 0.012182
d1 0.030000 0.194771 1510.000000 0.000000 0.000170 0.000142 0.012044
d1 0.030000 0.194771 1515.000000 0.000000 0.000170 0.000142 0.011908
d1 0.030000 0.194771 1520.000000 0.000000 0.000170 0.000142 0.011773
d1 0.030000 0.194771 1525.000000 0.000000 0.000170 0.000142 0.011640
d1 0.030000 0.194771 1530.000000 0.000000 0.000170 0.000142 0.011508
d1 0.030000 0.194771 1535.000000 0.000000 0.000170 0.000142 0.011378
d1 0.030000 0.194771 1540.000000 0.000000 0.000170 0.000142 0.011249
d1 0.030000 0.194771 1545.000000 0.000000 0.000170 0.000142 0.011122
d1 0.030000 0.194771 1550.000000 0.000000 0.000170 0.000142 0.010996
d1 0.030000 0.194771 1555.000000 0.000000 0.000170 0.000142 0.010872
d1 0.030000 0.194771 1560.000000 0.000000 0.000170 0.000142 0.010749
d1 0.030000 0.194771 1565.000000 0.000000 0.000170 0.000142 0.010627
d1 0.030000 0.194771 1570.000000 0.000000 0.000170 0.000142 0.010507
d1 0.030000 0.194771 1575.000000 0.000000 0.000170 0.000142 0.010389
d1 0.030000 0.194771 1580.000000 0.000000 0.000170 0.000142 0.010271
d1 0.030000 0.194771 1585.000000 0.000000 0.000170 0.000142 0.010155
d1 0.030000 0.194771 1590.000000 0.000000 0.000170 0.000142 0.010040
d1 0.030000 0.194771 1595.000000 0.000000 0.000170 0.000142 0.009927
d1 0.030000 0.194771 1600.000000 0.000000 0.000170 0.000142 0.009815
d1 0.030000 0.194771 1605.000000 0.000000 0.000170 0.000142 0.009704
d1 0.030000 0.194771 1610.000000 0.000000 0.000170 0.000142 0.009595
d1 0.030000 0.194771 1615.000000 0.000000 0.000170 0.000142 0.009486
d1 0.030000 0.194771 1620.000000 0.000000 0.000170 0.000142 0.009379
d1 0.030000 0.194771 1625.000000 0.000000 0.000170 0.000142 0.009273
d1 0.030000 0.194771 1630.000000 0.000000 0.000170 0.000142 0.009169
d1 0.030000 0.194771 1635.000000 0.000000 0.000170 0.000142 0.009065
d1 0.030000 0.194771 1640.000000 0.000000 0.000170 0.000142 0.008963
d1 0.030000 0.194771 1645.000000 0.000000 0.000170 0.000142 0.008862
d1 0.030000 0.194771 1650.000000 0.000000 0.000170 0.000142 0.008762
d1 0.030000 0.194771 1655.000000 0.000000 0.000170 0.000142 0.008663
d1 0.030000 0.194771 1660.000000 0.000000 0.000170 0.000142 0.008566
d1 0.030000 0.194771 1665.000000 0.000000 0.000170 0.000142 0.008469
d1 0.030000 0.194771 1670.000000 0.000000 0.000170 0.000142 0.008374
d1 0.030000 0.194771 1675.000000 0.000000 0.000170 0.000142 0.008279
d1 0.030000 0.194771 1680.000000 0.000000 0.000170 0.000142 0.008186
d1 0.030000 0.194771 1685.000000 0.000000 0.000170 0.000142 0.008094
d1 0.030000 0.194771 1690.000000 0.000000 0.000170 0.000142 0.008003
d1 0.030000 0.194771 1695.000000 0.000000 0.000170 0.000142 0.007913
d1 0.030000 0.194771 1700.000000 0.000000 0.000170 0.000142 0.007824
d1 0.030000 0.194771 1705.000000 0.000000 0.000170 0.000142 0.007736
d1 0.030000 0.194771 1710.000000 0.000000 0.000170 0.000142 0.007649
d1 0.030000 0.194771 1715.000000 0.000000 0.000170 0.000142 0.007562
d1 0.030000 0.194771 1720.000000 0.000000 0.000170 0.000142 0.007477
d1 0.030000 0.194771 1725.000000 0.000000 0.000170 0.000142 0.007393
d1 0.030000 0.194771 1730.000000 0.000000 0.000170 0.000142 0.007310
d1 0.030000 0.194771 1735.000000 0.000000 0.000170 0.000142 0.007228
d1 0.030000 0.194771 1740.000000 0.000000 0.000170 0.000142 0.007147
d1 0.030000 0.194771 1745.000000 0.000000 0.000170 0.000142 0.007066
d1 0.030000 0.194771 1750.000000 0.000000 0.000170 0.000142 0.006987
d1 0.030000 0.194771 1755.000000 0.000000 0.000170 0.000142 0.006909
d1 0.030000 0.194771 1760.000000 0.000000 0.000170 0.000142 0.006831
d1 0.030000 0.194771 1765.000000 0.000000 0.000170 0.000142 0.006754
d1 0.030000 0.194771 1770.000000 0.000000 0.000170 0.000142 0.006679
d1 0.030000 0.194771 1775.000000 0.000000 0.000170 0.000142 0.006604
d1 0.030000 0.194771 1780.000000 0.000000 0.000170 0.000142 0.006529
d1 0.030000 0.194771 1785.000000 0.000000 0.000170 0.000142 0.006456
d1 0.030000 0.194771 1790.000000 0.000000 0.000170 0.000142 0.006384
d1 0.030000 0.194771 1795.000000 0.000000 0.000170 0.000142 0.006312
d1 0.030000 0.194771 1800.000000 0.000000 0.000170 0.000142 0.006241
d1 0.030000 0.194771 1805.000000 0.000000 0.000170 0.000142 0.006171
d1 0.030000 0.194771 1810.000000 0.000000 0.000170 0.000142 0.006102
d1 0.030000 0.194771 1815.000000 0.000000 0.000170 0.000142 0.006034
d1 0.030000 0.194771 1820.000000 0.000000 0.000170 0.000142 0.005966
d1 0.030000 0.194771 1825.000000 0.000000 0.000170 0.000142 0.005900
d1 0.030000 0.194771 1830.000000 0.000000 0.000170 0.000142 0.005834
d1 0.030000 0.194771 1835.000000 0.000000 0.000170 0.000142 0.005768
d1 0.030000 0.194771 1840.000000 0.000000 0.000170 0.000142 0.005704
d1 0.030000 0.194771 1845.000000 0.000000 0.000170 0.000142 0.005640
d1 0.030000 0.194771 1850.000000 0.000000 0.000170 0.000142 0.005577
d1 0.030000 0.194771 1855.000000 0.000000 0.000170 0.000142 0.005514
d1 0.030000 0.194771 1860.000000 0.000000 0.000170 0.000142 0.005453
d1 0.030000 0.194771 1865.000000 0.000000 0.000170 0.000142 0.005392
d1 0.030000 0.194771 1870.000000 0.000000 0.000170 0.000142 0.005332
d1 0.030000 0.194771 1875.000000 0.000000 0.000170 0.000142 0.005272
d1 0.030000 0.194771 1880.000000 0.000000 0.000170 0.000142 0.005213
d1 0.030000 0.194771 1885.000000 0.000000 0.000170 0.000142 0.005155
d1 0.030000 0.194771 1890.000000 0.000000 0.000170 0.000142 0.005097
d1 0.030000 0.194771 1895.000000 0.000000 0.000170 0.000142 0.005041
d1 0.030000 0.194771 1900.000000 0.000000 0.000170 0.000142 0.004984
d1 0.030000 0.194771 1905.000000 0.000000 0.000170 0.000142 0.004929
d1 0.030000 0.194771 1910.000000 0.000000 0.000170 0.000142 0.004874
d1 0.030000 0.194771 1915.000000 0.000000 0.000170 0.000142 0.004820
d1 0.030000 0.194771 1920.000000 0.000000 0.000170 0.000142 0.004766
d1 0.030000 0.194771 1925.000000 0.000000 0.000170 0.000142 0.004713
d1 0.030000 0.194771 1930.000000 0.000000 0.000170 0.000142 0.004660
d1 0.030000 0.194771 1935.000000 0.000000 0.000170 0.000142 0.004608
d1 0.030000 0.194771 1940.000000 0.000000 0.000170 0.000142 0.004557
d1 0.030000 0.194771 1945.000000 0.000000 0.000170 0.000142 0.004506
d1 0.030000 0.194771 1950.000000 0.000000 0.000170 0.000142 0.004456
d1 0.030000 0.194771 1955.000000 0.000000 0.000170 0.000142 0.004407
d1 0.030000 0.194771 1960.000000 0.000000 0.000170 0.000142 0.004358
d1 0.030000 0.194771 1965.000000 0.000000 0.000170 0.000142 0.004309
d1 0.030000 0.194771 1970.000000 0.000000 0.000170 0.000142 0.004261
d1 0.030000 0.194771 1975.000000 0.000000 0.000170 0.000142 0.004214
d1 0.030000 0.194771 1980.000000 0.000000 0.000170 0.000142 0.004167
d1 0.030000 0.194771 1985.000000 0.000000 0.000170 0.000142 0.004121
d1 0.030000 0.194771 1990.000000 0.000000 0.000170 0.000142 0.004075
d1 0.030000 0.194771 1995.000000 0.000000 0.000170 0.000142 0.004030
d1 0.030000 0.194771 2000.000000 0.000000 0.000170 0.000142 0.003986
d1 0.030000 0.194771 2005.000000 0.000000 0.000170 0.000142 0.003941
d1 0.030000 0.194771 2010.000000 0.000000 0.000170 0.000142 0.003898
d1 0.030000 0.194771 2015.000000 0.000000 0.000170 0.000142 0.003855
d1 0.030000 0.194771 2020.000000 0.000000 0.000170 0.000142 0.003812
d1 0.030000 0.194771 2025.000000 0.000000 0.000170 0.000142 0.003770
d1 0.030000 0.194771 2030.000000 0.000000 0.000170 0.000142 0.003728
d1 0.030000 0.194771 2035.000000 0.000000 0.000170 0.000142 0.003687
d1 0.030000 0.194771 2040.000000 0.000000 0.000170 0.000142 0.003646
d1 0.030000 0.194771 2045.000000 0.000000 0.000170 0.000142 0.003606
d1 0.030000 0.194771 2050.000000 0.000000 0.000170 0.000142 0.003566
d1 0.030000 0.194771 2055.000000 0.000000 0.000170 0.000142 0.003527
d1 0.030000 0.194771 2060.000000 0.000000 0.000170 0.000142 0.003488
d1 0.030000 0.194771 2065.000000 0.000000 0.000170 0.000142 0.003449
d1 0.030000 0.194771 2070.000000 0.000000 0.000170 0.000142 0.003411
d1 0.030000 0.194771 2075.000000 0.000000 0.000170 0.000142 0.003374
d1 0.030000 0.194771 2080.000000 0.000000 0.000170 0.000142 0.003337
d1 0.030000 0.194771 2085.000000 0.000000 0.000170 0.000142 0.003300
d1 0.030000 0.194771 2090.000000 0.000000 0.000170 0.000142 0.003263
d1 0.030000 0.194771 2095.000000 0.000000 0.000170 0.000142 0.003228
d1 0.030000 0.194771 2100.000000 0.000000 0.000170 0.000142 0.003192
d1 0.030000 0.194771 2105.000000 0.000000 0.000170 0.000142 0.003157
d1 0.030000 0.194771 2110.000000 0.000000 0.000170 0.000142 0.003122
d1 0.030000 0.194771 2115.000000 0.000000 0.000170 0.000142 0.003088
d1 0.030000 0.194771 2120.000000 0.000000 0.000170 0.000142 0.003054
d1 0.030000 0.194771 2125.000000 0.000000 0.000170 0.000142 0.003021
d1 0.030000 0.194771 2130.000000 0.000000 0.000170 0.000142 0.002987
d1 0.030000 0.194771 2135.000000 0.000000 0.000170 0.000142 0.002955
d1 0.030000 0.194771 2140.000000 0.000000 0.000170 0.000142 0.002922
d1 0.030000 0.194771 2145.000000 0.000000 0.000170 0.000142 0.002890
d1 0.030000 0.194771 2150.000000 0.000000 0.000170 0.000142 0.002859
d1 0.030000 0.194771 2155.000000 0.000000 0.000170 0.000142 0.002827
d1 0.030000 0.194771 2160.000000 0.000000 0.000170 0.000142 0.002797
d1 0.030000 0.194771 2165.000000 0.000000 0.000170 0.000142 0.002766
d1 0.030000 0.194771 2170.000000 0.000000 0.000170 0.000142 0.002736
d1 0.030000 0.194771 2175.000000 0.000000 0.000170 0.000142 0.002706
d1 0.030000 0.194771 2180.000000 0.000000 0.000170 0.000142 0.002676
d1 0.030000 0.194771 2185.000000 0.000000 0.000170 0.000142 0.002647
d1 0.030000 0.194771 2190.000000 0.000000 0.000170 0.000142 0.002618
d1 0.030000 0.194771 2195.000000 0.000000 0.000170 0.000142 0.002590
d1 0.030000 0.194771 2200.000000 0.000000 0.000170 0.000142 0.002562
d1 0.030000 0.194771 2205.000000 0.000000 0.000170 0.000142 0.002534
d1 0.030000 0.194771 2210.000000 0.000000 0.000170 0.000142 0.002506
d1 0.030000 0.194771 2215.000000 0.000000 0.000170 0.000142 0.002479
d1 0.030000 0.194771 2220.000000 0.000000 0.000170 0.000142 0.002452
d1 0.030000 0.194771 2225.000000 0.000000 0.000170 0.000142 0.002425
d1 0.030000 0.194771 2230.000000 0.000000 0.000170 0.000142 0.002399
d1 0.030000 0.194771 2235.000000 0.000000 0.000170 0.000142 0.002373
d1 0.030000 0.194771 2240.000000 0.000000 0.000170 0.000142 0.002347
d1 0.030000 0.194771 2245.000000 0.000000 0.000170 0.000142 0.002322
d1 0.030000 0.194771 2250.000000 0.000000 0.000170 0.000142 0.002297
d1 0.030000 0.194771 2255.000000 0.000000 0.000170 0.000142 0.002272
d1 0.030000 0.194771 2260.000000 0.000000 0.000170 0.000142 0.002247
d1 0.030000 0.194771 2265.000000 0.000000 0.000170 0.000142 0.002223
d1 0.030000 0.194771 2270.000000 0.000000 0.000170 0.000142 0.002199
d1 0.030000 0.194771 2275.000000 0.000000 0.000170 0.000142 0.002175
d1 0.030000 0.194771 2280.000000 0.000000 0.000170 0.000142 0.002152
d1 0.030000 0.194771 2285.000000 0.000000 0.000170 0.000142 0.002129
d1 0.030000 0.194771 2290.000000 0.000000 0.000170 0.000142 0.002106
d1 0.030000 0.194771 2295.000000 0.000000 0.000170 0.000142 0.002083
d1 0.030000 0.194771 2300.000000 0.000000 0.000170 0.000142 0.002061
d1 0.030000 0.194771 2305.000000 0.000000 0.000170 0.000142 0.002038
d1 0.030000 0.194771 2310.000000 0.000000 0.000170 0.000142 0.002017
d1 0.030000 0.194771 2315.000000 0.000000 0.000170 0.000142 0.001995
d1 0.030000 0.194771 2320.000000 0.000000 0.000170 0.000142 0.001974
d1 0.030000 0.194771 2325.000000 0.000000 0.000170 0.000142 0.001952
d1 0.030000 0.194771 2330.000000 0.000000 0.000170 0.000142 0.001931
d1 0.030000 0.194771 2335.000000 0.000000 0.000170 0.000142 0.001911
d1 0.030000 0.194771 2340.000000 0.000000 0.000170 0.000142 0.001890
d1 0.030000 0.194771 2345.000000 0.000000 0.000170 0.000142 0.001870
d1 0.030000 0.194771 2350.000000 0.000000 0.000170 0.000142 0.001850
d1 0.030000 0.194771 2355.000000 0.000000 0.000170 0.000142 0.001830
d1 0.030000 0.194771 2360.000000 0.000000 0.000170 0.000142 0.001811
d1 0.030000 0.194771 2365.000000 0.000000 0.000170 0.000142 0.001792
d1 0.030000 0.194771 2370.000000 0.000000 0.000170 0.000142 0.001773
d1 0.030000 0.194771 2375.000000 0.000000 0.000170 0.000142 0.001754
d1 0.030000 0.194771 2380.000000 0.000000 0.000170 0.000142 0.001735
d1 0.030000 0.194771 2385.000000 0.000000 0.000170 0.000142 0.001717
d1 0.030000 0.194771 2390.000000 0.000000 0.000170 0.000142 0.001698
d1 0.030000 0.194771 2395.000000 0.000000 0.000170 0.000142 0.001680
d1 0.030000 0.194771 2400.000000 0.000000 0.000170 0.000142 0.001663
d1 0.030000 0.194771 2405.000000 0.000000 0.000170 0.000142 0.001645
d1 0.030000 0.194771 2410.000000 0.000000 0.000170 0.000142 0.001628
d1 0.030000 0.194771 2415.000000 0.000000 0.000170 0.000142 0.001610
d1 0.030000 0.194771 2420.000000 0.000000 0.000170 0.000142 0.001593
d1 0.030000 0.194771 2425.000000 0.000000 0.000170 0.000142 0.001577
d1 0.030000 0.194771 2430.000000 0.000000 0.000170 0.000142 0.001560
d1 0.030000 0.194771 2435.000000 0.000000 0.000170 0.000142 0.001544
d1 0.030000 0.194771 2440.000000 0.000000 0.000170 0.000142 0.001527
d1 0.030000 0.194771 2445.000000 0.000000 0.000170 0.000142 0.001511
d1 0.030000 0.194771 2450.000000 0.000000 0.000170 0.000142 0.001495
d1 0.030000 0.194771 2455.000000 0.000000 0.000170 0.000142 0.001480
d1 0.030000 0.194771 2460.000000 0.000000 0.000170 0.000142 0.001464
d1 0.030000 0.194771 2465.000000 0.000000 0.000170 0.000142 0.001449
d1 0.030000 0.194771 2470.000000 0.000000 0.000170 0.000142 0.001434
d1 0.030000 0.194771 2475.000000 0.000000 0.000170 0.000142 0.001419
d1 0.030000 0.194771 2480.000000 0.000000 0.000170 0.000142 0.001404
d1 0.030000 0.194771 2485.000000 0.000000 0.000170 0.000142 0.001389
d1 0.030000 0.194771 2490.000000 0.000000 0.000170 0.000142 0.001375
d1 0.030000 0.194771 2495.000000 0.000000 0.000170 0.000142 0.001360
d1 0.030000 0.194771 2500.000000 0.000000 0.000170 0.000142 0.001346
d1 0.030000 0.194771 2505.000000 0.000000 0.000170 0.000142 0.001332
d1 0.030000 0.194771 2510.000000 0.000000 0.000170 0.000142 0.001318
d1 0.030000 0.194771 2515.000000 0.000000 0.000170 0.000142 0.001305
d1 0.030000 0.194771 2520.000000 0.000000 0.000170 0.000142 0.001291
d1 0.030000 0.194771 2525.000000 0.000000 0.000170 0.000142 0.001278
d1 0.030000 0.194771 2530.000000 0.000000 0.000170 0.000142 0.001265
d1 0.030000 0.194771 2535.000000 0.000000 0.000170 0.000142 0.001252
d1 0.030000 0.194771 2540.000000 0.000000 0.000170 0.000142 0.001239
d1 0.030000 0.194771 2545.000000 0.000000 0.000170 0.000142 0.001226
d1 0.030000 0.194771 2550.000000 0.000000 0.000170 0.000142 0.001213
d1 0.030000 0.194771 2555.000000 0.000000 0.000170 0.000142 0.001201
d1 0.030000 0.194771 2560.000000 0.000000 0.000170 0.000142 0.001189
d1 0.030000 0.194771 2565.000000 0.000000 0.000170 0.000142 0.001176
d1 0.030000 0.194771 2570.000000 0.000000 0.000170 0.000142 0.001164
d1 0.030000 0.194771 2575.000000 0.000000 0.000170 0.000142 0.001153
d1 0.030000 0.194771 2580.000000 0.000000 0.000170 0.000142 0.001141
d1 0.030000 0.194771 2585.000000 0.000000 0.000170 0.000142 0.001129
d1 0.030000 0.194771 2590.000000 0.000000 0.000170 0.000142 0.001118
d1 0.030000 0.194771 2595.000000 0.000000 0.000170 0.000142 0.001106
d1 0.030000 0.194771 2600.000000 0.000000 0.000170 0.000142 0.001095
d1 0.030000 0.194771 2605.000000 0.000000 0.000170 0.000142 0.001084
d1 0.030000 0.194771 2610.000000 0.000000 0.000170 0.000142 0.001073
d1 0.030000 0.194771 2615.000000 0.000000 0.000170 0.000142 0.001062
d1 0.030000 0.194771 2620.000000 0.000000 0.000170 0.000142 0.001051
d1 0.030000 0.194771 2625.000000 0.000000 0.000170 0.000142 0.001041
d1 0.030000 0.194771 2630.000000 0.000000 0.000170 0.000142 0.001030
d1 0.030000 0.194771 2635.000000 0.000000 0.000170 0.000142 0.001020
d1 0.030000 0.194771 2640.000000 0.000000 0.000170 0.000142 0.001010
d1 0.030000 0.194771 2645.000000 0.000000 0.000170 0.000142 0.000999
d1 0.030000 0.194771 2650.000000 0.000000 0.000170 0.000142 0.000989
d1 0.030000 0.194771 2655.000000 0.000000 0.000170 0.000142 0.000980
d1 0.030000 0.194771 2660.000000 0.000000 0.000170 0.000142 0.000970
d1 0.030000 0.194771 2665.000000 0.000000 0.000170 0.000142 0.000960
d1 0.030000 0.194771 2670.000000 0.000000 0.000170 0.000142 0.000951
d1 0.030000 0.194771 2675.000000 0.000000 0.000170 0.000142 0.000941
d1 0.030000 0.194771 2680.000000 0.000000 0.000170 0.000142 0.000932
d1 0.030000 0.194771 2685.000000 0.000000 0.000170 0.000142 0.000922
d1 0.030000 0.194771 2690.000000 0.000000 0.000170 0.000142 0.000913
d1 0.030000 0.194771 2695.000000 0.000000 0.000170 0.000142 0.000904
d1 0.030000 0.194771 2700.000000 0.000000 0.000170 0.000142 0.000895
d1 0.030000 0.194771 2705.000000 0.000000 0.000170 0.000142 0.000887
d1 0.030000 0.194771 2710.000000 0.000000 0.000170 0.000142 0.000878
d1 0.030000 0.194771 2715.000000 0.000000 0.000170 0.000142 0.000869
d1 0.030000 0.194771 2720.000000 0.000000 0.000170 0.000142 0.000861
d1 0.030000 0.194771 2725.000000 0.000000 0.000170 0.000142 0.000852
d1 0.030000 0.194771 2730.000000 0.000000 0.000170 0.000142 0.000844
d1 0.030000 0.194771 2735.000000 0.000000 0.000170 0.000142 0.000836
d1 0.030000 0.194771 2740.000000 0.000000 0.000170 0.000142 0.000828
d1 0.030000 0.194771 2745.000000 0.000000 0.000170 0.000142 0.000819
d1 0.030000 0.194771 2750.000000 0.000000 0.000170 0.000142 0.000811
d1 0.030000 0.194771 2755.000000 0.000000 0.000170 0.000142 0.000804
d1 0.030000 0.194771 2760.000000 0.000000 0.000170 0.000142 0.000796
d1 0.030000 0.194771 2765.000000 0.000000 0.000170 0.000142 0.000788
d1 0.030000 0.194771 2770.000000 0.000000 0.000170 0.000142 0.000781
d1 0.030000 0.194771 2775.000000 0.000000 0.000170 0.000142 0.000773
d1 0.030000 0.194771 2780.000000 0.000000 0.000170 0.000142 0.000766
d1 0.030000 0.194771 2785.000000 0.000000 0.000170 0.000142 0.000758
d1 0.030000 0.194771 2790.000000 0.000000 0.000170 0.000142 0.000751
d1 0.030000 0.194771 2795.000000 0.000000 0.000170 0.000142 0.000744
d1 0.030000 0.194771 2800.000000 0.000000 0.000170 0.000142 0.000737
d1 0.030000 0.194771 2805.000000 0.000000 0.000170 0.000142 0.000730
d1 0.030000 0.194771 2810.000000 0.000000 0.000170 0.000142 0.000723
d1 0.030000 0.194771 2815.000000 0.000000 0.000170 0.000142 0.000716
d1 0.030000 0.194771 2820.000000 0.000000 0.000170 0.000142 0.000709
d1 0.030000 0.194771 2825.000000 0.000000 0.000170 0.000142 0.000702
d1 0.030000 0.194771 2830.000000 0.000000 0.000170 0.000142 0.000696
d1 0.030000 0.194771 2835.000000 0.000000 0.000170 0.000142 0.000689
d1 0.030000 0.194771 2840.000000 0.000000 0.000170 0.000142 0.000683
d1 0.030000 0.194771 2845.000000 0.000000 0.000170 0.000142 0.000676
d1 0.030000 0.194771 2850.000000 0.000000 0.000170 0.000142 0.000670
d1 0.030000 0.194771 2855.000000 0.000000 0.000170 0.000142 0.000664
d1 0.030000 0.194771 2860.000000 0.000000 0.000170 0.000142 0.000658
d1 0.030000 0.194771 2865.000000 0.000000 0.000170 0.000142 0.000652
d1 0.030000 0.194771 2870.000000 0.000000 0.000170 0.000142 0.000645
d1 0.030000 0.194771 2875.000000 0.000000 0.000170 0.000142 0.000640
d1 0.030000 0.194771 2880.000000 0.000000 0.000170 0.000142 0.000634
d1 0.030000 0.194771 2885.000000 0.000000 0.000170 0.000142 0.000628
d1 0.030000 0.194771 2890.000000 0.000000 0.000170 0.000142 0.000622
d1 0.030000 0.194771 2895.000000 0.000000 0.000170 0.000142 0.000616
d1 0.030000 0.194771 2900.000000 0.000000 0.000170 0.000142 0.000611
d1 0.030000 0.194771 2905.000000 0.000000 0.000170 0.000142 0.000605
d1 0.030000 0.194771 2910.000000 0.000000 0.000170 0.000142 0.000600
d1 0.030000 0.194771 2915.000000 0.000000 0.000170 0.000142 0.000594
d1 0.030000 0.194771 2920.000000 0.000000 0.000170 0.000142 0.000589
d1 0.030000 0.194771 2925.000000 0.000000 0.000170 0.000142 0.000583
d1 0.030000 0.194771 2930.000000 0.000000 0.000170 0.000142 0.000578
d1 0.030000 0.194771 2935.000000 0.000000 0.000170 0.000142 0.000573
d1 0.030000 0.194771 2940.000000 0.000000 0.000170 0.000142 0.000568
d1 0.030000 0.194771 2945.000000 0.000000 0.000170 0.000142 0.000563
d1 0.030000 0.194771 2950.000000 0.000000 0.000170 0.000142 0.000558
d1 0.030000 0.194771 2955.000000 0.000000 0.000170 0.000142 0.000553
d1 0.030000 0.194771 2960.000000 0.000000 0.000170 0.000142 0.000548
d1 0.030000 0.194771 2965.000000 0.000000 0.000170 0.000142 0.000543
d1 0.030000 0.194771 2970.000000 0.000000 0.000170 0.000142 0.000538
d1 0.030000 0.194771 2975.000000 0.000000 0.000170 0.000142 0.000533
d1 0.030000 0.194771 2980.000000 0.000000 0.000170 0.000142 0.000529
d1 0.030000 0.194771 2985.000000 0.000000 0.000170 0.000142 0.000524
d1 0.030000 0.194771 2990.000000 0.000000 0.000170 0.000142 0.000520
d1 0.030000 0.194771 2995.000000 0.000000 0.000170 0.000142 0.000515
d1 0.030000 0.194771 3000.000000 0.000000 0.000170 0.000142 0.000511
d1 0.030000 0.194771 3005.000000 0.000000 0.000170 0.000142 0.000506
d1 0.030000 0.194771 3010.000000 0.000000 0.000170 0.000142 0.000502
d1 0.030000 0.194771 3015.000000 0.000000 0.000170 0.000142 0.000497
d1 0.030000 0.194771 3020.000000 0.000000 0.000170 0.000142 0.000493
d1 0.030000 0.194771 3025.000000 0.000000 0.000170 0.000142 0.000489
d1 0.030000 0.194771 3030.000000 0.000000 0.000170 0.000142 0.000485
d1 0.030000 0.194771 3035.000000 0.000000 0.000170 0.000142 0.000481
d1 0.030000 0.194771 3040.000000 0.000000 0.000170 0.000142 0.000476
d1 0.030000 0.194771 3045.000000 0.000000 0.000170 0.000142 0.000472
d1 0.030000 0.194771 3050.000000 0.000000 0.000170 0.000142 0.000468
d1 0.030000 0.194771 3055.000000 0.000000 0.000170 0.000142 0.000465
d1 0.030000 0.194771 3060.000000 0.000000 0.000170 0.000142 0.000461
d1 0.030000 0.194771 3065.000000 0.000000 0.000170 0.000142 0.000457
d1 0.030000 0.194771 3070.000000 0.000000 0.000170 0.000142 0.000453
d1 0.030000 0.194771 3075.000000 0.000000 0.000170 0.000142 0.000449
d1 0.030000 0.194771 3080.000000 0.000000 0.000170 0.000142 0.000445
d1 0.030000 0.194771 3085.000000 0.000000 0.000170 0.000142 0.000442
d1 0.030000 0.194771 3090.000000 0.000000 0.000170 0.000142 0.000438
d1 0.030000 0.194771 3095.000000 0.000000 0.000170 0.000142 0.000435
d1 0.030000 0.194771 3100.000000 0.000000 0.000170 0.000142 0.000431
d1 0.030000 0.194771 3105.000000 0.000000 0.000170 0.000142 0.000427
d1 0.030000 0.194771 3110.000000 0.000000 0.000170 0.000142 0.000424
d1 0.030000 0.194771 3115.000000 0.000000 0.000170 0.000142 0.000421
d1 0.030000 0.194771 3120.000000 0.000000 0.000170 0.000142 0.000417
d1 0.030000 0.194771 3125.000000 0.000000 0.000170 0.000142 0.000414
d1 0.030000 0.194771 3130.000000 0.000000 0.000170 0.000142 0.000410
d1 0.030000 0.194771 3135.000000 0.000000 0.000170 0.000142 0.000407
d1 0.030000 0.194771 3140.000000 0.000000 0.000170 0.000142 0.000404
d1 0.030000 0.194771 3145.000000 0.000000 0.000170 0.000142 0.000401
d1 0.030000 0.194771 3150.000000 0.000000 0.000170 0.000142 0.000398
d1 0.030000 0.194771 3155.000000 0.000000 0.000170 0.000142 0.000394
d1 0.030000 0.194771 3160.000000 0.000000 0.000170 0.000142 0.000391
d1 0.030000 0.194771 3165.000000 0.000000 0.000170 0.000142 0.000388
d1 0.030000 0.194771 3170.000000 0.000000 0.000170 0.000142 0.000385
d1 0.030000 0.194771 3175.000000 0.000000 0.000170 0.000142 0.000382
d1 0.030000 0.194771 3180.000000 0.000000 0.000170 0.000142 0.000379
d1 0.030000 0.194771 3185.000000 0.000000 0.000170 0.000142 0.000376
d1 0.030000 0.194771 3190.000000 0.000000 0.000170 0.000142 0.000373
d1 0.030000 0.194771 3195.000000 0.000000 0.000170 0.000142 0.000371
d1 0.030000 0.194771 3200.000000 0.000000 0.000170 0.000142 0.000368
d1 0.030000 0.194771 3205.000000 0.000000 0.000170 0.000142 0.000365
d1 0.030000 0.194771 3210.000000 0.000000 0.000170 0.000142 0.000362
d1 0.030000 0.194771 3215.000000 0.000000 0.000170 0.000142 0.000359
d1 0.030000 0.194771 3220.000000 0.000000 0.000170 0.000142 0.000357
d1 0.030000 0.194771 3225.000000 0.000000 0.000170 0.000142 0.000354
d1 0.030000 0.194771 3230.000000 0.000000 0.000170 0.000142 0.000351
d1 0.030000 0.194771 3235.000000 0.000000 0.000170 0.000142 0.000349
d1 0.030000 0.194771 3240.000000 0.000000 0.000170 0.000142 0.000346
d1 0.030000 0.194771 3245.000000 0.000000 0.000170 0.000142 0.000344
d1 0.030000 0.194771 3250.000000 0.000000 0.000170 0.000142 0.000341
d1 0.030000 0.194771 3255.000000 0.000000 0.000170 0.000142 0.000339
d1 0.030000 0.194771 3260.000000 0.000000 0.000170 0.000142 0.000336
d1 0.030000 0.194771 3265.000000 0.000000 0.000170 0.000142 0.000334
d1 0.030000 0.194771 3270.000000 0.000000 0.000170 0.000142 0.000331
d1 0.030000 0.194771 3275.000000 0.000000 0.000170 0.000142 0.000329
d1 0.030000 0.194771 3280.000000 0.000000 0.000170 0.000142 0.000327
d1 0.030000 0.194771 3285.000000 0.000000 0.000170 0.000142 0.000324
d1 0.030000 0.194771 3290.000000 0.000000 0.000170 0.000142 0.000322
d1 0.030000 0.194771 3295.000000 0.000000 0.000170 0.000142 0.000320
d1 0.030000 0.194771 3300.000000 0.000000 0.000170 0.000142 0.000318
d1 0.030000 0.194771 3305.000000 0.000000 0.000170 0.000142 0.000315
d1 0.030000 0.194771 3310.000000 0.000000 0.000170 0.000142 0.000313
d1 0.030000 0.194771 3315.000000 0.000000 0.000170 0.000142 0.000311
d1 0.030000 0.194771 3320.000000 0.000000 0.000170 0.000142 0.000309
d1 0.030000 0.194771 3325.000000 0.000000 0.000170 0.000142 0.000307
d1 0.030000 0.194771 3330.000000 0.000000 0.000170 0.000142 0.000305
d1 0.030000 0.194771 3335.000000 0.000000 0.000170 0.000142 0.000303
d1 0.030000 0.194771 3340.000000 0.000000 0.000170 0.000142 0.000300
d1 0.030000 0.194771 3345.000000 0.000000 0.000170 0.000142 0.000298
d1 0.030000 0.194771 3350.000000 0.000000 0.000170 0.000142 0.000296
d1 0.030000 0.194771 3355.000000 0.000000 0.000170 0.000142 0.000294
d1 0.030000 0.194771 3360.000000 0.000000 0.000170 0.000142 0.000293
d1 0.030000 0.194771 3365.000000 0.000000 0.000170 0.000142 0.000291
d1 0.030000 0.194771 3370.000000 0.000000 0.000170 0.000142 0.000289
d1 0.030000 0.194771 3375.000000 0.000000 0.000170 0.000142 0.000287
d1 0.030000 0.194771 3380.000000 0.000000 0.000170 0.000142 0.000285
d1 0.030000 0.194771 3385.000000 0.000000 0.000170 0.000142 0.000283
d1 0.030000 0.194771 3390.000000 0.000000 0.000170 0.000142 0.000281
d1 0.030000 0.194771 3395.000000 0.000000 0.000170 0.000142 0.000279
d1 0.030000 0.194771 3400.000000 0.000000 0.000170 0.000142 0.000278
d1 0.030000 0.194771 3405.000000 0.000000 0.000170 0.000142 0.000276
d1 0.030000 0.194771 3410.000000 0.000000 0.000170 0.000142 0.000274
d1 0.030000 0.194771 3415.000000 0.000000 0.000170 0.000142 0.000272
d1 0.030000 0.194771 3420.000000 0.000000 0.000170 0.000142 0.000271
d1 0.030000 0.194771 3425.000000 0.000000 0.000170 0.000142 0.000269
d1 0.030000 0.194771 3430.000000 0.000000 0.000170 0.000142 0.000267
d1 0.030000 0.194771 3435.000000 0.000000 0.000170 0.000142 0.000266
d1 0.030000 0.194771 3440.000000 0.000000 0.000170 0.000142 0.000264
d1 0.030000 0.194771 3445.000000 0.000000 0.000170 0.000142 0.000262
d1 0.030000 0.194771 3450.000000 0.000000 0.000170 0.000142 0.000261
d1 0.030000 0.194771 3455.000000 0.000000 0.000170 0.000142 0.000259
d1 0.030000 0.194771 3460.000000 0.000000 0.000170 0.000142 0.000258
d1 0.030000 0.194771 3465.000000 0.000000 0.000170 0.000142 0.000256
d1 0.030000 0.194771 3470.000000 0.000000 0.000170 0.000142 0.000255
d1 0.030000 0.194771 3475.000000 0.000000 0.000170 0.000142 0.000253
d1 0.030000 0.194771 3480.000000 0.000000 0.000170 0.000142 0.000252
d1 0.030000 0.194771 3485.000000 0.000000 0.000170 0.000142 0.000250
d1 0.030000 0.194771 3490.000000 0.000000 0.000170 0.000142 0.000249
d1 0.030000 0.194771 3495.000000 0.000000 0.000170 0.000142 0.000247
d1 0.030000 0.194771 3500.000000 0.000000 0.000170 0.000142 0.000246
d1 0.030000 0.194771 3505.000000 0.000000 0.000170 0.000142 0.000245
d1 0.030000 0.194771 3510.000000 0.000000 0.000170 0.000142 0.000243
d1 0.030000 0.194771 3515.000000 0.000000 0.000170 0.000142 0.000242
d1 0.030000 0.194771 3520.000000 0.000000 0.000170 0.000142 0.000240
d1 0.030000 0.194771 3525.000000 0.000000 0.000170 0.000142 0.000239
d1 0.030000 0.194771 3530.000000 0.000000 0.000170 0.000142 0.000238
d1 0.030000 0.194771 3535.000000 0.000000 0.000170 0.000142 0.000236
d1 0.030000 0.194771 3540.000000 0.000000 0.000170 0.000142 0.000235
d1 0.030000 0.194771 3545.000000 0.000000 0.000170 0.000142 0.000234
d1 0.030000 0.194771 3550.000000 0.000000 0.000170 0.000142 0.000233
d1 0.030000 0.194771 3555.000000 0.000000 0.000170 0.000142 0.000231
d1 0.030000 0.194771 3560.000000 0.000000 0.000170 0.000142 0.000230
d1 0.030000 0.194771 3565.000000 0.000000 0.000170 0.000142 0.000229
d1 0.030000 0.194771 3570.000000 0.000000 0.000170 0.000142 0.000228
d1 0.030000 0.194771 3575.000000 0.000000 0.000170 0.000142 0.000227
d1 0.030000 0.194771 3580.000000 0.000000 0.000170 0.000142 0.000225
d1 0.030000 0.194771 3585.000000 0.000000 0.000170 0.000142 0.000224
d1 0.030000 0.194771 3590.000000 0.000000 0.000170 0.000142 0.000223
d1 0.030000 0.194771 3595.000000 0.000000 0.000170 0.000142 0.000222
d1 0.030000 0.194771 3600.000000 0.000000 0.000170 0.000142 0.000221
