HEADER DATE 01-Aug-2017 12:32:57
HEADER RANDSEED 1748108009
Param True_Value Sim_Value Sim_Time Input mRNA foldedP fluo
d1 0.030000 0.272839 0.000000 2.000000 0.151780 0.126483 0.109985
d1 0.030000 0.272839 5.000000 2.000000 0.151780 0.126483 0.109985
d1 0.030000 0.272839 10.000000 2.000000 0.151780 0.126483 0.109985
d1 0.030000 0.272839 15.000000 2.000000 0.151780 0.126483 0.109985
d1 0.030000 0.272839 20.000000 2.000000 0.151780 0.126483 0.109985
d1 0.030000 0.272839 25.000000 2.000000 0.151780 0.126483 0.109985
d1 0.030000 0.272839 30.000000 2.000000 0.151780 0.126483 0.109985
d1 0.030000 0.272839 35.000000 2.000000 0.151780 0.126483 0.109985
d1 0.030000 0.272839 40.000000 2.000000 0.151780 0.126483 0.109985
d1 0.030000 0.272839 45.000000 2.000000 0.151780 0.126483 0.109985
d1 0.030000 0.272839 50.000000 2.000000 0.151780 0.126483 0.109985
d1 0.030000 0.272839 55.000000 2.000000 0.151780 0.126483 0.109985
d1 0.030000 0.272839 60.000000 2.000000 0.151780 0.126483 0.109985
d1 0.030000 0.272839 65.000000 2.000000 0.151780 0.126483 0.109985
d1 0.030000 0.272839 70.000000 2.000000 0.151780 0.126483 0.109985
d1 0.030000 0.272839 75.000000 2.000000 0.151780 0.126483 0.109985
d1 0.030000 0.272839 80.000000 2.000000 0.151780 0.126483 0.109985
d1 0.030000 0.272839 85.000000 2.000000 0.151780 0.126483 0.109985
d1 0.030000 0.272839 90.000000 2.000000 0.151780 0.126483 0.109985
d1 0.030000 0.272839 95.000000 2.000000 0.151780 0.126483 0.109985
d1 0.030000 0.272839 100.000000 2.000000 0.151780 0.126483 0.109985
d1 0.030000 0.272839 105.000000 2.000000 0.151780 0.126483 0.109985
d1 0.030000 0.272839 110.000000 2.000000 0.151780 0.126483 0.109985
d1 0.030000 0.272839 115.000000 2.000000 0.151780 0.126483 0.109985
d1 0.030000 0.272839 120.000000 2.000000 0.151780 0.126483 0.109985
d1 0.030000 0.272839 125.000000 2.000000 0.151780 0.126483 0.109985
d1 0.030000 0.272839 130.000000 2.000000 0.151780 0.126483 0.109985
d1 0.030000 0.272839 135.000000 2.000000 0.151780 0.126483 0.109985
d1 0.030000 0.272839 140.000000 2.000000 0.151780 0.126483 0.109985
d1 0.030000 0.272839 145.000000 2.000000 0.151780 0.126483 0.109985
d1 0.030000 0.272839 150.000000 2.000000 0.151780 0.126483 0.109985
d1 0.030000 0.272839 155.000000 2.000000 0.151780 0.126483 0.109985
d1 0.030000 0.272839 160.000000 2.000000 0.151780 0.126483 0.109985
d1 0.030000 0.272839 165.000000 2.000000 0.151780 0.126483 0.109985
d1 0.030000 0.272839 170.000000 2.000000 0.151780 0.126483 0.109985
d1 0.030000 0.272839 175.000000 2.000000 0.151780 0.126483 0.109985
d1 0.030000 0.272839 180.000000 2.000000 0.151780 0.126483 0.109985
d1 0.030000 0.272839 185.000000 2.000000 0.151780 0.126483 0.109985
d1 0.030000 0.272839 190.000000 2.000000 0.151780 0.126483 0.109985
d1 0.030000 0.272839 195.000000 2.000000 0.151780 0.126483 0.109985
d1 0.030000 0.272839 200.000000 2.000000 0.151780 0.126483 0.109985
d1 0.030000 0.272839 205.000000 2.000000 0.151780 0.126483 0.109985
d1 0.030000 0.272839 210.000000 2.000000 0.151780 0.126483 0.109985
d1 0.030000 0.272839 215.000000 2.000000 0.151780 0.126483 0.109985
d1 0.030000 0.272839 220.000000 2.000000 0.151780 0.126483 0.109985
d1 0.030000 0.272839 225.000000 2.000000 0.151780 0.126483 0.109985
d1 0.030000 0.272839 230.000000 2.000000 0.151780 0.126483 0.109985
d1 0.030000 0.272839 235.000000 2.000000 0.151780 0.126483 0.109985
d1 0.030000 0.272839 240.000000 2.000000 0.151780 0.126483 0.109985
d1 0.030000 0.272839 245.000000 2.000000 0.151780 0.126483 0.109985
d1 0.030000 0.272839 250.000000 2.000000 0.151780 0.126483 0.109985
d1 0.030000 0.272839 255.000000 2.000000 0.151780 0.126483 0.109985
d1 0.030000 0.272839 260.000000 2.000000 0.151780 0.126483 0.109985
d1 0.030000 0.272839 265.000000 2.000000 0.151780 0.126483 0.109985
d1 0.030000 0.272839 270.000000 2.000000 0.151780 0.126483 0.109985
d1 0.030000 0.272839 275.000000 2.000000 0.151780 0.126483 0.109985
d1 0.030000 0.272839 280.000000 2.000000 0.151780 0.126483 0.109985
d1 0.030000 0.272839 285.000000 2.000000 0.151780 0.126483 0.109985
d1 0.030000 0.272839 290.000000 2.000000 0.151780 0.126483 0.109985
d1 0.030000 0.272839 295.000000 2.000000 0.151780 0.126483 0.109985
d1 0.030000 0.272839 300.000000 2.000000 0.151780 0.126483 0.109985
d1 0.030000 0.272839 305.000000 0.000000 0.038883 0.123113 0.109973
d1 0.030000 0.272839 310.000000 0.000000 0.010028 0.116969 0.109910
d1 0.030000 0.272839 315.000000 0.000000 0.002654 0.110424 0.109783
d1 0.030000 0.272839 320.000000 0.000000 0.000769 0.104066 0.109594
d1 0.030000 0.272839 325.000000 0.000000 0.000287 0.098028 0.109345
d1 0.030000 0.272839 330.000000 0.000000 0.000164 0.092330 0.109041
d1 0.030000 0.272839 335.000000 0.000000 0.000132 0.086960 0.108685
d1 0.030000 0.272839 340.000000 0.000000 0.000124 0.081902 0.108282
d1 0.030000 0.272839 345.000000 0.000000 0.000122 0.077138 0.107834
d1 0.030000 0.272839 350.000000 0.000000 0.000122 0.072652 0.107345
d1 0.030000 0.272839 355.000000 0.000000 0.000122 0.068427 0.106819
d1 0.030000 0.272839 360.000000 0.000000 0.000121 0.064448 0.106258
d1 0.030000 0.272839 365.000000 0.000000 0.000121 0.060701 0.105665
d1 0.030000 0.272839 370.000000 0.000000 0.000121 0.057172 0.105043
d1 0.030000 0.272839 375.000000 0.000000 0.000121 0.053848 0.104393
d1 0.030000 0.272839 380.000000 0.000000 0.000121 0.050718 0.103719
d1 0.030000 0.272839 385.000000 0.000000 0.000121 0.047770 0.103023
d1 0.030000 0.272839 390.000000 0.000000 0.000121 0.044994 0.102306
d1 0.030000 0.272839 395.000000 0.000000 0.000121 0.042380 0.101570
d1 0.030000 0.272839 400.000000 0.000000 0.000121 0.039918 0.100818
d1 0.030000 0.272839 405.000000 0.000000 0.000121 0.037599 0.100050
d1 0.030000 0.272839 410.000000 0.000000 0.000121 0.035415 0.099269
d1 0.030000 0.272839 415.000000 0.000000 0.000121 0.033359 0.098476
d1 0.030000 0.272839 420.000000 0.000000 0.000121 0.031422 0.097672
d1 0.030000 0.272839 425.000000 0.000000 0.000121 0.029598 0.096858
d1 0.030000 0.272839 430.000000 0.000000 0.000121 0.027880 0.096037
d1 0.030000 0.272839 435.000000 0.000000 0.000121 0.026263 0.095207
d1 0.030000 0.272839 440.000000 0.000000 0.000121 0.024739 0.094372
d1 0.030000 0.272839 445.000000 0.000000 0.000121 0.023304 0.093532
d1 0.030000 0.272839 450.000000 0.000000 0.000121 0.021953 0.092687
d1 0.030000 0.272839 455.000000 0.000000 0.000121 0.020680 0.091840
d1 0.030000 0.272839 460.000000 0.000000 0.000121 0.019482 0.090989
d1 0.030000 0.272839 465.000000 0.000000 0.000121 0.018353 0.090137
d1 0.030000 0.272839 470.000000 0.000000 0.000121 0.017290 0.089283
d1 0.030000 0.272839 475.000000 0.000000 0.000121 0.016289 0.088429
d1 0.030000 0.272839 480.000000 0.000000 0.000121 0.015347 0.087575
d1 0.030000 0.272839 485.000000 0.000000 0.000121 0.014459 0.086722
d1 0.030000 0.272839 490.000000 0.000000 0.000121 0.013623 0.085870
d1 0.030000 0.272839 495.000000 0.000000 0.000121 0.012835 0.085020
d1 0.030000 0.272839 500.000000 0.000000 0.000121 0.012094 0.084171
d1 0.030000 0.272839 505.000000 0.000000 0.000121 0.011395 0.083326
d1 0.030000 0.272839 510.000000 0.000000 0.000121 0.010738 0.082483
d1 0.030000 0.272839 515.000000 0.000000 0.000121 0.010118 0.081643
d1 0.030000 0.272839 520.000000 0.000000 0.000121 0.009535 0.080808
d1 0.030000 0.272839 525.000000 0.000000 0.000121 0.008986 0.079976
d1 0.030000 0.272839 530.000000 0.000000 0.000121 0.008468 0.079148
d1 0.030000 0.272839 535.000000 0.000000 0.000121 0.007981 0.078325
d1 0.030000 0.272839 540.000000 0.000000 0.000121 0.007522 0.077506
d1 0.030000 0.272839 545.000000 0.000000 0.000121 0.007090 0.076693
d1 0.030000 0.272839 550.000000 0.000000 0.000121 0.006683 0.075884
d1 0.030000 0.272839 555.000000 0.000000 0.000121 0.006300 0.075081
d1 0.030000 0.272839 560.000000 0.000000 0.000121 0.005939 0.074283
d1 0.030000 0.272839 565.000000 0.000000 0.000121 0.005599 0.073491
d1 0.030000 0.272839 570.000000 0.000000 0.000121 0.005279 0.072705
d1 0.030000 0.272839 575.000000 0.000000 0.000121 0.004977 0.071925
d1 0.030000 0.272839 580.000000 0.000000 0.000121 0.004693 0.071150
d1 0.030000 0.272839 585.000000 0.000000 0.000121 0.004426 0.070382
d1 0.030000 0.272839 590.000000 0.000000 0.000121 0.004174 0.069620
d1 0.030000 0.272839 595.000000 0.000000 0.000121 0.003937 0.068864
d1 0.030000 0.272839 600.000000 0.000000 0.000121 0.003713 0.068115
d1 0.030000 0.272839 605.000000 0.000000 0.000121 0.003503 0.067372
d1 0.030000 0.272839 610.000000 0.000000 0.000121 0.003305 0.066635
d1 0.030000 0.272839 615.000000 0.000000 0.000121 0.003118 0.065905
d1 0.030000 0.272839 620.000000 0.000000 0.000121 0.002943 0.065182
d1 0.030000 0.272839 625.000000 0.000000 0.000121 0.002777 0.064465
d1 0.030000 0.272839 630.000000 0.000000 0.000121 0.002621 0.063755
d1 0.030000 0.272839 635.000000 0.000000 0.000121 0.002475 0.063051
d1 0.030000 0.272839 640.000000 0.000000 0.000121 0.002336 0.062354
d1 0.030000 0.272839 645.000000 0.000000 0.000121 0.002206 0.061664
d1 0.030000 0.272839 650.000000 0.000000 0.000121 0.002084 0.060980
d1 0.030000 0.272839 655.000000 0.000000 0.000121 0.001968 0.060303
d1 0.030000 0.272839 660.000000 0.000000 0.000121 0.001859 0.059632
d1 0.030000 0.272839 665.000000 0.000000 0.000121 0.001757 0.058969
d1 0.030000 0.272839 670.000000 0.000000 0.000121 0.001661 0.058311
d1 0.030000 0.272839 675.000000 0.000000 0.000121 0.001570 0.057661
d1 0.030000 0.272839 680.000000 0.000000 0.000121 0.001484 0.057016
d1 0.030000 0.272839 685.000000 0.000000 0.000121 0.001404 0.056379
d1 0.030000 0.272839 690.000000 0.000000 0.000121 0.001328 0.055748
d1 0.030000 0.272839 695.000000 0.000000 0.000121 0.001256 0.055123
d1 0.030000 0.272839 700.000000 0.000000 0.000121 0.001189 0.054505
d1 0.030000 0.272839 705.000000 0.000000 0.000121 0.001126 0.053893
d1 0.030000 0.272839 710.000000 0.000000 0.000121 0.001066 0.053288
d1 0.030000 0.272839 715.000000 0.000000 0.000121 0.001010 0.052689
d1 0.030000 0.272839 720.000000 0.000000 0.000121 0.000957 0.052096
d1 0.030000 0.272839 725.000000 0.000000 0.000121 0.000907 0.051510
d1 0.030000 0.272839 730.000000 0.000000 0.000121 0.000860 0.050930
d1 0.030000 0.272839 735.000000 0.000000 0.000121 0.000816 0.050356
d1 0.030000 0.272839 740.000000 0.000000 0.000121 0.000775 0.049788
d1 0.030000 0.272839 745.000000 0.000000 0.000121 0.000735 0.049226
d1 0.030000 0.272839 750.000000 0.000000 0.000121 0.000698 0.048670
d1 0.030000 0.272839 755.000000 0.000000 0.000121 0.000664 0.048121
d1 0.030000 0.272839 760.000000 0.000000 0.000121 0.000631 0.047577
d1 0.030000 0.272839 765.000000 0.000000 0.000121 0.000600 0.047039
d1 0.030000 0.272839 770.000000 0.000000 0.000121 0.000571 0.046507
d1 0.030000 0.272839 775.000000 0.000000 0.000121 0.000544 0.045981
d1 0.030000 0.272839 780.000000 0.000000 0.000121 0.000518 0.045460
d1 0.030000 0.272839 785.000000 0.000000 0.000121 0.000494 0.044945
d1 0.030000 0.272839 790.000000 0.000000 0.000121 0.000471 0.044436
d1 0.030000 0.272839 795.000000 0.000000 0.000121 0.000449 0.043933
d1 0.030000 0.272839 800.000000 0.000000 0.000121 0.000429 0.043435
d1 0.030000 0.272839 805.000000 0.000000 0.000121 0.000410 0.042942
d1 0.030000 0.272839 810.000000 0.000000 0.000121 0.000392 0.042455
d1 0.030000 0.272839 815.000000 0.000000 0.000121 0.000375 0.041974
d1 0.030000 0.272839 820.000000 0.000000 0.000121 0.000359 0.041497
d1 0.030000 0.272839 825.000000 0.000000 0.000121 0.000344 0.041026
d1 0.030000 0.272839 830.000000 0.000000 0.000121 0.000330 0.040561
d1 0.030000 0.272839 835.000000 0.000000 0.000121 0.000317 0.040100
d1 0.030000 0.272839 840.000000 0.000000 0.000121 0.000304 0.039645
d1 0.030000 0.272839 845.000000 0.000000 0.000121 0.000292 0.039194
d1 0.030000 0.272839 850.000000 0.000000 0.000121 0.000281 0.038749
d1 0.030000 0.272839 855.000000 0.000000 0.000121 0.000271 0.038309
d1 0.030000 0.272839 860.000000 0.000000 0.000121 0.000261 0.037873
d1 0.030000 0.272839 865.000000 0.000000 0.000121 0.000251 0.037443
d1 0.030000 0.272839 870.000000 0.000000 0.000121 0.000243 0.037017
d1 0.030000 0.272839 875.000000 0.000000 0.000121 0.000234 0.036596
d1 0.030000 0.272839 880.000000 0.000000 0.000121 0.000227 0.036180
d1 0.030000 0.272839 885.000000 0.000000 0.000121 0.000219 0.035769
d1 0.030000 0.272839 890.000000 0.000000 0.000121 0.000213 0.035362
d1 0.030000 0.272839 895.000000 0.000000 0.000121 0.000206 0.034960
d1 0.030000 0.272839 900.000000 0.000000 0.000121 0.000200 0.034562
d1 0.030000 0.272839 905.000000 0.000000 0.000121 0.000194 0.034169
d1 0.030000 0.272839 910.000000 0.000000 0.000121 0.000189 0.033780
d1 0.030000 0.272839 915.000000 0.000000 0.000121 0.000184 0.033395
d1 0.030000 0.272839 920.000000 0.000000 0.000121 0.000179 0.033015
d1 0.030000 0.272839 925.000000 0.000000 0.000121 0.000174 0.032640
d1 0.030000 0.272839 930.000000 0.000000 0.000121 0.000170 0.032268
d1 0.030000 0.272839 935.000000 0.000000 0.000121 0.000166 0.031901
d1 0.030000 0.272839 940.000000 0.000000 0.000121 0.000162 0.031538
d1 0.030000 0.272839 945.000000 0.000000 0.000121 0.000159 0.031179
d1 0.030000 0.272839 950.000000 0.000000 0.000121 0.000155 0.030824
d1 0.030000 0.272839 955.000000 0.000000 0.000121 0.000152 0.030473
d1 0.030000 0.272839 960.000000 0.000000 0.000121 0.000149 0.030126
d1 0.030000 0.272839 965.000000 0.000000 0.000121 0.000147 0.029783
d1 0.030000 0.272839 970.000000 0.000000 0.000121 0.000144 0.029444
d1 0.030000 0.272839 975.000000 0.000000 0.000121 0.000141 0.029109
d1 0.030000 0.272839 980.000000 0.000000 0.000121 0.000139 0.028777
d1 0.030000 0.272839 985.000000 0.000000 0.000121 0.000137 0.028449
d1 0.030000 0.272839 990.000000 0.000000 0.000121 0.000135 0.028126
d1 0.030000 0.272839 995.000000 0.000000 0.000121 0.000133 0.027805
d1 0.030000 0.272839 1000.000000 0.000000 0.000121 0.000131 0.027489
d1 0.030000 0.272839 1005.000000 0.000000 0.000121 0.000129 0.027176
d1 0.030000 0.272839 1010.000000 0.000000 0.000121 0.000128 0.026866
d1 0.030000 0.272839 1015.000000 0.000000 0.000121 0.000126 0.026560
d1 0.030000 0.272839 1020.000000 0.000000 0.000121 0.000125 0.026258
d1 0.030000 0.272839 1025.000000 0.000000 0.000121 0.000123 0.025959
d1 0.030000 0.272839 1030.000000 0.000000 0.000121 0.000122 0.025663
d1 0.030000 0.272839 1035.000000 0.000000 0.000121 0.000121 0.025371
d1 0.030000 0.272839 1040.000000 0.000000 0.000121 0.000120 0.025082
d1 0.030000 0.272839 1045.000000 0.000000 0.000121 0.000119 0.024796
d1 0.030000 0.272839 1050.000000 0.000000 0.000121 0.000118 0.024514
d1 0.030000 0.272839 1055.000000 0.000000 0.000121 0.000117 0.024235
d1 0.030000 0.272839 1060.000000 0.000000 0.000121 0.000116 0.023959
d1 0.030000 0.272839 1065.000000 0.000000 0.000121 0.000115 0.023686
d1 0.030000 0.272839 1070.000000 0.000000 0.000121 0.000114 0.023417
d1 0.030000 0.272839 1075.000000 0.000000 0.000121 0.000113 0.023150
d1 0.030000 0.272839 1080.000000 0.000000 0.000121 0.000113 0.022886
d1 0.030000 0.272839 1085.000000 0.000000 0.000121 0.000112 0.022626
d1 0.030000 0.272839 1090.000000 0.000000 0.000121 0.000111 0.022368
d1 0.030000 0.272839 1095.000000 0.000000 0.000121 0.000111 0.022114
d1 0.030000 0.272839 1100.000000 0.000000 0.000121 0.000110 0.021862
d1 0.030000 0.272839 1105.000000 0.000000 0.000121 0.000110 0.021613
d1 0.030000 0.272839 1110.000000 0.000000 0.000121 0.000109 0.021367
d1 0.030000 0.272839 1115.000000 0.000000 0.000121 0.000109 0.021124
d1 0.030000 0.272839 1120.000000 0.000000 0.000121 0.000108 0.020883
d1 0.030000 0.272839 1125.000000 0.000000 0.000121 0.000108 0.020645
d1 0.030000 0.272839 1130.000000 0.000000 0.000121 0.000108 0.020410
d1 0.030000 0.272839 1135.000000 0.000000 0.000121 0.000107 0.020178
d1 0.030000 0.272839 1140.000000 0.000000 0.000121 0.000107 0.019948
d1 0.030000 0.272839 1145.000000 0.000000 0.000121 0.000107 0.019721
d1 0.030000 0.272839 1150.000000 0.000000 0.000121 0.000106 0.019497
d1 0.030000 0.272839 1155.000000 0.000000 0.000121 0.000106 0.019275
d1 0.030000 0.272839 1160.000000 0.000000 0.000121 0.000106 0.019056
d1 0.030000 0.272839 1165.000000 0.000000 0.000121 0.000105 0.018839
d1 0.030000 0.272839 1170.000000 0.000000 0.000121 0.000105 0.018625
d1 0.030000 0.272839 1175.000000 0.000000 0.000121 0.000105 0.018413
d1 0.030000 0.272839 1180.000000 0.000000 0.000121 0.000105 0.018203
d1 0.030000 0.272839 1185.000000 0.000000 0.000121 0.000105 0.017996
d1 0.030000 0.272839 1190.000000 0.000000 0.000121 0.000104 0.017791
d1 0.030000 0.272839 1195.000000 0.000000 0.000121 0.000104 0.017589
d1 0.030000 0.272839 1200.000000 0.000000 0.000121 0.000104 0.017389
d1 0.030000 0.272839 1205.000000 0.000000 0.000121 0.000104 0.017191
d1 0.030000 0.272839 1210.000000 0.000000 0.000121 0.000104 0.016996
d1 0.030000 0.272839 1215.000000 0.000000 0.000121 0.000104 0.016802
d1 0.030000 0.272839 1220.000000 0.000000 0.000121 0.000104 0.016611
d1 0.030000 0.272839 1225.000000 0.000000 0.000121 0.000103 0.016422
d1 0.030000 0.272839 1230.000000 0.000000 0.000121 0.000103 0.016236
d1 0.030000 0.272839 1235.000000 0.000000 0.000121 0.000103 0.016051
d1 0.030000 0.272839 1240.000000 0.000000 0.000121 0.000103 0.015868
d1 0.030000 0.272839 1245.000000 0.000000 0.000121 0.000103 0.015688
d1 0.030000 0.272839 1250.000000 0.000000 0.000121 0.000103 0.015510
d1 0.030000 0.272839 1255.000000 0.000000 0.000121 0.000103 0.015333
d1 0.030000 0.272839 1260.000000 0.000000 0.000121 0.000103 0.015159
d1 0.030000 0.272839 1265.000000 0.000000 0.000121 0.000103 0.014987
d1 0.030000 0.272839 1270.000000 0.000000 0.000121 0.000102 0.014816
d1 0.030000 0.272839 1275.000000 0.000000 0.000121 0.000102 0.014648
d1 0.030000 0.272839 1280.000000 0.000000 0.000121 0.000102 0.014481
d1 0.030000 0.272839 1285.000000 0.000000 0.000121 0.000102 0.014317
d1 0.030000 0.272839 1290.000000 0.000000 0.000121 0.000102 0.014154
d1 0.030000 0.272839 1295.000000 0.000000 0.000121 0.000102 0.013993
d1 0.030000 0.272839 1300.000000 0.000000 0.000121 0.000102 0.013834
d1 0.030000 0.272839 1305.000000 0.000000 0.000121 0.000102 0.013677
d1 0.030000 0.272839 1310.000000 0.000000 0.000121 0.000102 0.013522
d1 0.030000 0.272839 1315.000000 0.000000 0.000121 0.000102 0.013368
d1 0.030000 0.272839 1320.000000 0.000000 0.000121 0.000102 0.013216
d1 0.030000 0.272839 1325.000000 0.000000 0.000121 0.000102 0.013066
d1 0.030000 0.272839 1330.000000 0.000000 0.000121 0.000102 0.012918
d1 0.030000 0.272839 1335.000000 0.000000 0.000121 0.000102 0.012771
d1 0.030000 0.272839 1340.000000 0.000000 0.000121 0.000102 0.012626
d1 0.030000 0.272839 1345.000000 0.000000 0.000121 0.000102 0.012483
d1 0.030000 0.272839 1350.000000 0.000000 0.000121 0.000102 0.012341
d1 0.030000 0.272839 1355.000000 0.000000 0.000121 0.000102 0.012201
d1 0.030000 0.272839 1360.000000 0.000000 0.000121 0.000102 0.012063
d1 0.030000 0.272839 1365.000000 0.000000 0.000121 0.000102 0.011926
d1 0.030000 0.272839 1370.000000 0.000000 0.000121 0.000102 0.011790
d1 0.030000 0.272839 1375.000000 0.000000 0.000121 0.000102 0.011656
d1 0.030000 0.272839 1380.000000 0.000000 0.000121 0.000102 0.011524
d1 0.030000 0.272839 1385.000000 0.000000 0.000121 0.000102 0.011393
d1 0.030000 0.272839 1390.000000 0.000000 0.000121 0.000101 0.011264
d1 0.030000 0.272839 1395.000000 0.000000 0.000121 0.000101 0.011136
d1 0.030000 0.272839 1400.000000 0.000000 0.000121 0.000101 0.011010
d1 0.030000 0.272839 1405.000000 0.000000 0.000121 0.000101 0.010885
d1 0.030000 0.272839 1410.000000 0.000000 0.000121 0.000101 0.010762
d1 0.030000 0.272839 1415.000000 0.000000 0.000121 0.000101 0.010640
d1 0.030000 0.272839 1420.000000 0.000000 0.000121 0.000101 0.010519
d1 0.030000 0.272839 1425.000000 0.000000 0.000121 0.000101 0.010400
d1 0.030000 0.272839 1430.000000 0.000000 0.000121 0.000101 0.010282
d1 0.030000 0.272839 1435.000000 0.000000 0.000121 0.000101 0.010165
d1 0.030000 0.272839 1440.000000 0.000000 0.000121 0.000101 0.010050
d1 0.030000 0.272839 1445.000000 0.000000 0.000121 0.000101 0.009936
d1 0.030000 0.272839 1450.000000 0.000000 0.000121 0.000101 0.009824
d1 0.030000 0.272839 1455.000000 0.000000 0.000121 0.000101 0.009712
d1 0.030000 0.272839 1460.000000 0.000000 0.000121 0.000101 0.009602
d1 0.030000 0.272839 1465.000000 0.000000 0.000121 0.000101 0.009493
d1 0.030000 0.272839 1470.000000 0.000000 0.000121 0.000101 0.009386
d1 0.030000 0.272839 1475.000000 0.000000 0.000121 0.000101 0.009280
d1 0.030000 0.272839 1480.000000 0.000000 0.000121 0.000101 0.009175
d1 0.030000 0.272839 1485.000000 0.000000 0.000121 0.000101 0.009071
d1 0.030000 0.272839 1490.000000 0.000000 0.000121 0.000101 0.008968
d1 0.030000 0.272839 1495.000000 0.000000 0.000121 0.000101 0.008866
d1 0.030000 0.272839 1500.000000 0.000000 0.000121 0.000101 0.008766
d1 0.030000 0.272839 1505.000000 0.000000 0.000121 0.000101 0.008667
d1 0.030000 0.272839 1510.000000 0.000000 0.000121 0.000101 0.008569
d1 0.030000 0.272839 1515.000000 0.000000 0.000121 0.000101 0.008472
d1 0.030000 0.272839 1520.000000 0.000000 0.000121 0.000101 0.008376
d1 0.030000 0.272839 1525.000000 0.000000 0.000121 0.000101 0.008281
d1 0.030000 0.272839 1530.000000 0.000000 0.000121 0.000101 0.008187
d1 0.030000 0.272839 1535.000000 0.000000 0.000121 0.000101 0.008095
d1 0.030000 0.272839 1540.000000 0.000000 0.000121 0.000101 0.008003
d1 0.030000 0.272839 1545.000000 0.000000 0.000121 0.000101 0.007913
d1 0.030000 0.272839 1550.000000 0.000000 0.000121 0.000101 0.007823
d1 0.030000 0.272839 1555.000000 0.000000 0.000121 0.000101 0.007735
d1 0.030000 0.272839 1560.000000 0.000000 0.000121 0.000101 0.007647
d1 0.030000 0.272839 1565.000000 0.000000 0.000121 0.000101 0.007561
d1 0.030000 0.272839 1570.000000 0.000000 0.000121 0.000101 0.007476
d1 0.030000 0.272839 1575.000000 0.000000 0.000121 0.000101 0.007391
d1 0.030000 0.272839 1580.000000 0.000000 0.000121 0.000101 0.007308
d1 0.030000 0.272839 1585.000000 0.000000 0.000121 0.000101 0.007225
d1 0.030000 0.272839 1590.000000 0.000000 0.000121 0.000101 0.007143
d1 0.030000 0.272839 1595.000000 0.000000 0.000121 0.000101 0.007063
d1 0.030000 0.272839 1600.000000 0.000000 0.000121 0.000101 0.006983
d1 0.030000 0.272839 1605.000000 0.000000 0.000121 0.000101 0.006904
d1 0.030000 0.272839 1610.000000 0.000000 0.000121 0.000101 0.006826
d1 0.030000 0.272839 1615.000000 0.000000 0.000121 0.000101 0.006749
d1 0.030000 0.272839 1620.000000 0.000000 0.000121 0.000101 0.006673
d1 0.030000 0.272839 1625.000000 0.000000 0.000121 0.000101 0.006598
d1 0.030000 0.272839 1630.000000 0.000000 0.000121 0.000101 0.006523
d1 0.030000 0.272839 1635.000000 0.000000 0.000121 0.000101 0.006450
d1 0.030000 0.272839 1640.000000 0.000000 0.000121 0.000101 0.006377
d1 0.030000 0.272839 1645.000000 0.000000 0.000121 0.000101 0.006305
d1 0.030000 0.272839 1650.000000 0.000000 0.000121 0.000101 0.006234
d1 0.030000 0.272839 1655.000000 0.000000 0.000121 0.000101 0.006164
d1 0.030000 0.272839 1660.000000 0.000000 0.000121 0.000101 0.006094
d1 0.030000 0.272839 1665.000000 0.000000 0.000121 0.000101 0.006026
d1 0.030000 0.272839 1670.000000 0.000000 0.000121 0.000101 0.005958
d1 0.030000 0.272839 1675.000000 0.000000 0.000121 0.000101 0.005891
d1 0.030000 0.272839 1680.000000 0.000000 0.000121 0.000101 0.005824
d1 0.030000 0.272839 1685.000000 0.000000 0.000121 0.000101 0.005759
d1 0.030000 0.272839 1690.000000 0.000000 0.000121 0.000101 0.005694
d1 0.030000 0.272839 1695.000000 0.000000 0.000121 0.000101 0.005630
d1 0.030000 0.272839 1700.000000 0.000000 0.000121 0.000101 0.005566
d1 0.030000 0.272839 1705.000000 0.000000 0.000121 0.000101 0.005504
d1 0.030000 0.272839 1710.000000 0.000000 0.000121 0.000101 0.005442
d1 0.030000 0.272839 1715.000000 0.000000 0.000121 0.000101 0.005381
d1 0.030000 0.272839 1720.000000 0.000000 0.000121 0.000101 0.005320
d1 0.030000 0.272839 1725.000000 0.000000 0.000121 0.000101 0.005260
d1 0.030000 0.272839 1730.000000 0.000000 0.000121 0.000101 0.005201
d1 0.030000 0.272839 1735.000000 0.000000 0.000121 0.000101 0.005143
d1 0.030000 0.272839 1740.000000 0.000000 0.000121 0.000101 0.005085
d1 0.030000 0.272839 1745.000000 0.000000 0.000121 0.000101 0.005028
d1 0.030000 0.272839 1750.000000 0.000000 0.000121 0.000101 0.004971
d1 0.030000 0.272839 1755.000000 0.000000 0.000121 0.000101 0.004915
d1 0.030000 0.272839 1760.000000 0.000000 0.000121 0.000101 0.004860
d1 0.030000 0.272839 1765.000000 0.000000 0.000121 0.000101 0.004806
d1 0.030000 0.272839 1770.000000 0.000000 0.000121 0.000101 0.004752
d1 0.030000 0.272839 1775.000000 0.000000 0.000121 0.000101 0.004698
d1 0.030000 0.272839 1780.000000 0.000000 0.000121 0.000101 0.004646
d1 0.030000 0.272839 1785.000000 0.000000 0.000121 0.000101 0.004594
d1 0.030000 0.272839 1790.000000 0.000000 0.000121 0.000101 0.004542
d1 0.030000 0.272839 1795.000000 0.000000 0.000121 0.000101 0.004491
d1 0.030000 0.272839 1800.000000 0.000000 0.000121 0.000101 0.004441
d1 0.030000 0.272839 1805.000000 0.000000 0.000121 0.000101 0.004391
d1 0.030000 0.272839 1810.000000 0.000000 0.000121 0.000101 0.004342
d1 0.030000 0.272839 1815.000000 0.000000 0.000121 0.000101 0.004293
d1 0.030000 0.272839 1820.000000 0.000000 0.000121 0.000101 0.004245
d1 0.030000 0.272839 1825.000000 0.000000 0.000121 0.000101 0.004198
d1 0.030000 0.272839 1830.000000 0.000000 0.000121 0.000101 0.004151
d1 0.030000 0.272839 1835.000000 0.000000 0.000121 0.000101 0.004104
d1 0.030000 0.272839 1840.000000 0.000000 0.000121 0.000101 0.004058
d1 0.030000 0.272839 1845.000000 0.000000 0.000121 0.000101 0.004013
d1 0.030000 0.272839 1850.000000 0.000000 0.000121 0.000101 0.003968
d1 0.030000 0.272839 1855.000000 0.000000 0.000121 0.000101 0.003924
d1 0.030000 0.272839 1860.000000 0.000000 0.000121 0.000101 0.003880
d1 0.030000 0.272839 1865.000000 0.000000 0.000121 0.000101 0.003836
d1 0.030000 0.272839 1870.000000 0.000000 0.000121 0.000101 0.003793
d1 0.030000 0.272839 1875.000000 0.000000 0.000121 0.000101 0.003751
d1 0.030000 0.272839 1880.000000 0.000000 0.000121 0.000101 0.003709
d1 0.030000 0.272839 1885.000000 0.000000 0.000121 0.000101 0.003668
d1 0.030000 0.272839 1890.000000 0.000000 0.000121 0.000101 0.003627
d1 0.030000 0.272839 1895.000000 0.000000 0.000121 0.000101 0.003586
d1 0.030000 0.272839 1900.000000 0.000000 0.000121 0.000101 0.003546
d1 0.030000 0.272839 1905.000000 0.000000 0.000121 0.000101 0.003507
d1 0.030000 0.272839 1910.000000 0.000000 0.000121 0.000101 0.003468
d1 0.030000 0.272839 1915.000000 0.000000 0.000121 0.000101 0.003429
d1 0.030000 0.272839 1920.000000 0.000000 0.000121 0.000101 0.003391
d1 0.030000 0.272839 1925.000000 0.000000 0.000121 0.000101 0.003353
d1 0.030000 0.272839 1930.000000 0.000000 0.000121 0.000101 0.003316
d1 0.030000 0.272839 1935.000000 0.000000 0.000121 0.000101 0.003279
d1 0.030000 0.272839 1940.000000 0.000000 0.000121 0.000101 0.003242
d1 0.030000 0.272839 1945.000000 0.000000 0.000121 0.000101 0.003206
d1 0.030000 0.272839 1950.000000 0.000000 0.000121 0.000101 0.003171
d1 0.030000 0.272839 1955.000000 0.000000 0.000121 0.000101 0.003135
d1 0.030000 0.272839 1960.000000 0.000000 0.000121 0.000101 0.003101
d1 0.030000 0.272839 1965.000000 0.000000 0.000121 0.000101 0.003066
d1 0.030000 0.272839 1970.000000 0.000000 0.000121 0.000101 0.003032
d1 0.030000 0.272839 1975.000000 0.000000 0.000121 0.000101 0.002998
d1 0.030000 0.272839 1980.000000 0.000000 0.000121 0.000101 0.002965
d1 0.030000 0.272839 1985.000000 0.000000 0.000121 0.000101 0.002932
d1 0.030000 0.272839 1990.000000 0.000000 0.000121 0.000101 0.002900
d1 0.030000 0.272839 1995.000000 0.000000 0.000121 0.000101 0.002868
d1 0.030000 0.272839 2000.000000 0.000000 0.000121 0.000101 0.002836
d1 0.030000 0.272839 2005.000000 0.000000 0.000121 0.000101 0.002804
d1 0.030000 0.272839 2010.000000 0.000000 0.000121 0.000101 0.002773
d1 0.030000 0.272839 2015.000000 0.000000 0.000121 0.000101 0.002743
d1 0.030000 0.272839 2020.000000 0.000000 0.000121 0.000101 0.002712
d1 0.030000 0.272839 2025.000000 0.000000 0.000121 0.000101 0.002682
d1 0.030000 0.272839 2030.000000 0.000000 0.000121 0.000101 0.002653
d1 0.030000 0.272839 2035.000000 0.000000 0.000121 0.000101 0.002623
d1 0.030000 0.272839 2040.000000 0.000000 0.000121 0.000101 0.002594
d1 0.030000 0.272839 2045.000000 0.000000 0.000121 0.000101 0.002566
d1 0.030000 0.272839 2050.000000 0.000000 0.000121 0.000101 0.002537
d1 0.030000 0.272839 2055.000000 0.000000 0.000121 0.000101 0.002509
d1 0.030000 0.272839 2060.000000 0.000000 0.000121 0.000101 0.002482
d1 0.030000 0.272839 2065.000000 0.000000 0.000121 0.000101 0.002454
d1 0.030000 0.272839 2070.000000 0.000000 0.000121 0.000101 0.002427
d1 0.030000 0.272839 2075.000000 0.000000 0.000121 0.000101 0.002400
d1 0.030000 0.272839 2080.000000 0.000000 0.000121 0.000101 0.002374
d1 0.030000 0.272839 2085.000000 0.000000 0.000121 0.000101 0.002348
d1 0.030000 0.272839 2090.000000 0.000000 0.000121 0.000101 0.002322
d1 0.030000 0.272839 2095.000000 0.000000 0.000121 0.000101 0.002297
d1 0.030000 0.272839 2100.000000 0.000000 0.000121 0.000101 0.002271
d1 0.030000 0.272839 2105.000000 0.000000 0.000121 0.000101 0.002246
d1 0.030000 0.272839 2110.000000 0.000000 0.000121 0.000101 0.002222
d1 0.030000 0.272839 2115.000000 0.000000 0.000121 0.000101 0.002197
d1 0.030000 0.272839 2120.000000 0.000000 0.000121 0.000101 0.002173
d1 0.030000 0.272839 2125.000000 0.000000 0.000121 0.000101 0.002149
d1 0.030000 0.272839 2130.000000 0.000000 0.000121 0.000101 0.002126
d1 0.030000 0.272839 2135.000000 0.000000 0.000121 0.000101 0.002102
d1 0.030000 0.272839 2140.000000 0.000000 0.000121 0.000101 0.002079
d1 0.030000 0.272839 2145.000000 0.000000 0.000121 0.000101 0.002057
d1 0.030000 0.272839 2150.000000 0.000000 0.000121 0.000101 0.002034
d1 0.030000 0.272839 2155.000000 0.000000 0.000121 0.000101 0.002012
d1 0.030000 0.272839 2160.000000 0.000000 0.000121 0.000101 0.001990
d1 0.030000 0.272839 2165.000000 0.000000 0.000121 0.000101 0.001968
d1 0.030000 0.272839 2170.000000 0.000000 0.000121 0.000101 0.001947
d1 0.030000 0.272839 2175.000000 0.000000 0.000121 0.000101 0.001925
d1 0.030000 0.272839 2180.000000 0.000000 0.000121 0.000101 0.001904
d1 0.030000 0.272839 2185.000000 0.000000 0.000121 0.000101 0.001884
d1 0.030000 0.272839 2190.000000 0.000000 0.000121 0.000101 0.001863
d1 0.030000 0.272839 2195.000000 0.000000 0.000121 0.000101 0.001843
d1 0.030000 0.272839 2200.000000 0.000000 0.000121 0.000101 0.001823
d1 0.030000 0.272839 2205.000000 0.000000 0.000121 0.000101 0.001803
d1 0.030000 0.272839 2210.000000 0.000000 0.000121 0.000101 0.001783
d1 0.030000 0.272839 2215.000000 0.000000 0.000121 0.000101 0.001764
d1 0.030000 0.272839 2220.000000 0.000000 0.000121 0.000101 0.001745
d1 0.030000 0.272839 2225.000000 0.000000 0.000121 0.000101 0.001726
d1 0.030000 0.272839 2230.000000 0.000000 0.000121 0.000101 0.001707
d1 0.030000 0.272839 2235.000000 0.000000 0.000121 0.000101 0.001689
d1 0.030000 0.272839 2240.000000 0.000000 0.000121 0.000101 0.001670
d1 0.030000 0.272839 2245.000000 0.000000 0.000121 0.000101 0.001652
d1 0.030000 0.272839 2250.000000 0.000000 0.000121 0.000101 0.001634
d1 0.030000 0.272839 2255.000000 0.000000 0.000121 0.000101 0.001617
d1 0.030000 0.272839 2260.000000 0.000000 0.000121 0.000101 0.001599
d1 0.030000 0.272839 2265.000000 0.000000 0.000121 0.000101 0.001582
d1 0.030000 0.272839 2270.000000 0.000000 0.000121 0.000101 0.001565
d1 0.030000 0.272839 2275.000000 0.000000 0.000121 0.000101 0.001548
d1 0.030000 0.272839 2280.000000 0.000000 0.000121 0.000101 0.001531
d1 0.030000 0.272839 2285.000000 0.000000 0.000121 0.000101 0.001515
d1 0.030000 0.272839 2290.000000 0.000000 0.000121 0.000101 0.001498
d1 0.030000 0.272839 2295.000000 0.000000 0.000121 0.000101 0.001482
d1 0.030000 0.272839 2300.000000 0.000000 0.000121 0.000101 0.001466
d1 0.030000 0.272839 2305.000000 0.000000 0.000121 0.000101 0.001451
d1 0.030000 0.272839 2310.000000 0.000000 0.000121 0.000101 0.001435
d1 0.030000 0.272839 2315.000000 0.000000 0.000121 0.000101 0.001420
d1 0.030000 0.272839 2320.000000 0.000000 0.000121 0.000101 0.001404
d1 0.030000 0.272839 2325.000000 0.000000 0.000121 0.000101 0.001389
d1 0.030000 0.272839 2330.000000 0.000000 0.000121 0.000101 0.001374
d1 0.030000 0.272839 2335.000000 0.000000 0.000121 0.000101 0.001360
d1 0.030000 0.272839 2340.000000 0.000000 0.000121 0.000101 0.001345
d1 0.030000 0.272839 2345.000000 0.000000 0.000121 0.000101 0.001331
d1 0.030000 0.272839 2350.000000 0.000000 0.000121 0.000101 0.001317
d1 0.030000 0.272839 2355.000000 0.000000 0.000121 0.000101 0.001302
d1 0.030000 0.272839 2360.000000 0.000000 0.000121 0.000101 0.001289
d1 0.030000 0.272839 2365.000000 0.000000 0.000121 0.000101 0.001275
d1 0.030000 0.272839 2370.000000 0.000000 0.000121 0.000101 0.001261
d1 0.030000 0.272839 2375.000000 0.000000 0.000121 0.000101 0.001248
d1 0.030000 0.272839 2380.000000 0.000000 0.000121 0.000101 0.001235
d1 0.030000 0.272839 2385.000000 0.000000 0.000121 0.000101 0.001222
d1 0.030000 0.272839 2390.000000 0.000000 0.000121 0.000101 0.001209
d1 0.030000 0.272839 2395.000000 0.000000 0.000121 0.000101 0.001196
d1 0.030000 0.272839 2400.000000 0.000000 0.000121 0.000101 0.001183
d1 0.030000 0.272839 2405.000000 0.000000 0.000121 0.000101 0.001171
d1 0.030000 0.272839 2410.000000 0.000000 0.000121 0.000101 0.001158
d1 0.030000 0.272839 2415.000000 0.000000 0.000121 0.000101 0.001146
d1 0.030000 0.272839 2420.000000 0.000000 0.000121 0.000101 0.001134
d1 0.030000 0.272839 2425.000000 0.000000 0.000121 0.000101 0.001122
d1 0.030000 0.272839 2430.000000 0.000000 0.000121 0.000101 0.001110
d1 0.030000 0.272839 2435.000000 0.000000 0.000121 0.000101 0.001098
d1 0.030000 0.272839 2440.000000 0.000000 0.000121 0.000101 0.001087
d1 0.030000 0.272839 2445.000000 0.000000 0.000121 0.000101 0.001075
d1 0.030000 0.272839 2450.000000 0.000000 0.000121 0.000101 0.001064
d1 0.030000 0.272839 2455.000000 0.000000 0.000121 0.000101 0.001053
d1 0.030000 0.272839 2460.000000 0.000000 0.000121 0.000101 0.001042
d1 0.030000 0.272839 2465.000000 0.000000 0.000121 0.000101 0.001031
d1 0.030000 0.272839 2470.000000 0.000000 0.000121 0.000101 0.001020
d1 0.030000 0.272839 2475.000000 0.000000 0.000121 0.000101 0.001010
d1 0.030000 0.272839 2480.000000 0.000000 0.000121 0.000101 0.000999
d1 0.030000 0.272839 2485.000000 0.000000 0.000121 0.000101 0.000989
d1 0.030000 0.272839 2490.000000 0.000000 0.000121 0.000101 0.000978
d1 0.030000 0.272839 2495.000000 0.000000 0.000121 0.000101 0.000968
d1 0.030000 0.272839 2500.000000 0.000000 0.000121 0.000101 0.000958
d1 0.030000 0.272839 2505.000000 0.000000 0.000121 0.000101 0.000948
d1 0.030000 0.272839 2510.000000 0.000000 0.000121 0.000101 0.000938
d1 0.030000 0.272839 2515.000000 0.000000 0.000121 0.000101 0.000929
d1 0.030000 0.272839 2520.000000 0.000000 0.000121 0.000101 0.000919
d1 0.030000 0.272839 2525.000000 0.000000 0.000121 0.000101 0.000909
d1 0.030000 0.272839 2530.000000 0.000000 0.000121 0.000101 0.000900
d1 0.030000 0.272839 2535.000000 0.000000 0.000121 0.000101 0.000891
d1 0.030000 0.272839 2540.000000 0.000000 0.000121 0.000101 0.000882
d1 0.030000 0.272839 2545.000000 0.000000 0.000121 0.000101 0.000873
d1 0.030000 0.272839 2550.000000 0.000000 0.000121 0.000101 0.000864
d1 0.030000 0.272839 2555.000000 0.000000 0.000121 0.000101 0.000855
d1 0.030000 0.272839 2560.000000 0.000000 0.000121 0.000101 0.000846
d1 0.030000 0.272839 2565.000000 0.000000 0.000121 0.000101 0.000837
d1 0.030000 0.272839 2570.000000 0.000000 0.000121 0.000101 0.000829
d1 0.030000 0.272839 2575.000000 0.000000 0.000121 0.000101 0.000820
d1 0.030000 0.272839 2580.000000 0.000000 0.000121 0.000101 0.000812
d1 0.030000 0.272839 2585.000000 0.000000 0.000121 0.000101 0.000804
d1 0.030000 0.272839 2590.000000 0.000000 0.000121 0.000101 0.000795
d1 0.030000 0.272839 2595.000000 0.000000 0.000121 0.000101 0.000787
d1 0.030000 0.272839 2600.000000 0.000000 0.000121 0.000101 0.000779
d1 0.030000 0.272839 2605.000000 0.000000 0.000121 0.000101 0.000771
d1 0.030000 0.272839 2610.000000 0.000000 0.000121 0.000101 0.000764
d1 0.030000 0.272839 2615.000000 0.000000 0.000121 0.000101 0.000756
d1 0.030000 0.272839 2620.000000 0.000000 0.000121 0.000101 0.000748
d1 0.030000 0.272839 2625.000000 0.000000 0.000121 0.000101 0.000741
d1 0.030000 0.272839 2630.000000 0.000000 0.000121 0.000101 0.000733
d1 0.030000 0.272839 2635.000000 0.000000 0.000121 0.000101 0.000726
d1 0.030000 0.272839 2640.000000 0.000000 0.000121 0.000101 0.000719
d1 0.030000 0.272839 2645.000000 0.000000 0.000121 0.000101 0.000711
d1 0.030000 0.272839 2650.000000 0.000000 0.000121 0.000101 0.000704
d1 0.030000 0.272839 2655.000000 0.000000 0.000121 0.000101 0.000697
d1 0.030000 0.272839 2660.000000 0.000000 0.000121 0.000101 0.000690
d1 0.030000 0.272839 2665.000000 0.000000 0.000121 0.000101 0.000683
d1 0.030000 0.272839 2670.000000 0.000000 0.000121 0.000101 0.000677
d1 0.030000 0.272839 2675.000000 0.000000 0.000121 0.000101 0.000670
d1 0.030000 0.272839 2680.000000 0.000000 0.000121 0.000101 0.000663
d1 0.030000 0.272839 2685.000000 0.000000 0.000121 0.000101 0.000657
d1 0.030000 0.272839 2690.000000 0.000000 0.000121 0.000101 0.000650
d1 0.030000 0.272839 2695.000000 0.000000 0.000121 0.000101 0.000644
d1 0.030000 0.272839 2700.000000 0.000000 0.000121 0.000101 0.000637
d1 0.030000 0.272839 2705.000000 0.000000 0.000121 0.000101 0.000631
d1 0.030000 0.272839 2710.000000 0.000000 0.000121 0.000101 0.000625
d1 0.030000 0.272839 2715.000000 0.000000 0.000121 0.000101 0.000619
d1 0.030000 0.272839 2720.000000 0.000000 0.000121 0.000101 0.000613
d1 0.030000 0.272839 2725.000000 0.000000 0.000121 0.000101 0.000607
d1 0.030000 0.272839 2730.000000 0.000000 0.000121 0.000101 0.000601
d1 0.030000 0.272839 2735.000000 0.000000 0.000121 0.000101 0.000595
d1 0.030000 0.272839 2740.000000 0.000000 0.000121 0.000101 0.000589
d1 0.030000 0.272839 2745.000000 0.000000 0.000121 0.000101 0.000583
d1 0.030000 0.272839 2750.000000 0.000000 0.000121 0.000101 0.000578
d1 0.030000 0.272839 2755.000000 0.000000 0.000121 0.000101 0.000572
d1 0.030000 0.272839 2760.000000 0.000000 0.000121 0.000101 0.000567
d1 0.030000 0.272839 2765.000000 0.000000 0.000121 0.000101 0.000561
d1 0.030000 0.272839 2770.000000 0.000000 0.000121 0.000101 0.000556
d1 0.030000 0.272839 2775.000000 0.000000 0.000121 0.000101 0.000550
d1 0.030000 0.272839 2780.000000 0.000000 0.000121 0.000101 0.000545
d1 0.030000 0.272839 2785.000000 0.000000 0.000121 0.000101 0.000540
d1 0.030000 0.272839 2790.000000 0.000000 0.000121 0.000101 0.000535
d1 0.030000 0.272839 2795.000000 0.000000 0.000121 0.000101 0.000530
d1 0.030000 0.272839 2800.000000 0.000000 0.000121 0.000101 0.000525
d1 0.030000 0.272839 2805.000000 0.000000 0.000121 0.000101 0.000520
d1 0.030000 0.272839 2810.000000 0.000000 0.000121 0.000101 0.000515
d1 0.030000 0.272839 2815.000000 0.000000 0.000121 0.000101 0.000510
d1 0.030000 0.272839 2820.000000 0.000000 0.000121 0.000101 0.000505
d1 0.030000 0.272839 2825.000000 0.000000 0.000121 0.000101 0.000500
d1 0.030000 0.272839 2830.000000 0.000000 0.000121 0.000101 0.000495
d1 0.030000 0.272839 2835.000000 0.000000 0.000121 0.000101 0.000491
d1 0.030000 0.272839 2840.000000 0.000000 0.000121 0.000101 0.000486
d1 0.030000 0.272839 2845.000000 0.000000 0.000121 0.000101 0.000482
d1 0.030000 0.272839 2850.000000 0.000000 0.000121 0.000101 0.000477
d1 0.030000 0.272839 2855.000000 0.000000 0.000121 0.000101 0.000473
d1 0.030000 0.272839 2860.000000 0.000000 0.000121 0.000101 0.000468
d1 0.030000 0.272839 2865.000000 0.000000 0.000121 0.000101 0.000464
d1 0.030000 0.272839 2870.000000 0.000000 0.000121 0.000101 0.000460
d1 0.030000 0.272839 2875.000000 0.000000 0.000121 0.000101 0.000455
d1 0.030000 0.272839 2880.000000 0.000000 0.000121 0.000101 0.000451
d1 0.030000 0.272839 2885.000000 0.000000 0.000121 0.000101 0.000447
d1 0.030000 0.272839 2890.000000 0.000000 0.000121 0.000101 0.000443
d1 0.030000 0.272839 2895.000000 0.000000 0.000121 0.000101 0.000439
d1 0.030000 0.272839 2900.000000 0.000000 0.000121 0.000101 0.000435
d1 0.030000 0.272839 2905.000000 0.000000 0.000121 0.000101 0.000431
d1 0.030000 0.272839 2910.000000 0.000000 0.000121 0.000101 0.000427
d1 0.030000 0.272839 2915.000000 0.000000 0.000121 0.000101 0.000423
d1 0.030000 0.272839 2920.000000 0.000000 0.000121 0.000101 0.000419
d1 0.030000 0.272839 2925.000000 0.000000 0.000121 0.000101 0.000415
d1 0.030000 0.272839 2930.000000 0.000000 0.000121 0.000101 0.000412
d1 0.030000 0.272839 2935.000000 0.000000 0.000121 0.000101 0.000408
d1 0.030000 0.272839 2940.000000 0.000000 0.000121 0.000101 0.000404
d1 0.030000 0.272839 2945.000000 0.000000 0.000121 0.000101 0.000401
d1 0.030000 0.272839 2950.000000 0.000000 0.000121 0.000101 0.000397
d1 0.030000 0.272839 2955.000000 0.000000 0.000121 0.000101 0.000394
d1 0.030000 0.272839 2960.000000 0.000000 0.000121 0.000101 0.000390
d1 0.030000 0.272839 2965.000000 0.000000 0.000121 0.000101 0.000387
d1 0.030000 0.272839 2970.000000 0.000000 0.000121 0.000101 0.000383
d1 0.030000 0.272839 2975.000000 0.000000 0.000121 0.000101 0.000380
d1 0.030000 0.272839 2980.000000 0.000000 0.000121 0.000101 0.000377
d1 0.030000 0.272839 2985.000000 0.000000 0.000121 0.000101 0.000373
d1 0.030000 0.272839 2990.000000 0.000000 0.000121 0.000101 0.000370
d1 0.030000 0.272839 2995.000000 0.000000 0.000121 0.000101 0.000367
d1 0.030000 0.272839 3000.000000 0.000000 0.000121 0.000101 0.000364
d1 0.030000 0.272839 3005.000000 0.000000 0.000121 0.000101 0.000360
d1 0.030000 0.272839 3010.000000 0.000000 0.000121 0.000101 0.000357
d1 0.030000 0.272839 3015.000000 0.000000 0.000121 0.000101 0.000354
d1 0.030000 0.272839 3020.000000 0.000000 0.000121 0.000101 0.000351
d1 0.030000 0.272839 3025.000000 0.000000 0.000121 0.000101 0.000348
d1 0.030000 0.272839 3030.000000 0.000000 0.000121 0.000101 0.000345
d1 0.030000 0.272839 3035.000000 0.000000 0.000121 0.000101 0.000342
d1 0.030000 0.272839 3040.000000 0.000000 0.000121 0.000101 0.000339
d1 0.030000 0.272839 3045.000000 0.000000 0.000121 0.000101 0.000337
d1 0.030000 0.272839 3050.000000 0.000000 0.000121 0.000101 0.000334
d1 0.030000 0.272839 3055.000000 0.000000 0.000121 0.000101 0.000331
d1 0.030000 0.272839 3060.000000 0.000000 0.000121 0.000101 0.000328
d1 0.030000 0.272839 3065.000000 0.000000 0.000121 0.000101 0.000325
d1 0.030000 0.272839 3070.000000 0.000000 0.000121 0.000101 0.000323
d1 0.030000 0.272839 3075.000000 0.000000 0.000121 0.000101 0.000320
d1 0.030000 0.272839 3080.000000 0.000000 0.000121 0.000101 0.000317
d1 0.030000 0.272839 3085.000000 0.000000 0.000121 0.000101 0.000315
d1 0.030000 0.272839 3090.000000 0.000000 0.000121 0.000101 0.000312
d1 0.030000 0.272839 3095.000000 0.000000 0.000121 0.000101 0.000310
d1 0.030000 0.272839 3100.000000 0.000000 0.000121 0.000101 0.000307
d1 0.030000 0.272839 3105.000000 0.000000 0.000121 0.000101 0.000304
d1 0.030000 0.272839 3110.000000 0.000000 0.000121 0.000101 0.000302
d1 0.030000 0.272839 3115.000000 0.000000 0.000121 0.000101 0.000300
d1 0.030000 0.272839 3120.000000 0.000000 0.000121 0.000101 0.000297
d1 0.030000 0.272839 3125.000000 0.000000 0.000121 0.000101 0.000295
d1 0.030000 0.272839 3130.000000 0.000000 0.000121 0.000101 0.000292
d1 0.030000 0.272839 3135.000000 0.000000 0.000121 0.000101 0.000290
d1 0.030000 0.272839 3140.000000 0.000000 0.000121 0.000101 0.000288
d1 0.030000 0.272839 3145.000000 0.000000 0.000121 0.000101 0.000285
d1 0.030000 0.272839 3150.000000 0.000000 0.000121 0.000101 0.000283
d1 0.030000 0.272839 3155.000000 0.000000 0.000121 0.000101 0.000281
d1 0.030000 0.272839 3160.000000 0.000000 0.000121 0.000101 0.000279
d1 0.030000 0.272839 3165.000000 0.000000 0.000121 0.000101 0.000277
d1 0.030000 0.272839 3170.000000 0.000000 0.000121 0.000101 0.000274
d1 0.030000 0.272839 3175.000000 0.000000 0.000121 0.000101 0.000272
d1 0.030000 0.272839 3180.000000 0.000000 0.000121 0.000101 0.000270
d1 0.030000 0.272839 3185.000000 0.000000 0.000121 0.000101 0.000268
d1 0.030000 0.272839 3190.000000 0.000000 0.000121 0.000101 0.000266
d1 0.030000 0.272839 3195.000000 0.000000 0.000121 0.000101 0.000264
d1 0.030000 0.272839 3200.000000 0.000000 0.000121 0.000101 0.000262
d1 0.030000 0.272839 3205.000000 0.000000 0.000121 0.000101 0.000260
d1 0.030000 0.272839 3210.000000 0.000000 0.000121 0.000101 0.000258
d1 0.030000 0.272839 3215.000000 0.000000 0.000121 0.000101 0.000256
d1 0.030000 0.272839 3220.000000 0.000000 0.000121 0.000101 0.000254
d1 0.030000 0.272839 3225.000000 0.000000 0.000121 0.000101 0.000252
d1 0.030000 0.272839 3230.000000 0.000000 0.000121 0.000101 0.000250
d1 0.030000 0.272839 3235.000000 0.000000 0.000121 0.000101 0.000249
d1 0.030000 0.272839 3240.000000 0.000000 0.000121 0.000101 0.000247
d1 0.030000 0.272839 3245.000000 0.000000 0.000121 0.000101 0.000245
d1 0.030000 0.272839 3250.000000 0.000000 0.000121 0.000101 0.000243
d1 0.030000 0.272839 3255.000000 0.000000 0.000121 0.000101 0.000241
d1 0.030000 0.272839 3260.000000 0.000000 0.000121 0.000101 0.000240
d1 0.030000 0.272839 3265.000000 0.000000 0.000121 0.000101 0.000238
d1 0.030000 0.272839 3270.000000 0.000000 0.000121 0.000101 0.000236
d1 0.030000 0.272839 3275.000000 0.000000 0.000121 0.000101 0.000234
d1 0.030000 0.272839 3280.000000 0.000000 0.000121 0.000101 0.000233
d1 0.030000 0.272839 3285.000000 0.000000 0.000121 0.000101 0.000231
d1 0.030000 0.272839 3290.000000 0.000000 0.000121 0.000101 0.000229
d1 0.030000 0.272839 3295.000000 0.000000 0.000121 0.000101 0.000228
d1 0.030000 0.272839 3300.000000 0.000000 0.000121 0.000101 0.000226
d1 0.030000 0.272839 3305.000000 0.000000 0.000121 0.000101 0.000225
d1 0.030000 0.272839 3310.000000 0.000000 0.000121 0.000101 0.000223
d1 0.030000 0.272839 3315.000000 0.000000 0.000121 0.000101 0.000222
d1 0.030000 0.272839 3320.000000 0.000000 0.000121 0.000101 0.000220
d1 0.030000 0.272839 3325.000000 0.000000 0.000121 0.000101 0.000219
d1 0.030000 0.272839 3330.000000 0.000000 0.000121 0.000101 0.000217
d1 0.030000 0.272839 3335.000000 0.000000 0.000121 0.000101 0.000216
d1 0.030000 0.272839 3340.000000 0.000000 0.000121 0.000101 0.000214
d1 0.030000 0.272839 3345.000000 0.000000 0.000121 0.000101 0.000213
d1 0.030000 0.272839 3350.000000 0.000000 0.000121 0.000101 0.000211
d1 0.030000 0.272839 3355.000000 0.000000 0.000121 0.000101 0.000210
d1 0.030000 0.272839 3360.000000 0.000000 0.000121 0.000101 0.000208
d1 0.030000 0.272839 3365.000000 0.000000 0.000121 0.000101 0.000207
d1 0.030000 0.272839 3370.000000 0.000000 0.000121 0.000101 0.000206
d1 0.030000 0.272839 3375.000000 0.000000 0.000121 0.000101 0.000204
d1 0.030000 0.272839 3380.000000 0.000000 0.000121 0.000101 0.000203
d1 0.030000 0.272839 3385.000000 0.000000 0.000121 0.000101 0.000202
d1 0.030000 0.272839 3390.000000 0.000000 0.000121 0.000101 0.000200
d1 0.030000 0.272839 3395.000000 0.000000 0.000121 0.000101 0.000199
d1 0.030000 0.272839 3400.000000 0.000000 0.000121 0.000101 0.000198
d1 0.030000 0.272839 3405.000000 0.000000 0.000121 0.000101 0.000197
d1 0.030000 0.272839 3410.000000 0.000000 0.000121 0.000101 0.000195
d1 0.030000 0.272839 3415.000000 0.000000 0.000121 0.000101 0.000194
d1 0.030000 0.272839 3420.000000 0.000000 0.000121 0.000101 0.000193
d1 0.030000 0.272839 3425.000000 0.000000 0.000121 0.000101 0.000192
d1 0.030000 0.272839 3430.000000 0.000000 0.000121 0.000101 0.000191
d1 0.030000 0.272839 3435.000000 0.000000 0.000121 0.000101 0.000189
d1 0.030000 0.272839 3440.000000 0.000000 0.000121 0.000101 0.000188
d1 0.030000 0.272839 3445.000000 0.000000 0.000121 0.000101 0.000187
d1 0.030000 0.272839 3450.000000 0.000000 0.000121 0.000101 0.000186
d1 0.030000 0.272839 3455.000000 0.000000 0.000121 0.000101 0.000185
d1 0.030000 0.272839 3460.000000 0.000000 0.000121 0.000101 0.000184
d1 0.030000 0.272839 3465.000000 0.000000 0.000121 0.000101 0.000183
d1 0.030000 0.272839 3470.000000 0.000000 0.000121 0.000101 0.000182
d1 0.030000 0.272839 3475.000000 0.000000 0.000121 0.000101 0.000180
d1 0.030000 0.272839 3480.000000 0.000000 0.000121 0.000101 0.000179
d1 0.030000 0.272839 3485.000000 0.000000 0.000121 0.000101 0.000178
d1 0.030000 0.272839 3490.000000 0.000000 0.000121 0.000101 0.000177
d1 0.030000 0.272839 3495.000000 0.000000 0.000121 0.000101 0.000176
d1 0.030000 0.272839 3500.000000 0.000000 0.000121 0.000101 0.000175
d1 0.030000 0.272839 3505.000000 0.000000 0.000121 0.000101 0.000174
d1 0.030000 0.272839 3510.000000 0.000000 0.000121 0.000101 0.000173
d1 0.030000 0.272839 3515.000000 0.000000 0.000121 0.000101 0.000172
d1 0.030000 0.272839 3520.000000 0.000000 0.000121 0.000101 0.000171
d1 0.030000 0.272839 3525.000000 0.000000 0.000121 0.000101 0.000170
d1 0.030000 0.272839 3530.000000 0.000000 0.000121 0.000101 0.000169
d1 0.030000 0.272839 3535.000000 0.000000 0.000121 0.000101 0.000169
d1 0.030000 0.272839 3540.000000 0.000000 0.000121 0.000101 0.000168
d1 0.030000 0.272839 3545.000000 0.000000 0.000121 0.000101 0.000167
d1 0.030000 0.272839 3550.000000 0.000000 0.000121 0.000101 0.000166
d1 0.030000 0.272839 3555.000000 0.000000 0.000121 0.000101 0.000165
d1 0.030000 0.272839 3560.000000 0.000000 0.000121 0.000101 0.000164
d1 0.030000 0.272839 3565.000000 0.000000 0.000121 0.000101 0.000163
d1 0.030000 0.272839 3570.000000 0.000000 0.000121 0.000101 0.000162
d1 0.030000 0.272839 3575.000000 0.000000 0.000121 0.000101 0.000161
d1 0.030000 0.272839 3580.000000 0.000000 0.000121 0.000101 0.000161
d1 0.030000 0.272839 3585.000000 0.000000 0.000121 0.000101 0.000160
d1 0.030000 0.272839 3590.000000 0.000000 0.000121 0.000101 0.000159
d1 0.030000 0.272839 3595.000000 0.000000 0.000121 0.000101 0.000158
d1 0.030000 0.272839 3600.000000 0.000000 0.000121 0.000101 0.000157
