HEADER DATE 01-Aug-2017 12:53:30
HEADER RANDSEED 1748231294
Param True_Value Sim_Value Sim_Time Input mRNA foldedP fluo
Kf 0.002000 0.010475 0.000000 2.000000 1.380379 0.674167 3.070489
Kf 0.002000 0.010475 5.000000 2.000000 1.380379 0.674167 3.070489
Kf 0.002000 0.010475 10.000000 2.000000 1.380379 0.674167 3.070489
Kf 0.002000 0.010475 15.000000 2.000000 1.380379 0.674167 3.070489
Kf 0.002000 0.010475 20.000000 2.000000 1.380379 0.674167 3.070489
Kf 0.002000 0.010475 25.000000 2.000000 1.380379 0.674167 3.070489
Kf 0.002000 0.010475 30.000000 2.000000 1.380379 0.674167 3.070489
Kf 0.002000 0.010475 35.000000 2.000000 1.380379 0.674167 3.070489
Kf 0.002000 0.010475 40.000000 2.000000 1.380379 0.674167 3.070489
Kf 0.002000 0.010475 45.000000 2.000000 1.380379 0.674167 3.070489
Kf 0.002000 0.010475 50.000000 2.000000 1.380379 0.674167 3.070489
Kf 0.002000 0.010475 55.000000 2.000000 1.380379 0.674167 3.070489
Kf 0.002000 0.010475 60.000000 2.000000 1.380379 0.674167 3.070489
Kf 0.002000 0.010475 65.000000 2.000000 1.380379 0.674167 3.070489
Kf 0.002000 0.010475 70.000000 2.000000 1.380379 0.674167 3.070489
Kf 0.002000 0.010475 75.000000 2.000000 1.380379 0.674167 3.070489
Kf 0.002000 0.010475 80.000000 2.000000 1.380379 0.674167 3.070489
Kf 0.002000 0.010475 85.000000 2.000000 1.380379 0.674167 3.070489
Kf 0.002000 0.010475 90.000000 2.000000 1.380379 0.674167 3.070489
Kf 0.002000 0.010475 95.000000 2.000000 1.380379 0.674167 3.070489
Kf 0.002000 0.010475 100.000000 2.000000 1.380379 0.674167 3.070489
Kf 0.002000 0.010475 105.000000 2.000000 1.380379 0.674167 3.070489
Kf 0.002000 0.010475 110.000000 2.000000 1.380379 0.674167 3.070489
Kf 0.002000 0.010475 115.000000 2.000000 1.380379 0.674167 3.070489
Kf 0.002000 0.010475 120.000000 2.000000 1.380379 0.674167 3.070489
Kf 0.002000 0.010475 125.000000 2.000000 1.380379 0.674167 3.070489
Kf 0.002000 0.010475 130.000000 2.000000 1.380379 0.674167 3.070489
Kf 0.002000 0.010475 135.000000 2.000000 1.380379 0.674167 3.070489
Kf 0.002000 0.010475 140.000000 2.000000 1.380379 0.674167 3.070489
Kf 0.002000 0.010475 145.000000 2.000000 1.380379 0.674167 3.070489
Kf 0.002000 0.010475 150.000000 2.000000 1.380379 0.674167 3.070489
Kf 0.002000 0.010475 155.000000 2.000000 1.380379 0.674167 3.070489
Kf 0.002000 0.010475 160.000000 2.000000 1.380379 0.674167 3.070489
Kf 0.002000 0.010475 165.000000 2.000000 1.380379 0.674167 3.070489
Kf 0.002000 0.010475 170.000000 2.000000 1.380379 0.674167 3.070489
Kf 0.002000 0.010475 175.000000 2.000000 1.380379 0.674167 3.070489
Kf 0.002000 0.010475 180.000000 2.000000 1.380379 0.674167 3.070489
Kf 0.002000 0.010475 185.000000 2.000000 1.380379 0.674167 3.070489
Kf 0.002000 0.010475 190.000000 2.000000 1.380379 0.674167 3.070489
Kf 0.002000 0.010475 195.000000 2.000000 1.380379 0.674167 3.070489
Kf 0.002000 0.010475 200.000000 2.000000 1.380379 0.674167 3.070489
Kf 0.002000 0.010475 205.000000 2.000000 1.380379 0.674167 3.070489
Kf 0.002000 0.010475 210.000000 2.000000 1.380379 0.674167 3.070489
Kf 0.002000 0.010475 215.000000 2.000000 1.380379 0.674167 3.070489
Kf 0.002000 0.010475 220.000000 2.000000 1.380379 0.674167 3.070489
Kf 0.002000 0.010475 225.000000 2.000000 1.380379 0.674167 3.070489
Kf 0.002000 0.010475 230.000000 2.000000 1.380379 0.674167 3.070489
Kf 0.002000 0.010475 235.000000 2.000000 1.380379 0.674167 3.070489
Kf 0.002000 0.010475 240.000000 2.000000 1.380379 0.674167 3.070489
Kf 0.002000 0.010475 245.000000 2.000000 1.380379 0.674167 3.070489
Kf 0.002000 0.010475 250.000000 2.000000 1.380379 0.674167 3.070489
Kf 0.002000 0.010475 255.000000 2.000000 1.380379 0.674167 3.070489
Kf 0.002000 0.010475 260.000000 2.000000 1.380379 0.674167 3.070489
Kf 0.002000 0.010475 265.000000 2.000000 1.380379 0.674167 3.070489
Kf 0.002000 0.010475 270.000000 2.000000 1.380379 0.674167 3.070489
Kf 0.002000 0.010475 275.000000 2.000000 1.380379 0.674167 3.070489
Kf 0.002000 0.010475 280.000000 2.000000 1.380379 0.674167 3.070489
Kf 0.002000 0.010475 285.000000 2.000000 1.380379 0.674167 3.070489
Kf 0.002000 0.010475 290.000000 2.000000 1.380379 0.674167 3.070489
Kf 0.002000 0.010475 295.000000 2.000000 1.380379 0.674167 3.070489
Kf 0.002000 0.010475 300.000000 2.000000 1.380379 0.674167 3.070489
Kf 0.002000 0.010475 305.000000 0.000000 1.188257 0.669410 3.070404
Kf 0.002000 0.010475 310.000000 0.000000 1.022897 0.656647 3.069854
Kf 0.002000 0.010475 315.000000 0.000000 0.880569 0.637838 3.068481
Kf 0.002000 0.010475 320.000000 0.000000 0.758066 0.614586 3.066022
Kf 0.002000 0.010475 325.000000 0.000000 0.652627 0.588197 3.062293
Kf 0.002000 0.010475 330.000000 0.000000 0.561875 0.559729 3.057174
Kf 0.002000 0.010475 335.000000 0.000000 0.483764 0.530031 3.050595
Kf 0.002000 0.010475 340.000000 0.000000 0.416533 0.499780 3.042529
Kf 0.002000 0.010475 345.000000 0.000000 0.358666 0.469510 3.032976
Kf 0.002000 0.010475 350.000000 0.000000 0.308861 0.439634 3.021965
Kf 0.002000 0.010475 355.000000 0.000000 0.265993 0.410470 3.009542
Kf 0.002000 0.010475 360.000000 0.000000 0.229096 0.382255 2.995766
Kf 0.002000 0.010475 365.000000 0.000000 0.197339 0.355159 2.980706
Kf 0.002000 0.010475 370.000000 0.000000 0.170005 0.329300 2.964440
Kf 0.002000 0.010475 375.000000 0.000000 0.146478 0.304753 2.947047
Kf 0.002000 0.010475 380.000000 0.000000 0.126229 0.281557 2.928609
Kf 0.002000 0.010475 385.000000 0.000000 0.108800 0.259726 2.909210
Kf 0.002000 0.010475 390.000000 0.000000 0.093799 0.239252 2.888932
Kf 0.002000 0.010475 395.000000 0.000000 0.080887 0.220108 2.867854
Kf 0.002000 0.010475 400.000000 0.000000 0.069774 0.202258 2.846054
Kf 0.002000 0.010475 405.000000 0.000000 0.060209 0.185656 2.823606
Kf 0.002000 0.010475 410.000000 0.000000 0.051976 0.170247 2.800582
Kf 0.002000 0.010475 415.000000 0.000000 0.044890 0.155975 2.777048
Kf 0.002000 0.010475 420.000000 0.000000 0.038791 0.142779 2.753069
Kf 0.002000 0.010475 425.000000 0.000000 0.033541 0.130599 2.728704
Kf 0.002000 0.010475 430.000000 0.000000 0.029023 0.119372 2.704007
Kf 0.002000 0.010475 435.000000 0.000000 0.025134 0.109039 2.679033
Kf 0.002000 0.010475 440.000000 0.000000 0.021787 0.099540 2.653827
Kf 0.002000 0.010475 445.000000 0.000000 0.018906 0.090818 2.628436
Kf 0.002000 0.010475 450.000000 0.000000 0.016427 0.082818 2.602900
Kf 0.002000 0.010475 455.000000 0.000000 0.014292 0.075486 2.577257
Kf 0.002000 0.010475 460.000000 0.000000 0.012455 0.068774 2.551542
Kf 0.002000 0.010475 465.000000 0.000000 0.010874 0.062635 2.525786
Kf 0.002000 0.010475 470.000000 0.000000 0.009513 0.057023 2.500019
Kf 0.002000 0.010475 475.000000 0.000000 0.008342 0.051897 2.474267
Kf 0.002000 0.010475 480.000000 0.000000 0.007334 0.047218 2.448555
Kf 0.002000 0.010475 485.000000 0.000000 0.006466 0.042951 2.422904
Kf 0.002000 0.010475 490.000000 0.000000 0.005719 0.039060 2.397334
Kf 0.002000 0.010475 495.000000 0.000000 0.005076 0.035515 2.371862
Kf 0.002000 0.010475 500.000000 0.000000 0.004523 0.032286 2.346506
Kf 0.002000 0.010475 505.000000 0.000000 0.004047 0.029348 2.321279
Kf 0.002000 0.010475 510.000000 0.000000 0.003637 0.026674 2.296195
Kf 0.002000 0.010475 515.000000 0.000000 0.003284 0.024243 2.271265
Kf 0.002000 0.010475 520.000000 0.000000 0.002980 0.022032 2.246499
Kf 0.002000 0.010475 525.000000 0.000000 0.002719 0.020023 2.221906
Kf 0.002000 0.010475 530.000000 0.000000 0.002494 0.018198 2.197495
Kf 0.002000 0.010475 535.000000 0.000000 0.002301 0.016541 2.173272
Kf 0.002000 0.010475 540.000000 0.000000 0.002134 0.015037 2.149244
Kf 0.002000 0.010475 545.000000 0.000000 0.001990 0.013671 2.125416
Kf 0.002000 0.010475 550.000000 0.000000 0.001867 0.012433 2.101793
Kf 0.002000 0.010475 555.000000 0.000000 0.001761 0.011309 2.078379
Kf 0.002000 0.010475 560.000000 0.000000 0.001669 0.010290 2.055176
Kf 0.002000 0.010475 565.000000 0.000000 0.001591 0.009366 2.032188
Kf 0.002000 0.010475 570.000000 0.000000 0.001523 0.008528 2.009418
Kf 0.002000 0.010475 575.000000 0.000000 0.001464 0.007769 1.986866
Kf 0.002000 0.010475 580.000000 0.000000 0.001414 0.007082 1.964534
Kf 0.002000 0.010475 585.000000 0.000000 0.001371 0.006459 1.942424
Kf 0.002000 0.010475 590.000000 0.000000 0.001334 0.005895 1.920535
Kf 0.002000 0.010475 595.000000 0.000000 0.001302 0.005384 1.898869
Kf 0.002000 0.010475 600.000000 0.000000 0.001274 0.004921 1.877425
Kf 0.002000 0.010475 605.000000 0.000000 0.001251 0.004502 1.856203
Kf 0.002000 0.010475 610.000000 0.000000 0.001230 0.004123 1.835204
Kf 0.002000 0.010475 615.000000 0.000000 0.001213 0.003780 1.814425
Kf 0.002000 0.010475 620.000000 0.000000 0.001197 0.003469 1.793868
Kf 0.002000 0.010475 625.000000 0.000000 0.001184 0.003188 1.773529
Kf 0.002000 0.010475 630.000000 0.000000 0.001173 0.002934 1.753410
Kf 0.002000 0.010475 635.000000 0.000000 0.001164 0.002704 1.733508
Kf 0.002000 0.010475 640.000000 0.000000 0.001155 0.002496 1.713822
Kf 0.002000 0.010475 645.000000 0.000000 0.001148 0.002308 1.694351
Kf 0.002000 0.010475 650.000000 0.000000 0.001142 0.002138 1.675093
Kf 0.002000 0.010475 655.000000 0.000000 0.001137 0.001984 1.656047
Kf 0.002000 0.010475 660.000000 0.000000 0.001132 0.001845 1.637211
Kf 0.002000 0.010475 665.000000 0.000000 0.001128 0.001719 1.618584
Kf 0.002000 0.010475 670.000000 0.000000 0.001125 0.001605 1.600163
Kf 0.002000 0.010475 675.000000 0.000000 0.001122 0.001502 1.581948
Kf 0.002000 0.010475 680.000000 0.000000 0.001119 0.001409 1.563935
Kf 0.002000 0.010475 685.000000 0.000000 0.001117 0.001325 1.546124
Kf 0.002000 0.010475 690.000000 0.000000 0.001115 0.001250 1.528513
Kf 0.002000 0.010475 695.000000 0.000000 0.001114 0.001181 1.511099
Kf 0.002000 0.010475 700.000000 0.000000 0.001113 0.001119 1.493880
Kf 0.002000 0.010475 705.000000 0.000000 0.001111 0.001063 1.476856
Kf 0.002000 0.010475 710.000000 0.000000 0.001110 0.001012 1.460023
Kf 0.002000 0.010475 715.000000 0.000000 0.001109 0.000967 1.443381
Kf 0.002000 0.010475 720.000000 0.000000 0.001109 0.000925 1.426926
Kf 0.002000 0.010475 725.000000 0.000000 0.001108 0.000888 1.410658
Kf 0.002000 0.010475 730.000000 0.000000 0.001107 0.000854 1.394574
Kf 0.002000 0.010475 735.000000 0.000000 0.001107 0.000824 1.378671
Kf 0.002000 0.010475 740.000000 0.000000 0.001107 0.000796 1.362950
Kf 0.002000 0.010475 745.000000 0.000000 0.001106 0.000771 1.347406
Kf 0.002000 0.010475 750.000000 0.000000 0.001106 0.000749 1.332040
Kf 0.002000 0.010475 755.000000 0.000000 0.001106 0.000728 1.316847
Kf 0.002000 0.010475 760.000000 0.000000 0.001105 0.000710 1.301828
Kf 0.002000 0.010475 765.000000 0.000000 0.001105 0.000693 1.286979
Kf 0.002000 0.010475 770.000000 0.000000 0.001105 0.000679 1.272299
Kf 0.002000 0.010475 775.000000 0.000000 0.001105 0.000665 1.257787
Kf 0.002000 0.010475 780.000000 0.000000 0.001105 0.000653 1.243439
Kf 0.002000 0.010475 785.000000 0.000000 0.001105 0.000642 1.229255
Kf 0.002000 0.010475 790.000000 0.000000 0.001105 0.000632 1.215233
Kf 0.002000 0.010475 795.000000 0.000000 0.001104 0.000623 1.201370
Kf 0.002000 0.010475 800.000000 0.000000 0.001104 0.000615 1.187666
Kf 0.002000 0.010475 805.000000 0.000000 0.001104 0.000607 1.174118
Kf 0.002000 0.010475 810.000000 0.000000 0.001104 0.000601 1.160724
Kf 0.002000 0.010475 815.000000 0.000000 0.001104 0.000595 1.147484
Kf 0.002000 0.010475 820.000000 0.000000 0.001104 0.000589 1.134394
Kf 0.002000 0.010475 825.000000 0.000000 0.001104 0.000585 1.121454
Kf 0.002000 0.010475 830.000000 0.000000 0.001104 0.000580 1.108661
Kf 0.002000 0.010475 835.000000 0.000000 0.001104 0.000576 1.096015
Kf 0.002000 0.010475 840.000000 0.000000 0.001104 0.000573 1.083513
Kf 0.002000 0.010475 845.000000 0.000000 0.001104 0.000569 1.071153
Kf 0.002000 0.010475 850.000000 0.000000 0.001104 0.000566 1.058935
Kf 0.002000 0.010475 855.000000 0.000000 0.001104 0.000564 1.046857
Kf 0.002000 0.010475 860.000000 0.000000 0.001104 0.000561 1.034916
Kf 0.002000 0.010475 865.000000 0.000000 0.001104 0.000559 1.023112
Kf 0.002000 0.010475 870.000000 0.000000 0.001104 0.000557 1.011443
Kf 0.002000 0.010475 875.000000 0.000000 0.001104 0.000556 0.999907
Kf 0.002000 0.010475 880.000000 0.000000 0.001104 0.000554 0.988502
Kf 0.002000 0.010475 885.000000 0.000000 0.001104 0.000553 0.977229
Kf 0.002000 0.010475 890.000000 0.000000 0.001104 0.000551 0.966084
Kf 0.002000 0.010475 895.000000 0.000000 0.001104 0.000550 0.955066
Kf 0.002000 0.010475 900.000000 0.000000 0.001104 0.000549 0.944174
Kf 0.002000 0.010475 905.000000 0.000000 0.001104 0.000548 0.933407
Kf 0.002000 0.010475 910.000000 0.000000 0.001104 0.000547 0.922763
Kf 0.002000 0.010475 915.000000 0.000000 0.001104 0.000547 0.912240
Kf 0.002000 0.010475 920.000000 0.000000 0.001104 0.000546 0.901838
Kf 0.002000 0.010475 925.000000 0.000000 0.001104 0.000545 0.891555
Kf 0.002000 0.010475 930.000000 0.000000 0.001104 0.000545 0.881389
Kf 0.002000 0.010475 935.000000 0.000000 0.001104 0.000544 0.871339
Kf 0.002000 0.010475 940.000000 0.000000 0.001104 0.000544 0.861405
Kf 0.002000 0.010475 945.000000 0.000000 0.001104 0.000543 0.851583
Kf 0.002000 0.010475 950.000000 0.000000 0.001104 0.000543 0.841875
Kf 0.002000 0.010475 955.000000 0.000000 0.001104 0.000543 0.832277
Kf 0.002000 0.010475 960.000000 0.000000 0.001104 0.000542 0.822789
Kf 0.002000 0.010475 965.000000 0.000000 0.001104 0.000542 0.813409
Kf 0.002000 0.010475 970.000000 0.000000 0.001104 0.000542 0.804137
Kf 0.002000 0.010475 975.000000 0.000000 0.001104 0.000541 0.794970
Kf 0.002000 0.010475 980.000000 0.000000 0.001104 0.000541 0.785909
Kf 0.002000 0.010475 985.000000 0.000000 0.001104 0.000541 0.776951
Kf 0.002000 0.010475 990.000000 0.000000 0.001104 0.000541 0.768095
Kf 0.002000 0.010475 995.000000 0.000000 0.001104 0.000541 0.759341
Kf 0.002000 0.010475 1000.000000 0.000000 0.001104 0.000541 0.750686
Kf 0.002000 0.010475 1005.000000 0.000000 0.001104 0.000540 0.742131
Kf 0.002000 0.010475 1010.000000 0.000000 0.001104 0.000540 0.733674
Kf 0.002000 0.010475 1015.000000 0.000000 0.001104 0.000540 0.725313
Kf 0.002000 0.010475 1020.000000 0.000000 0.001104 0.000540 0.717048
Kf 0.002000 0.010475 1025.000000 0.000000 0.001104 0.000540 0.708877
Kf 0.002000 0.010475 1030.000000 0.000000 0.001104 0.000540 0.700800
Kf 0.002000 0.010475 1035.000000 0.000000 0.001104 0.000540 0.692815
Kf 0.002000 0.010475 1040.000000 0.000000 0.001104 0.000540 0.684921
Kf 0.002000 0.010475 1045.000000 0.000000 0.001104 0.000540 0.677118
Kf 0.002000 0.010475 1050.000000 0.000000 0.001104 0.000540 0.669404
Kf 0.002000 0.010475 1055.000000 0.000000 0.001104 0.000540 0.661778
Kf 0.002000 0.010475 1060.000000 0.000000 0.001104 0.000540 0.654239
Kf 0.002000 0.010475 1065.000000 0.000000 0.001104 0.000540 0.646786
Kf 0.002000 0.010475 1070.000000 0.000000 0.001104 0.000540 0.639419
Kf 0.002000 0.010475 1075.000000 0.000000 0.001104 0.000539 0.632136
Kf 0.002000 0.010475 1080.000000 0.000000 0.001104 0.000539 0.624936
Kf 0.002000 0.010475 1085.000000 0.000000 0.001104 0.000539 0.617819
Kf 0.002000 0.010475 1090.000000 0.000000 0.001104 0.000539 0.610783
Kf 0.002000 0.010475 1095.000000 0.000000 0.001104 0.000539 0.603827
Kf 0.002000 0.010475 1100.000000 0.000000 0.001104 0.000539 0.596951
Kf 0.002000 0.010475 1105.000000 0.000000 0.001104 0.000539 0.590153
Kf 0.002000 0.010475 1110.000000 0.000000 0.001104 0.000539 0.583433
Kf 0.002000 0.010475 1115.000000 0.000000 0.001104 0.000539 0.576790
Kf 0.002000 0.010475 1120.000000 0.000000 0.001104 0.000539 0.570223
Kf 0.002000 0.010475 1125.000000 0.000000 0.001104 0.000539 0.563731
Kf 0.002000 0.010475 1130.000000 0.000000 0.001104 0.000539 0.557314
Kf 0.002000 0.010475 1135.000000 0.000000 0.001104 0.000539 0.550969
Kf 0.002000 0.010475 1140.000000 0.000000 0.001104 0.000539 0.544698
Kf 0.002000 0.010475 1145.000000 0.000000 0.001104 0.000539 0.538498
Kf 0.002000 0.010475 1150.000000 0.000000 0.001104 0.000539 0.532368
Kf 0.002000 0.010475 1155.000000 0.000000 0.001104 0.000539 0.526309
Kf 0.002000 0.010475 1160.000000 0.000000 0.001104 0.000539 0.520320
Kf 0.002000 0.010475 1165.000000 0.000000 0.001104 0.000539 0.514398
Kf 0.002000 0.010475 1170.000000 0.000000 0.001104 0.000539 0.508545
Kf 0.002000 0.010475 1175.000000 0.000000 0.001104 0.000539 0.502758
Kf 0.002000 0.010475 1180.000000 0.000000 0.001104 0.000539 0.497037
Kf 0.002000 0.010475 1185.000000 0.000000 0.001104 0.000539 0.491382
Kf 0.002000 0.010475 1190.000000 0.000000 0.001104 0.000539 0.485792
Kf 0.002000 0.010475 1195.000000 0.000000 0.001104 0.000539 0.480265
Kf 0.002000 0.010475 1200.000000 0.000000 0.001104 0.000539 0.474802
Kf 0.002000 0.010475 1205.000000 0.000000 0.001104 0.000539 0.469401
Kf 0.002000 0.010475 1210.000000 0.000000 0.001104 0.000539 0.464062
Kf 0.002000 0.010475 1215.000000 0.000000 0.001104 0.000539 0.458784
Kf 0.002000 0.010475 1220.000000 0.000000 0.001104 0.000539 0.453566
Kf 0.002000 0.010475 1225.000000 0.000000 0.001104 0.000539 0.448408
Kf 0.002000 0.010475 1230.000000 0.000000 0.001104 0.000539 0.443309
Kf 0.002000 0.010475 1235.000000 0.000000 0.001104 0.000539 0.438268
Kf 0.002000 0.010475 1240.000000 0.000000 0.001104 0.000539 0.433285
Kf 0.002000 0.010475 1245.000000 0.000000 0.001104 0.000539 0.428359
Kf 0.002000 0.010475 1250.000000 0.000000 0.001104 0.000539 0.423489
Kf 0.002000 0.010475 1255.000000 0.000000 0.001104 0.000539 0.418675
Kf 0.002000 0.010475 1260.000000 0.000000 0.001104 0.000539 0.413916
Kf 0.002000 0.010475 1265.000000 0.000000 0.001104 0.000539 0.409211
Kf 0.002000 0.010475 1270.000000 0.000000 0.001104 0.000539 0.404561
Kf 0.002000 0.010475 1275.000000 0.000000 0.001104 0.000539 0.399963
Kf 0.002000 0.010475 1280.000000 0.000000 0.001104 0.000539 0.395418
Kf 0.002000 0.010475 1285.000000 0.000000 0.001104 0.000539 0.390925
Kf 0.002000 0.010475 1290.000000 0.000000 0.001104 0.000539 0.386483
Kf 0.002000 0.010475 1295.000000 0.000000 0.001104 0.000539 0.382092
Kf 0.002000 0.010475 1300.000000 0.000000 0.001104 0.000539 0.377751
Kf 0.002000 0.010475 1305.000000 0.000000 0.001104 0.000539 0.373460
Kf 0.002000 0.010475 1310.000000 0.000000 0.001104 0.000539 0.369218
Kf 0.002000 0.010475 1315.000000 0.000000 0.001104 0.000539 0.365024
Kf 0.002000 0.010475 1320.000000 0.000000 0.001104 0.000539 0.360878
Kf 0.002000 0.010475 1325.000000 0.000000 0.001104 0.000539 0.356780
Kf 0.002000 0.010475 1330.000000 0.000000 0.001104 0.000539 0.352729
Kf 0.002000 0.010475 1335.000000 0.000000 0.001104 0.000539 0.348724
Kf 0.002000 0.010475 1340.000000 0.000000 0.001104 0.000539 0.344764
Kf 0.002000 0.010475 1345.000000 0.000000 0.001104 0.000539 0.340850
Kf 0.002000 0.010475 1350.000000 0.000000 0.001104 0.000539 0.336981
Kf 0.002000 0.010475 1355.000000 0.000000 0.001104 0.000539 0.333156
Kf 0.002000 0.010475 1360.000000 0.000000 0.001104 0.000539 0.329375
Kf 0.002000 0.010475 1365.000000 0.000000 0.001104 0.000539 0.325637
Kf 0.002000 0.010475 1370.000000 0.000000 0.001104 0.000539 0.321942
Kf 0.002000 0.010475 1375.000000 0.000000 0.001104 0.000539 0.318289
Kf 0.002000 0.010475 1380.000000 0.000000 0.001104 0.000539 0.314677
Kf 0.002000 0.010475 1385.000000 0.000000 0.001104 0.000539 0.311107
Kf 0.002000 0.010475 1390.000000 0.000000 0.001104 0.000539 0.307578
Kf 0.002000 0.010475 1395.000000 0.000000 0.001104 0.000539 0.304089
Kf 0.002000 0.010475 1400.000000 0.000000 0.001104 0.000539 0.300640
Kf 0.002000 0.010475 1405.000000 0.000000 0.001104 0.000539 0.297231
Kf 0.002000 0.010475 1410.000000 0.000000 0.001104 0.000539 0.293860
Kf 0.002000 0.010475 1415.000000 0.000000 0.001104 0.000539 0.290528
Kf 0.002000 0.010475 1420.000000 0.000000 0.001104 0.000539 0.287235
Kf 0.002000 0.010475 1425.000000 0.000000 0.001104 0.000539 0.283978
Kf 0.002000 0.010475 1430.000000 0.000000 0.001104 0.000539 0.280759
Kf 0.002000 0.010475 1435.000000 0.000000 0.001104 0.000539 0.277577
Kf 0.002000 0.010475 1440.000000 0.000000 0.001104 0.000539 0.274432
Kf 0.002000 0.010475 1445.000000 0.000000 0.001104 0.000539 0.271322
Kf 0.002000 0.010475 1450.000000 0.000000 0.001104 0.000539 0.268248
Kf 0.002000 0.010475 1455.000000 0.000000 0.001104 0.000539 0.265208
Kf 0.002000 0.010475 1460.000000 0.000000 0.001104 0.000539 0.262204
Kf 0.002000 0.010475 1465.000000 0.000000 0.001104 0.000539 0.259234
Kf 0.002000 0.010475 1470.000000 0.000000 0.001104 0.000539 0.256298
Kf 0.002000 0.010475 1475.000000 0.000000 0.001104 0.000539 0.253396
Kf 0.002000 0.010475 1480.000000 0.000000 0.001104 0.000539 0.250526
Kf 0.002000 0.010475 1485.000000 0.000000 0.001104 0.000539 0.247690
Kf 0.002000 0.010475 1490.000000 0.000000 0.001104 0.000539 0.244886
Kf 0.002000 0.010475 1495.000000 0.000000 0.001104 0.000539 0.242114
Kf 0.002000 0.010475 1500.000000 0.000000 0.001104 0.000539 0.239374
Kf 0.002000 0.010475 1505.000000 0.000000 0.001104 0.000539 0.236665
Kf 0.002000 0.010475 1510.000000 0.000000 0.001104 0.000539 0.233987
Kf 0.002000 0.010475 1515.000000 0.000000 0.001104 0.000539 0.231339
Kf 0.002000 0.010475 1520.000000 0.000000 0.001104 0.000539 0.228722
Kf 0.002000 0.010475 1525.000000 0.000000 0.001104 0.000539 0.226135
Kf 0.002000 0.010475 1530.000000 0.000000 0.001104 0.000539 0.223577
Kf 0.002000 0.010475 1535.000000 0.000000 0.001104 0.000539 0.221049
Kf 0.002000 0.010475 1540.000000 0.000000 0.001104 0.000539 0.218550
Kf 0.002000 0.010475 1545.000000 0.000000 0.001104 0.000539 0.216079
Kf 0.002000 0.010475 1550.000000 0.000000 0.001104 0.000539 0.213636
Kf 0.002000 0.010475 1555.000000 0.000000 0.001104 0.000539 0.211222
Kf 0.002000 0.010475 1560.000000 0.000000 0.001104 0.000539 0.208835
Kf 0.002000 0.010475 1565.000000 0.000000 0.001104 0.000539 0.206475
Kf 0.002000 0.010475 1570.000000 0.000000 0.001104 0.000539 0.204142
Kf 0.002000 0.010475 1575.000000 0.000000 0.001104 0.000539 0.201836
Kf 0.002000 0.010475 1580.000000 0.000000 0.001104 0.000539 0.199556
Kf 0.002000 0.010475 1585.000000 0.000000 0.001104 0.000539 0.197303
Kf 0.002000 0.010475 1590.000000 0.000000 0.001104 0.000539 0.195075
Kf 0.002000 0.010475 1595.000000 0.000000 0.001104 0.000539 0.192872
Kf 0.002000 0.010475 1600.000000 0.000000 0.001104 0.000539 0.190695
Kf 0.002000 0.010475 1605.000000 0.000000 0.001104 0.000539 0.188543
Kf 0.002000 0.010475 1610.000000 0.000000 0.001104 0.000539 0.186415
Kf 0.002000 0.010475 1615.000000 0.000000 0.001104 0.000539 0.184311
Kf 0.002000 0.010475 1620.000000 0.000000 0.001104 0.000539 0.182232
Kf 0.002000 0.010475 1625.000000 0.000000 0.001104 0.000539 0.180176
Kf 0.002000 0.010475 1630.000000 0.000000 0.001104 0.000539 0.178144
Kf 0.002000 0.010475 1635.000000 0.000000 0.001104 0.000539 0.176136
Kf 0.002000 0.010475 1640.000000 0.000000 0.001104 0.000539 0.174150
Kf 0.002000 0.010475 1645.000000 0.000000 0.001104 0.000539 0.172187
Kf 0.002000 0.010475 1650.000000 0.000000 0.001104 0.000539 0.170246
Kf 0.002000 0.010475 1655.000000 0.000000 0.001104 0.000539 0.168327
Kf 0.002000 0.010475 1660.000000 0.000000 0.001104 0.000539 0.166431
Kf 0.002000 0.010475 1665.000000 0.000000 0.001104 0.000539 0.164556
Kf 0.002000 0.010475 1670.000000 0.000000 0.001104 0.000539 0.162702
Kf 0.002000 0.010475 1675.000000 0.000000 0.001104 0.000539 0.160870
Kf 0.002000 0.010475 1680.000000 0.000000 0.001104 0.000539 0.159059
Kf 0.002000 0.010475 1685.000000 0.000000 0.001104 0.000539 0.157268
Kf 0.002000 0.010475 1690.000000 0.000000 0.001104 0.000539 0.155498
Kf 0.002000 0.010475 1695.000000 0.000000 0.001104 0.000539 0.153748
Kf 0.002000 0.010475 1700.000000 0.000000 0.001104 0.000539 0.152018
Kf 0.002000 0.010475 1705.000000 0.000000 0.001104 0.000539 0.150308
Kf 0.002000 0.010475 1710.000000 0.000000 0.001104 0.000539 0.148617
Kf 0.002000 0.010475 1715.000000 0.000000 0.001104 0.000539 0.146946
Kf 0.002000 0.010475 1720.000000 0.000000 0.001104 0.000539 0.145294
Kf 0.002000 0.010475 1725.000000 0.000000 0.001104 0.000539 0.143661
Kf 0.002000 0.010475 1730.000000 0.000000 0.001104 0.000539 0.142046
Kf 0.002000 0.010475 1735.000000 0.000000 0.001104 0.000539 0.140450
Kf 0.002000 0.010475 1740.000000 0.000000 0.001104 0.000539 0.138872
Kf 0.002000 0.010475 1745.000000 0.000000 0.001104 0.000539 0.137313
Kf 0.002000 0.010475 1750.000000 0.000000 0.001104 0.000539 0.135771
Kf 0.002000 0.010475 1755.000000 0.000000 0.001104 0.000539 0.134246
Kf 0.002000 0.010475 1760.000000 0.000000 0.001104 0.000539 0.132739
Kf 0.002000 0.010475 1765.000000 0.000000 0.001104 0.000539 0.131250
Kf 0.002000 0.010475 1770.000000 0.000000 0.001104 0.000539 0.129777
Kf 0.002000 0.010475 1775.000000 0.000000 0.001104 0.000539 0.128321
Kf 0.002000 0.010475 1780.000000 0.000000 0.001104 0.000539 0.126882
Kf 0.002000 0.010475 1785.000000 0.000000 0.001104 0.000539 0.125459
Kf 0.002000 0.010475 1790.000000 0.000000 0.001104 0.000539 0.124053
Kf 0.002000 0.010475 1795.000000 0.000000 0.001104 0.000539 0.122663
Kf 0.002000 0.010475 1800.000000 0.000000 0.001104 0.000539 0.121288
Kf 0.002000 0.010475 1805.000000 0.000000 0.001104 0.000539 0.119929
Kf 0.002000 0.010475 1810.000000 0.000000 0.001104 0.000539 0.118586
Kf 0.002000 0.010475 1815.000000 0.000000 0.001104 0.000539 0.117258
Kf 0.002000 0.010475 1820.000000 0.000000 0.001104 0.000539 0.115946
Kf 0.002000 0.010475 1825.000000 0.000000 0.001104 0.000539 0.114648
Kf 0.002000 0.010475 1830.000000 0.000000 0.001104 0.000539 0.113365
Kf 0.002000 0.010475 1835.000000 0.000000 0.001104 0.000539 0.112097
Kf 0.002000 0.010475 1840.000000 0.000000 0.001104 0.000539 0.110843
Kf 0.002000 0.010475 1845.000000 0.000000 0.001104 0.000539 0.109604
Kf 0.002000 0.010475 1850.000000 0.000000 0.001104 0.000539 0.108379
Kf 0.002000 0.010475 1855.000000 0.000000 0.001104 0.000539 0.107168
Kf 0.002000 0.010475 1860.000000 0.000000 0.001104 0.000539 0.105970
Kf 0.002000 0.010475 1865.000000 0.000000 0.001104 0.000539 0.104787
Kf 0.002000 0.010475 1870.000000 0.000000 0.001104 0.000539 0.103617
Kf 0.002000 0.010475 1875.000000 0.000000 0.001104 0.000539 0.102460
Kf 0.002000 0.010475 1880.000000 0.000000 0.001104 0.000539 0.101317
Kf 0.002000 0.010475 1885.000000 0.000000 0.001104 0.000539 0.100186
Kf 0.002000 0.010475 1890.000000 0.000000 0.001104 0.000539 0.099069
Kf 0.002000 0.010475 1895.000000 0.000000 0.001104 0.000539 0.097964
Kf 0.002000 0.010475 1900.000000 0.000000 0.001104 0.000539 0.096872
Kf 0.002000 0.010475 1905.000000 0.000000 0.001104 0.000539 0.095793
Kf 0.002000 0.010475 1910.000000 0.000000 0.001104 0.000539 0.094725
Kf 0.002000 0.010475 1915.000000 0.000000 0.001104 0.000539 0.093670
Kf 0.002000 0.010475 1920.000000 0.000000 0.001104 0.000539 0.092627
Kf 0.002000 0.010475 1925.000000 0.000000 0.001104 0.000539 0.091596
Kf 0.002000 0.010475 1930.000000 0.000000 0.001104 0.000539 0.090577
Kf 0.002000 0.010475 1935.000000 0.000000 0.001104 0.000539 0.089569
Kf 0.002000 0.010475 1940.000000 0.000000 0.001104 0.000539 0.088573
Kf 0.002000 0.010475 1945.000000 0.000000 0.001104 0.000539 0.087589
Kf 0.002000 0.010475 1950.000000 0.000000 0.001104 0.000539 0.086615
Kf 0.002000 0.010475 1955.000000 0.000000 0.001104 0.000539 0.085653
Kf 0.002000 0.010475 1960.000000 0.000000 0.001104 0.000539 0.084702
Kf 0.002000 0.010475 1965.000000 0.000000 0.001104 0.000539 0.083761
Kf 0.002000 0.010475 1970.000000 0.000000 0.001104 0.000539 0.082832
Kf 0.002000 0.010475 1975.000000 0.000000 0.001104 0.000539 0.081913
Kf 0.002000 0.010475 1980.000000 0.000000 0.001104 0.000539 0.081004
Kf 0.002000 0.010475 1985.000000 0.000000 0.001104 0.000539 0.080106
Kf 0.002000 0.010475 1990.000000 0.000000 0.001104 0.000539 0.079218
Kf 0.002000 0.010475 1995.000000 0.000000 0.001104 0.000539 0.078340
Kf 0.002000 0.010475 2000.000000 0.000000 0.001104 0.000539 0.077473
Kf 0.002000 0.010475 2005.000000 0.000000 0.001104 0.000539 0.076615
Kf 0.002000 0.010475 2010.000000 0.000000 0.001104 0.000539 0.075767
Kf 0.002000 0.010475 2015.000000 0.000000 0.001104 0.000539 0.074929
Kf 0.002000 0.010475 2020.000000 0.000000 0.001104 0.000539 0.074100
Kf 0.002000 0.010475 2025.000000 0.000000 0.001104 0.000539 0.073281
Kf 0.002000 0.010475 2030.000000 0.000000 0.001104 0.000539 0.072471
Kf 0.002000 0.010475 2035.000000 0.000000 0.001104 0.000539 0.071671
Kf 0.002000 0.010475 2040.000000 0.000000 0.001104 0.000539 0.070879
Kf 0.002000 0.010475 2045.000000 0.000000 0.001104 0.000539 0.070097
Kf 0.002000 0.010475 2050.000000 0.000000 0.001104 0.000539 0.069323
Kf 0.002000 0.010475 2055.000000 0.000000 0.001104 0.000539 0.068559
Kf 0.002000 0.010475 2060.000000 0.000000 0.001104 0.000539 0.067803
Kf 0.002000 0.010475 2065.000000 0.000000 0.001104 0.000539 0.067056
Kf 0.002000 0.010475 2070.000000 0.000000 0.001104 0.000539 0.066317
Kf 0.002000 0.010475 2075.000000 0.000000 0.001104 0.000539 0.065587
Kf 0.002000 0.010475 2080.000000 0.000000 0.001104 0.000539 0.064865
Kf 0.002000 0.010475 2085.000000 0.000000 0.001104 0.000539 0.064151
Kf 0.002000 0.010475 2090.000000 0.000000 0.001104 0.000539 0.063446
Kf 0.002000 0.010475 2095.000000 0.000000 0.001104 0.000539 0.062749
Kf 0.002000 0.010475 2100.000000 0.000000 0.001104 0.000539 0.062059
Kf 0.002000 0.010475 2105.000000 0.000000 0.001104 0.000539 0.061378
Kf 0.002000 0.010475 2110.000000 0.000000 0.001104 0.000539 0.060704
Kf 0.002000 0.010475 2115.000000 0.000000 0.001104 0.000539 0.060038
Kf 0.002000 0.010475 2120.000000 0.000000 0.001104 0.000539 0.059380
Kf 0.002000 0.010475 2125.000000 0.000000 0.001104 0.000539 0.058729
Kf 0.002000 0.010475 2130.000000 0.000000 0.001104 0.000539 0.058085
Kf 0.002000 0.010475 2135.000000 0.000000 0.001104 0.000539 0.057449
Kf 0.002000 0.010475 2140.000000 0.000000 0.001104 0.000539 0.056820
Kf 0.002000 0.010475 2145.000000 0.000000 0.001104 0.000539 0.056199
Kf 0.002000 0.010475 2150.000000 0.000000 0.001104 0.000539 0.055584
Kf 0.002000 0.010475 2155.000000 0.000000 0.001104 0.000539 0.054977
Kf 0.002000 0.010475 2160.000000 0.000000 0.001104 0.000539 0.054376
Kf 0.002000 0.010475 2165.000000 0.000000 0.001104 0.000539 0.053783
Kf 0.002000 0.010475 2170.000000 0.000000 0.001104 0.000539 0.053196
Kf 0.002000 0.010475 2175.000000 0.000000 0.001104 0.000539 0.052616
Kf 0.002000 0.010475 2180.000000 0.000000 0.001104 0.000539 0.052042
Kf 0.002000 0.010475 2185.000000 0.000000 0.001104 0.000539 0.051475
Kf 0.002000 0.010475 2190.000000 0.000000 0.001104 0.000539 0.050915
Kf 0.002000 0.010475 2195.000000 0.000000 0.001104 0.000539 0.050361
Kf 0.002000 0.010475 2200.000000 0.000000 0.001104 0.000539 0.049813
Kf 0.002000 0.010475 2205.000000 0.000000 0.001104 0.000539 0.049271
Kf 0.002000 0.010475 2210.000000 0.000000 0.001104 0.000539 0.048736
Kf 0.002000 0.010475 2215.000000 0.000000 0.001104 0.000539 0.048207
Kf 0.002000 0.010475 2220.000000 0.000000 0.001104 0.000539 0.047684
Kf 0.002000 0.010475 2225.000000 0.000000 0.001104 0.000539 0.047167
Kf 0.002000 0.010475 2230.000000 0.000000 0.001104 0.000539 0.046655
Kf 0.002000 0.010475 2235.000000 0.000000 0.001104 0.000539 0.046150
Kf 0.002000 0.010475 2240.000000 0.000000 0.001104 0.000539 0.045650
Kf 0.002000 0.010475 2245.000000 0.000000 0.001104 0.000539 0.045157
Kf 0.002000 0.010475 2250.000000 0.000000 0.001104 0.000539 0.044668
Kf 0.002000 0.010475 2255.000000 0.000000 0.001104 0.000539 0.044186
Kf 0.002000 0.010475 2260.000000 0.000000 0.001104 0.000539 0.043709
Kf 0.002000 0.010475 2265.000000 0.000000 0.001104 0.000539 0.043237
Kf 0.002000 0.010475 2270.000000 0.000000 0.001104 0.000539 0.042771
Kf 0.002000 0.010475 2275.000000 0.000000 0.001104 0.000539 0.042310
Kf 0.002000 0.010475 2280.000000 0.000000 0.001104 0.000539 0.041854
Kf 0.002000 0.010475 2285.000000 0.000000 0.001104 0.000539 0.041403
Kf 0.002000 0.010475 2290.000000 0.000000 0.001104 0.000539 0.040958
Kf 0.002000 0.010475 2295.000000 0.000000 0.001104 0.000539 0.040518
Kf 0.002000 0.010475 2300.000000 0.000000 0.001104 0.000539 0.040083
Kf 0.002000 0.010475 2305.000000 0.000000 0.001104 0.000539 0.039652
Kf 0.002000 0.010475 2310.000000 0.000000 0.001104 0.000539 0.039227
Kf 0.002000 0.010475 2315.000000 0.000000 0.001104 0.000539 0.038807
Kf 0.002000 0.010475 2320.000000 0.000000 0.001104 0.000539 0.038391
Kf 0.002000 0.010475 2325.000000 0.000000 0.001104 0.000539 0.037980
Kf 0.002000 0.010475 2330.000000 0.000000 0.001104 0.000539 0.037574
Kf 0.002000 0.010475 2335.000000 0.000000 0.001104 0.000539 0.037172
Kf 0.002000 0.010475 2340.000000 0.000000 0.001104 0.000539 0.036775
Kf 0.002000 0.010475 2345.000000 0.000000 0.001104 0.000539 0.036383
Kf 0.002000 0.010475 2350.000000 0.000000 0.001104 0.000539 0.035995
Kf 0.002000 0.010475 2355.000000 0.000000 0.001104 0.000539 0.035612
Kf 0.002000 0.010475 2360.000000 0.000000 0.001104 0.000539 0.035233
Kf 0.002000 0.010475 2365.000000 0.000000 0.001104 0.000539 0.034858
Kf 0.002000 0.010475 2370.000000 0.000000 0.001104 0.000539 0.034487
Kf 0.002000 0.010475 2375.000000 0.000000 0.001104 0.000539 0.034121
Kf 0.002000 0.010475 2380.000000 0.000000 0.001104 0.000539 0.033759
Kf 0.002000 0.010475 2385.000000 0.000000 0.001104 0.000539 0.033401
Kf 0.002000 0.010475 2390.000000 0.000000 0.001104 0.000539 0.033047
Kf 0.002000 0.010475 2395.000000 0.000000 0.001104 0.000539 0.032697
Kf 0.002000 0.010475 2400.000000 0.000000 0.001104 0.000539 0.032352
Kf 0.002000 0.010475 2405.000000 0.000000 0.001104 0.000539 0.032010
Kf 0.002000 0.010475 2410.000000 0.000000 0.001104 0.000539 0.031672
Kf 0.002000 0.010475 2415.000000 0.000000 0.001104 0.000539 0.031338
Kf 0.002000 0.010475 2420.000000 0.000000 0.001104 0.000539 0.031008
Kf 0.002000 0.010475 2425.000000 0.000000 0.001104 0.000539 0.030681
Kf 0.002000 0.010475 2430.000000 0.000000 0.001104 0.000539 0.030358
Kf 0.002000 0.010475 2435.000000 0.000000 0.001104 0.000539 0.030039
Kf 0.002000 0.010475 2440.000000 0.000000 0.001104 0.000539 0.029724
Kf 0.002000 0.010475 2445.000000 0.000000 0.001104 0.000539 0.029412
Kf 0.002000 0.010475 2450.000000 0.000000 0.001104 0.000539 0.029104
Kf 0.002000 0.010475 2455.000000 0.000000 0.001104 0.000539 0.028799
Kf 0.002000 0.010475 2460.000000 0.000000 0.001104 0.000539 0.028498
Kf 0.002000 0.010475 2465.000000 0.000000 0.001104 0.000539 0.028200
Kf 0.002000 0.010475 2470.000000 0.000000 0.001104 0.000539 0.027906
Kf 0.002000 0.010475 2475.000000 0.000000 0.001104 0.000539 0.027615
Kf 0.002000 0.010475 2480.000000 0.000000 0.001104 0.000539 0.027327
Kf 0.002000 0.010475 2485.000000 0.000000 0.001104 0.000539 0.027043
Kf 0.002000 0.010475 2490.000000 0.000000 0.001104 0.000539 0.026762
Kf 0.002000 0.010475 2495.000000 0.000000 0.001104 0.000539 0.026484
Kf 0.002000 0.010475 2500.000000 0.000000 0.001104 0.000539 0.026209
Kf 0.002000 0.010475 2505.000000 0.000000 0.001104 0.000539 0.025937
Kf 0.002000 0.010475 2510.000000 0.000000 0.001104 0.000539 0.025669
Kf 0.002000 0.010475 2515.000000 0.000000 0.001104 0.000539 0.025404
Kf 0.002000 0.010475 2520.000000 0.000000 0.001104 0.000539 0.025141
Kf 0.002000 0.010475 2525.000000 0.000000 0.001104 0.000539 0.024882
Kf 0.002000 0.010475 2530.000000 0.000000 0.001104 0.000539 0.024625
Kf 0.002000 0.010475 2535.000000 0.000000 0.001104 0.000539 0.024372
Kf 0.002000 0.010475 2540.000000 0.000000 0.001104 0.000539 0.024121
Kf 0.002000 0.010475 2545.000000 0.000000 0.001104 0.000539 0.023874
Kf 0.002000 0.010475 2550.000000 0.000000 0.001104 0.000539 0.023629
Kf 0.002000 0.010475 2555.000000 0.000000 0.001104 0.000539 0.023387
Kf 0.002000 0.010475 2560.000000 0.000000 0.001104 0.000539 0.023147
Kf 0.002000 0.010475 2565.000000 0.000000 0.001104 0.000539 0.022911
Kf 0.002000 0.010475 2570.000000 0.000000 0.001104 0.000539 0.022677
Kf 0.002000 0.010475 2575.000000 0.000000 0.001104 0.000539 0.022446
Kf 0.002000 0.010475 2580.000000 0.000000 0.001104 0.000539 0.022217
Kf 0.002000 0.010475 2585.000000 0.000000 0.001104 0.000539 0.021991
Kf 0.002000 0.010475 2590.000000 0.000000 0.001104 0.000539 0.021768
Kf 0.002000 0.010475 2595.000000 0.000000 0.001104 0.000539 0.021547
Kf 0.002000 0.010475 2600.000000 0.000000 0.001104 0.000539 0.021329
Kf 0.002000 0.010475 2605.000000 0.000000 0.001104 0.000539 0.021113
Kf 0.002000 0.010475 2610.000000 0.000000 0.001104 0.000539 0.020899
Kf 0.002000 0.010475 2615.000000 0.000000 0.001104 0.000539 0.020689
Kf 0.002000 0.010475 2620.000000 0.000000 0.001104 0.000539 0.020480
Kf 0.002000 0.010475 2625.000000 0.000000 0.001104 0.000539 0.020274
Kf 0.002000 0.010475 2630.000000 0.000000 0.001104 0.000539 0.020070
Kf 0.002000 0.010475 2635.000000 0.000000 0.001104 0.000539 0.019869
Kf 0.002000 0.010475 2640.000000 0.000000 0.001104 0.000539 0.019670
Kf 0.002000 0.010475 2645.000000 0.000000 0.001104 0.000539 0.019473
Kf 0.002000 0.010475 2650.000000 0.000000 0.001104 0.000539 0.019278
Kf 0.002000 0.010475 2655.000000 0.000000 0.001104 0.000539 0.019086
Kf 0.002000 0.010475 2660.000000 0.000000 0.001104 0.000539 0.018896
Kf 0.002000 0.010475 2665.000000 0.000000 0.001104 0.000539 0.018708
Kf 0.002000 0.010475 2670.000000 0.000000 0.001104 0.000539 0.018522
Kf 0.002000 0.010475 2675.000000 0.000000 0.001104 0.000539 0.018338
Kf 0.002000 0.010475 2680.000000 0.000000 0.001104 0.000539 0.018157
Kf 0.002000 0.010475 2685.000000 0.000000 0.001104 0.000539 0.017977
Kf 0.002000 0.010475 2690.000000 0.000000 0.001104 0.000539 0.017800
Kf 0.002000 0.010475 2695.000000 0.000000 0.001104 0.000539 0.017624
Kf 0.002000 0.010475 2700.000000 0.000000 0.001104 0.000539 0.017451
Kf 0.002000 0.010475 2705.000000 0.000000 0.001104 0.000539 0.017279
Kf 0.002000 0.010475 2710.000000 0.000000 0.001104 0.000539 0.017110
Kf 0.002000 0.010475 2715.000000 0.000000 0.001104 0.000539 0.016942
Kf 0.002000 0.010475 2720.000000 0.000000 0.001104 0.000539 0.016777
Kf 0.002000 0.010475 2725.000000 0.000000 0.001104 0.000539 0.016613
Kf 0.002000 0.010475 2730.000000 0.000000 0.001104 0.000539 0.016451
Kf 0.002000 0.010475 2735.000000 0.000000 0.001104 0.000539 0.016291
Kf 0.002000 0.010475 2740.000000 0.000000 0.001104 0.000539 0.016133
Kf 0.002000 0.010475 2745.000000 0.000000 0.001104 0.000539 0.015977
Kf 0.002000 0.010475 2750.000000 0.000000 0.001104 0.000539 0.015822
Kf 0.002000 0.010475 2755.000000 0.000000 0.001104 0.000539 0.015669
Kf 0.002000 0.010475 2760.000000 0.000000 0.001104 0.000539 0.015518
Kf 0.002000 0.010475 2765.000000 0.000000 0.001104 0.000539 0.015369
Kf 0.002000 0.010475 2770.000000 0.000000 0.001104 0.000539 0.015221
Kf 0.002000 0.010475 2775.000000 0.000000 0.001104 0.000539 0.015075
Kf 0.002000 0.010475 2780.000000 0.000000 0.001104 0.000539 0.014931
Kf 0.002000 0.010475 2785.000000 0.000000 0.001104 0.000539 0.014788
Kf 0.002000 0.010475 2790.000000 0.000000 0.001104 0.000539 0.014647
Kf 0.002000 0.010475 2795.000000 0.000000 0.001104 0.000539 0.014508
Kf 0.002000 0.010475 2800.000000 0.000000 0.001104 0.000539 0.014370
Kf 0.002000 0.010475 2805.000000 0.000000 0.001104 0.000539 0.014234
Kf 0.002000 0.010475 2810.000000 0.000000 0.001104 0.000539 0.014099
Kf 0.002000 0.010475 2815.000000 0.000000 0.001104 0.000539 0.013966
Kf 0.002000 0.010475 2820.000000 0.000000 0.001104 0.000539 0.013834
Kf 0.002000 0.010475 2825.000000 0.000000 0.001104 0.000539 0.013704
Kf 0.002000 0.010475 2830.000000 0.000000 0.001104 0.000539 0.013576
Kf 0.002000 0.010475 2835.000000 0.000000 0.001104 0.000539 0.013448
Kf 0.002000 0.010475 2840.000000 0.000000 0.001104 0.000539 0.013323
Kf 0.002000 0.010475 2845.000000 0.000000 0.001104 0.000539 0.013198
Kf 0.002000 0.010475 2850.000000 0.000000 0.001104 0.000539 0.013076
Kf 0.002000 0.010475 2855.000000 0.000000 0.001104 0.000539 0.012954
Kf 0.002000 0.010475 2860.000000 0.000000 0.001104 0.000539 0.012834
Kf 0.002000 0.010475 2865.000000 0.000000 0.001104 0.000539 0.012715
Kf 0.002000 0.010475 2870.000000 0.000000 0.001104 0.000539 0.012598
Kf 0.002000 0.010475 2875.000000 0.000000 0.001104 0.000539 0.012482
Kf 0.002000 0.010475 2880.000000 0.000000 0.001104 0.000539 0.012368
Kf 0.002000 0.010475 2885.000000 0.000000 0.001104 0.000539 0.012254
Kf 0.002000 0.010475 2890.000000 0.000000 0.001104 0.000539 0.012142
Kf 0.002000 0.010475 2895.000000 0.000000 0.001104 0.000539 0.012031
Kf 0.002000 0.010475 2900.000000 0.000000 0.001104 0.000539 0.011922
Kf 0.002000 0.010475 2905.000000 0.000000 0.001104 0.000539 0.011814
Kf 0.002000 0.010475 2910.000000 0.000000 0.001104 0.000539 0.011707
Kf 0.002000 0.010475 2915.000000 0.000000 0.001104 0.000539 0.011601
Kf 0.002000 0.010475 2920.000000 0.000000 0.001104 0.000539 0.011496
Kf 0.002000 0.010475 2925.000000 0.000000 0.001104 0.000539 0.011393
Kf 0.002000 0.010475 2930.000000 0.000000 0.001104 0.000539 0.011291
Kf 0.002000 0.010475 2935.000000 0.000000 0.001104 0.000539 0.011190
Kf 0.002000 0.010475 2940.000000 0.000000 0.001104 0.000539 0.011090
Kf 0.002000 0.010475 2945.000000 0.000000 0.001104 0.000539 0.010991
Kf 0.002000 0.010475 2950.000000 0.000000 0.001104 0.000539 0.010894
Kf 0.002000 0.010475 2955.000000 0.000000 0.001104 0.000539 0.010797
Kf 0.002000 0.010475 2960.000000 0.000000 0.001104 0.000539 0.010702
Kf 0.002000 0.010475 2965.000000 0.000000 0.001104 0.000539 0.010607
Kf 0.002000 0.010475 2970.000000 0.000000 0.001104 0.000539 0.010514
Kf 0.002000 0.010475 2975.000000 0.000000 0.001104 0.000539 0.010422
Kf 0.002000 0.010475 2980.000000 0.000000 0.001104 0.000539 0.010331
Kf 0.002000 0.010475 2985.000000 0.000000 0.001104 0.000539 0.010241
Kf 0.002000 0.010475 2990.000000 0.000000 0.001104 0.000539 0.010152
Kf 0.002000 0.010475 2995.000000 0.000000 0.001104 0.000539 0.010064
Kf 0.002000 0.010475 3000.000000 0.000000 0.001104 0.000539 0.009977
Kf 0.002000 0.010475 3005.000000 0.000000 0.001104 0.000539 0.009891
Kf 0.002000 0.010475 3010.000000 0.000000 0.001104 0.000539 0.009806
Kf 0.002000 0.010475 3015.000000 0.000000 0.001104 0.000539 0.009722
Kf 0.002000 0.010475 3020.000000 0.000000 0.001104 0.000539 0.009639
Kf 0.002000 0.010475 3025.000000 0.000000 0.001104 0.000539 0.009557
Kf 0.002000 0.010475 3030.000000 0.000000 0.001104 0.000539 0.009476
Kf 0.002000 0.010475 3035.000000 0.000000 0.001104 0.000539 0.009395
Kf 0.002000 0.010475 3040.000000 0.000000 0.001104 0.000539 0.009316
Kf 0.002000 0.010475 3045.000000 0.000000 0.001104 0.000539 0.009237
Kf 0.002000 0.010475 3050.000000 0.000000 0.001104 0.000539 0.009160
Kf 0.002000 0.010475 3055.000000 0.000000 0.001104 0.000539 0.009083
Kf 0.002000 0.010475 3060.000000 0.000000 0.001104 0.000539 0.009007
Kf 0.002000 0.010475 3065.000000 0.000000 0.001104 0.000539 0.008933
Kf 0.002000 0.010475 3070.000000 0.000000 0.001104 0.000539 0.008859
Kf 0.002000 0.010475 3075.000000 0.000000 0.001104 0.000539 0.008785
Kf 0.002000 0.010475 3080.000000 0.000000 0.001104 0.000539 0.008713
Kf 0.002000 0.010475 3085.000000 0.000000 0.001104 0.000539 0.008641
Kf 0.002000 0.010475 3090.000000 0.000000 0.001104 0.000539 0.008571
Kf 0.002000 0.010475 3095.000000 0.000000 0.001104 0.000539 0.008501
Kf 0.002000 0.010475 3100.000000 0.000000 0.001104 0.000539 0.008432
Kf 0.002000 0.010475 3105.000000 0.000000 0.001104 0.000539 0.008363
Kf 0.002000 0.010475 3110.000000 0.000000 0.001104 0.000539 0.008296
Kf 0.002000 0.010475 3115.000000 0.000000 0.001104 0.000539 0.008229
Kf 0.002000 0.010475 3120.000000 0.000000 0.001104 0.000539 0.008163
Kf 0.002000 0.010475 3125.000000 0.000000 0.001104 0.000539 0.008098
Kf 0.002000 0.010475 3130.000000 0.000000 0.001104 0.000539 0.008033
Kf 0.002000 0.010475 3135.000000 0.000000 0.001104 0.000539 0.007969
Kf 0.002000 0.010475 3140.000000 0.000000 0.001104 0.000539 0.007906
Kf 0.002000 0.010475 3145.000000 0.000000 0.001104 0.000539 0.007844
Kf 0.002000 0.010475 3150.000000 0.000000 0.001104 0.000539 0.007782
Kf 0.002000 0.010475 3155.000000 0.000000 0.001104 0.000539 0.007722
Kf 0.002000 0.010475 3160.000000 0.000000 0.001104 0.000539 0.007661
Kf 0.002000 0.010475 3165.000000 0.000000 0.001104 0.000539 0.007602
Kf 0.002000 0.010475 3170.000000 0.000000 0.001104 0.000539 0.007543
Kf 0.002000 0.010475 3175.000000 0.000000 0.001104 0.000539 0.007485
Kf 0.002000 0.010475 3180.000000 0.000000 0.001104 0.000539 0.007427
Kf 0.002000 0.010475 3185.000000 0.000000 0.001104 0.000539 0.007370
Kf 0.002000 0.010475 3190.000000 0.000000 0.001104 0.000539 0.007314
Kf 0.002000 0.010475 3195.000000 0.000000 0.001104 0.000539 0.007259
Kf 0.002000 0.010475 3200.000000 0.000000 0.001104 0.000539 0.007204
Kf 0.002000 0.010475 3205.000000 0.000000 0.001104 0.000539 0.007149
Kf 0.002000 0.010475 3210.000000 0.000000 0.001104 0.000539 0.007096
Kf 0.002000 0.010475 3215.000000 0.000000 0.001104 0.000539 0.007043
Kf 0.002000 0.010475 3220.000000 0.000000 0.001104 0.000539 0.006990
Kf 0.002000 0.010475 3225.000000 0.000000 0.001104 0.000539 0.006938
Kf 0.002000 0.010475 3230.000000 0.000000 0.001104 0.000539 0.006887
Kf 0.002000 0.010475 3235.000000 0.000000 0.001104 0.000539 0.006837
Kf 0.002000 0.010475 3240.000000 0.000000 0.001104 0.000539 0.006786
Kf 0.002000 0.010475 3245.000000 0.000000 0.001104 0.000539 0.006737
Kf 0.002000 0.010475 3250.000000 0.000000 0.001104 0.000539 0.006688
Kf 0.002000 0.010475 3255.000000 0.000000 0.001104 0.000539 0.006640
Kf 0.002000 0.010475 3260.000000 0.000000 0.001104 0.000539 0.006592
Kf 0.002000 0.010475 3265.000000 0.000000 0.001104 0.000539 0.006544
Kf 0.002000 0.010475 3270.000000 0.000000 0.001104 0.000539 0.006498
Kf 0.002000 0.010475 3275.000000 0.000000 0.001104 0.000539 0.006451
Kf 0.002000 0.010475 3280.000000 0.000000 0.001104 0.000539 0.006406
Kf 0.002000 0.010475 3285.000000 0.000000 0.001104 0.000539 0.006361
Kf 0.002000 0.010475 3290.000000 0.000000 0.001104 0.000539 0.006316
Kf 0.002000 0.010475 3295.000000 0.000000 0.001104 0.000539 0.006272
Kf 0.002000 0.010475 3300.000000 0.000000 0.001104 0.000539 0.006228
Kf 0.002000 0.010475 3305.000000 0.000000 0.001104 0.000539 0.006185
Kf 0.002000 0.010475 3310.000000 0.000000 0.001104 0.000539 0.006142
Kf 0.002000 0.010475 3315.000000 0.000000 0.001104 0.000539 0.006100
Kf 0.002000 0.010475 3320.000000 0.000000 0.001104 0.000539 0.006059
Kf 0.002000 0.010475 3325.000000 0.000000 0.001104 0.000539 0.006017
Kf 0.002000 0.010475 3330.000000 0.000000 0.001104 0.000539 0.005977
Kf 0.002000 0.010475 3335.000000 0.000000 0.001104 0.000539 0.005936
Kf 0.002000 0.010475 3340.000000 0.000000 0.001104 0.000539 0.005897
Kf 0.002000 0.010475 3345.000000 0.000000 0.001104 0.000539 0.005857
Kf 0.002000 0.010475 3350.000000 0.000000 0.001104 0.000539 0.005818
Kf 0.002000 0.010475 3355.000000 0.000000 0.001104 0.000539 0.005780
Kf 0.002000 0.010475 3360.000000 0.000000 0.001104 0.000539 0.005742
Kf 0.002000 0.010475 3365.000000 0.000000 0.001104 0.000539 0.005704
Kf 0.002000 0.010475 3370.000000 0.000000 0.001104 0.000539 0.005667
Kf 0.002000 0.010475 3375.000000 0.000000 0.001104 0.000539 0.005631
Kf 0.002000 0.010475 3380.000000 0.000000 0.001104 0.000539 0.005594
Kf 0.002000 0.010475 3385.000000 0.000000 0.001104 0.000539 0.005558
Kf 0.002000 0.010475 3390.000000 0.000000 0.001104 0.000539 0.005523
Kf 0.002000 0.010475 3395.000000 0.000000 0.001104 0.000539 0.005488
Kf 0.002000 0.010475 3400.000000 0.000000 0.001104 0.000539 0.005453
Kf 0.002000 0.010475 3405.000000 0.000000 0.001104 0.000539 0.005419
Kf 0.002000 0.010475 3410.000000 0.000000 0.001104 0.000539 0.005385
Kf 0.002000 0.010475 3415.000000 0.000000 0.001104 0.000539 0.005352
Kf 0.002000 0.010475 3420.000000 0.000000 0.001104 0.000539 0.005318
Kf 0.002000 0.010475 3425.000000 0.000000 0.001104 0.000539 0.005286
Kf 0.002000 0.010475 3430.000000 0.000000 0.001104 0.000539 0.005253
Kf 0.002000 0.010475 3435.000000 0.000000 0.001104 0.000539 0.005221
Kf 0.002000 0.010475 3440.000000 0.000000 0.001104 0.000539 0.005190
Kf 0.002000 0.010475 3445.000000 0.000000 0.001104 0.000539 0.005158
Kf 0.002000 0.010475 3450.000000 0.000000 0.001104 0.000539 0.005128
Kf 0.002000 0.010475 3455.000000 0.000000 0.001104 0.000539 0.005097
Kf 0.002000 0.010475 3460.000000 0.000000 0.001104 0.000539 0.005067
Kf 0.002000 0.010475 3465.000000 0.000000 0.001104 0.000539 0.005037
Kf 0.002000 0.010475 3470.000000 0.000000 0.001104 0.000539 0.005007
Kf 0.002000 0.010475 3475.000000 0.000000 0.001104 0.000539 0.004978
Kf 0.002000 0.010475 3480.000000 0.000000 0.001104 0.000539 0.004949
Kf 0.002000 0.010475 3485.000000 0.000000 0.001104 0.000539 0.004921
Kf 0.002000 0.010475 3490.000000 0.000000 0.001104 0.000539 0.004893
Kf 0.002000 0.010475 3495.000000 0.000000 0.001104 0.000539 0.004865
Kf 0.002000 0.010475 3500.000000 0.000000 0.001104 0.000539 0.004837
Kf 0.002000 0.010475 3505.000000 0.000000 0.001104 0.000539 0.004810
Kf 0.002000 0.010475 3510.000000 0.000000 0.001104 0.000539 0.004783
Kf 0.002000 0.010475 3515.000000 0.000000 0.001104 0.000539 0.004757
Kf 0.002000 0.010475 3520.000000 0.000000 0.001104 0.000539 0.004730
Kf 0.002000 0.010475 3525.000000 0.000000 0.001104 0.000539 0.004704
Kf 0.002000 0.010475 3530.000000 0.000000 0.001104 0.000539 0.004679
Kf 0.002000 0.010475 3535.000000 0.000000 0.001104 0.000539 0.004653
Kf 0.002000 0.010475 3540.000000 0.000000 0.001104 0.000539 0.004628
Kf 0.002000 0.010475 3545.000000 0.000000 0.001104 0.000539 0.004603
Kf 0.002000 0.010475 3550.000000 0.000000 0.001104 0.000539 0.004579
Kf 0.002000 0.010475 3555.000000 0.000000 0.001104 0.000539 0.004554
Kf 0.002000 0.010475 3560.000000 0.000000 0.001104 0.000539 0.004530
Kf 0.002000 0.010475 3565.000000 0.000000 0.001104 0.000539 0.004507
Kf 0.002000 0.010475 3570.000000 0.000000 0.001104 0.000539 0.004483
Kf 0.002000 0.010475 3575.000000 0.000000 0.001104 0.000539 0.004460
Kf 0.002000 0.010475 3580.000000 0.000000 0.001104 0.000539 0.004437
Kf 0.002000 0.010475 3585.000000 0.000000 0.001104 0.000539 0.004414
Kf 0.002000 0.010475 3590.000000 0.000000 0.001104 0.000539 0.004392
Kf 0.002000 0.010475 3595.000000 0.000000 0.001104 0.000539 0.004370
Kf 0.002000 0.010475 3600.000000 0.000000 0.001104 0.000539 0.004348
