HEADER DATE 27-Jul-2017 17:15:53
HEADER RANDSEED 1706605668
Param True_Value Sim_Value Sim_Time Input mRNA foldedP fluo
d1 0.030000 0.121217 0.000000 0.000000 0.000273 0.000228 0.000198
d1 0.030000 0.121217 5.000000 0.000000 0.000273 0.000228 0.000198
d1 0.030000 0.121217 10.000000 0.000000 0.000273 0.000228 0.000198
d1 0.030000 0.121217 15.000000 0.000000 0.000273 0.000228 0.000198
d1 0.030000 0.121217 20.000000 0.000000 0.000273 0.000228 0.000198
d1 0.030000 0.121217 25.000000 0.000000 0.000273 0.000228 0.000198
d1 0.030000 0.121217 30.000000 0.000000 0.000273 0.000228 0.000198
d1 0.030000 0.121217 35.000000 0.000000 0.000273 0.000228 0.000198
d1 0.030000 0.121217 40.000000 0.000000 0.000273 0.000228 0.000198
d1 0.030000 0.121217 45.000000 0.000000 0.000273 0.000228 0.000198
d1 0.030000 0.121217 50.000000 0.000000 0.000273 0.000228 0.000198
d1 0.030000 0.121217 55.000000 0.000000 0.000273 0.000228 0.000198
d1 0.030000 0.121217 60.000000 0.000000 0.000273 0.000228 0.000198
d1 0.030000 0.121217 65.000000 0.000000 0.000273 0.000228 0.000198
d1 0.030000 0.121217 70.000000 0.000000 0.000273 0.000228 0.000198
d1 0.030000 0.121217 75.000000 0.000000 0.000273 0.000228 0.000198
d1 0.030000 0.121217 80.000000 0.000000 0.000273 0.000228 0.000198
d1 0.030000 0.121217 85.000000 0.000000 0.000273 0.000228 0.000198
d1 0.030000 0.121217 90.000000 0.000000 0.000273 0.000228 0.000198
d1 0.030000 0.121217 95.000000 0.000000 0.000273 0.000228 0.000198
d1 0.030000 0.121217 100.000000 0.000000 0.000273 0.000228 0.000198
d1 0.030000 0.121217 105.000000 0.000000 0.000273 0.000228 0.000198
d1 0.030000 0.121217 110.000000 0.000000 0.000273 0.000228 0.000198
d1 0.030000 0.121217 115.000000 0.000000 0.000273 0.000228 0.000198
d1 0.030000 0.121217 120.000000 0.000000 0.000273 0.000228 0.000198
d1 0.030000 0.121217 125.000000 0.000000 0.000273 0.000228 0.000198
d1 0.030000 0.121217 130.000000 0.000000 0.000273 0.000228 0.000198
d1 0.030000 0.121217 135.000000 0.000000 0.000273 0.000228 0.000198
d1 0.030000 0.121217 140.000000 0.000000 0.000273 0.000228 0.000198
d1 0.030000 0.121217 145.000000 0.000000 0.000273 0.000228 0.000198
d1 0.030000 0.121217 150.000000 0.000000 0.000273 0.000228 0.000198
d1 0.030000 0.121217 155.000000 0.000000 0.000273 0.000228 0.000198
d1 0.030000 0.121217 160.000000 0.000000 0.000273 0.000228 0.000198
d1 0.030000 0.121217 165.000000 0.000000 0.000273 0.000228 0.000198
d1 0.030000 0.121217 170.000000 0.000000 0.000273 0.000228 0.000198
d1 0.030000 0.121217 175.000000 0.000000 0.000273 0.000228 0.000198
d1 0.030000 0.121217 180.000000 0.000000 0.000273 0.000228 0.000198
d1 0.030000 0.121217 185.000000 0.000000 0.000273 0.000228 0.000198
d1 0.030000 0.121217 190.000000 0.000000 0.000273 0.000228 0.000198
d1 0.030000 0.121217 195.000000 0.000000 0.000273 0.000228 0.000198
d1 0.030000 0.121217 200.000000 0.000000 0.000273 0.000228 0.000198
d1 0.030000 0.121217 205.000000 0.000000 0.000273 0.000228 0.000198
d1 0.030000 0.121217 210.000000 0.000000 0.000273 0.000228 0.000198
d1 0.030000 0.121217 215.000000 0.000000 0.000273 0.000228 0.000198
d1 0.030000 0.121217 220.000000 0.000000 0.000273 0.000228 0.000198
d1 0.030000 0.121217 225.000000 0.000000 0.000273 0.000228 0.000198
d1 0.030000 0.121217 230.000000 0.000000 0.000273 0.000228 0.000198
d1 0.030000 0.121217 235.000000 0.000000 0.000273 0.000228 0.000198
d1 0.030000 0.121217 240.000000 0.000000 0.000273 0.000228 0.000198
d1 0.030000 0.121217 245.000000 0.000000 0.000273 0.000228 0.000198
d1 0.030000 0.121217 250.000000 0.000000 0.000273 0.000228 0.000198
d1 0.030000 0.121217 255.000000 0.000000 0.000273 0.000228 0.000198
d1 0.030000 0.121217 260.000000 0.000000 0.000273 0.000228 0.000198
d1 0.030000 0.121217 265.000000 0.000000 0.000273 0.000228 0.000198
d1 0.030000 0.121217 270.000000 0.000000 0.000273 0.000228 0.000198
d1 0.030000 0.121217 275.000000 0.000000 0.000273 0.000228 0.000198
d1 0.030000 0.121217 280.000000 0.000000 0.000273 0.000228 0.000198
d1 0.030000 0.121217 285.000000 0.000000 0.000273 0.000228 0.000198
d1 0.030000 0.121217 290.000000 0.000000 0.000273 0.000228 0.000198
d1 0.030000 0.121217 295.000000 0.000000 0.000273 0.000228 0.000198
d1 0.030000 0.121217 300.000000 0.000000 0.000273 0.000228 0.000198
d1 0.030000 0.121217 305.000000 0.000000 0.000273 0.000228 0.000198
d1 0.030000 0.121217 310.000000 0.000000 0.000273 0.000228 0.000198
d1 0.030000 0.121217 315.000000 0.000000 0.000273 0.000228 0.000198
d1 0.030000 0.121217 320.000000 0.000000 0.000273 0.000228 0.000198
d1 0.030000 0.121217 325.000000 0.000000 0.000273 0.000228 0.000198
d1 0.030000 0.121217 330.000000 0.000000 0.000273 0.000228 0.000198
d1 0.030000 0.121217 335.000000 0.000000 0.000273 0.000228 0.000198
d1 0.030000 0.121217 340.000000 0.000000 0.000273 0.000228 0.000198
d1 0.030000 0.121217 345.000000 0.000000 0.000273 0.000228 0.000198
d1 0.030000 0.121217 350.000000 0.000000 0.000273 0.000228 0.000198
d1 0.030000 0.121217 355.000000 0.000000 0.000273 0.000228 0.000198
d1 0.030000 0.121217 360.000000 0.000000 0.000273 0.000228 0.000198
d1 0.030000 0.121217 365.000000 0.000000 0.000273 0.000228 0.000198
d1 0.030000 0.121217 370.000000 0.000000 0.000273 0.000228 0.000198
d1 0.030000 0.121217 375.000000 0.000000 0.000273 0.000228 0.000198
d1 0.030000 0.121217 380.000000 0.000000 0.000273 0.000228 0.000198
d1 0.030000 0.121217 385.000000 0.000000 0.000273 0.000228 0.000198
d1 0.030000 0.121217 390.000000 0.000000 0.000273 0.000228 0.000198
d1 0.030000 0.121217 395.000000 0.000000 0.000273 0.000228 0.000198
d1 0.030000 0.121217 400.000000 0.000000 0.000273 0.000228 0.000198
d1 0.030000 0.121217 405.000000 0.000000 0.000273 0.000228 0.000198
d1 0.030000 0.121217 410.000000 0.000000 0.000273 0.000228 0.000198
d1 0.030000 0.121217 415.000000 0.000000 0.000273 0.000228 0.000198
d1 0.030000 0.121217 420.000000 0.000000 0.000273 0.000228 0.000198
d1 0.030000 0.121217 425.000000 0.000000 0.000273 0.000228 0.000198
d1 0.030000 0.121217 430.000000 0.000000 0.000273 0.000228 0.000198
d1 0.030000 0.121217 435.000000 0.000000 0.000273 0.000228 0.000198
d1 0.030000 0.121217 440.000000 0.000000 0.000273 0.000228 0.000198
d1 0.030000 0.121217 445.000000 0.000000 0.000273 0.000228 0.000198
d1 0.030000 0.121217 450.000000 0.000000 0.000273 0.000228 0.000198
d1 0.030000 0.121217 455.000000 0.000000 0.000273 0.000228 0.000198
d1 0.030000 0.121217 460.000000 0.000000 0.000273 0.000228 0.000198
d1 0.030000 0.121217 465.000000 0.000000 0.000273 0.000228 0.000198
d1 0.030000 0.121217 470.000000 0.000000 0.000273 0.000228 0.000198
d1 0.030000 0.121217 475.000000 0.000000 0.000273 0.000228 0.000198
d1 0.030000 0.121217 480.000000 0.000000 0.000273 0.000228 0.000198
d1 0.030000 0.121217 485.000000 0.000000 0.000273 0.000228 0.000198
d1 0.030000 0.121217 490.000000 0.000000 0.000273 0.000228 0.000198
d1 0.030000 0.121217 495.000000 0.000000 0.000273 0.000228 0.000198
d1 0.030000 0.121217 500.000000 2.000000 0.000273 0.000228 0.000198
d1 0.030000 0.121217 505.000000 2.000000 0.155426 0.004408 0.000213
d1 0.030000 0.121217 510.000000 2.000000 0.240059 0.013974 0.000299
d1 0.030000 0.121217 515.000000 2.000000 0.286225 0.026054 0.000493
d1 0.030000 0.121217 520.000000 2.000000 0.311407 0.039106 0.000811
d1 0.030000 0.121217 525.000000 2.000000 0.325144 0.052311 0.001257
d1 0.030000 0.121217 530.000000 2.000000 0.332637 0.065245 0.001827
d1 0.030000 0.121217 535.000000 2.000000 0.336724 0.077699 0.002517
d1 0.030000 0.121217 540.000000 2.000000 0.338953 0.089575 0.003321
d1 0.030000 0.121217 545.000000 2.000000 0.340169 0.100841 0.004230
d1 0.030000 0.121217 550.000000 2.000000 0.340833 0.111494 0.005238
d1 0.030000 0.121217 555.000000 2.000000 0.341195 0.121552 0.006337
d1 0.030000 0.121217 560.000000 2.000000 0.341393 0.131036 0.007521
d1 0.030000 0.121217 565.000000 2.000000 0.341501 0.139976 0.008783
d1 0.030000 0.121217 570.000000 2.000000 0.341559 0.148399 0.010116
d1 0.030000 0.121217 575.000000 2.000000 0.341592 0.156333 0.011516
d1 0.030000 0.121217 580.000000 2.000000 0.341609 0.163807 0.012976
d1 0.030000 0.121217 585.000000 2.000000 0.341619 0.170846 0.014492
d1 0.030000 0.121217 590.000000 2.000000 0.341624 0.177475 0.016058
d1 0.030000 0.121217 595.000000 2.000000 0.341627 0.183719 0.017671
d1 0.030000 0.121217 600.000000 2.000000 0.341628 0.189599 0.019325
d1 0.030000 0.121217 605.000000 2.000000 0.341629 0.195137 0.021017
d1 0.030000 0.121217 610.000000 2.000000 0.341629 0.200352 0.022743
d1 0.030000 0.121217 615.000000 2.000000 0.341630 0.205264 0.024500
d1 0.030000 0.121217 620.000000 2.000000 0.341630 0.209889 0.026284
d1 0.030000 0.121217 625.000000 2.000000 0.341630 0.214245 0.028092
d1 0.030000 0.121217 630.000000 2.000000 0.341630 0.218348 0.029922
d1 0.030000 0.121217 635.000000 2.000000 0.341630 0.222211 0.031770
d1 0.030000 0.121217 640.000000 2.000000 0.341630 0.225850 0.033634
d1 0.030000 0.121217 645.000000 2.000000 0.341630 0.229276 0.035513
d1 0.030000 0.121217 650.000000 2.000000 0.341630 0.232504 0.037403
d1 0.030000 0.121217 655.000000 2.000000 0.341630 0.235543 0.039302
d1 0.030000 0.121217 660.000000 2.000000 0.341630 0.238405 0.041209
d1 0.030000 0.121217 665.000000 2.000000 0.341630 0.241100 0.043122
d1 0.030000 0.121217 670.000000 2.000000 0.341630 0.243639 0.045038
d1 0.030000 0.121217 675.000000 2.000000 0.341630 0.246030 0.046958
d1 0.030000 0.121217 680.000000 2.000000 0.341630 0.248281 0.048879
d1 0.030000 0.121217 685.000000 2.000000 0.341630 0.250401 0.050799
d1 0.030000 0.121217 690.000000 2.000000 0.341630 0.252398 0.052718
d1 0.030000 0.121217 695.000000 2.000000 0.341630 0.254279 0.054634
d1 0.030000 0.121217 700.000000 2.000000 0.341630 0.256050 0.056546
d1 0.030000 0.121217 705.000000 2.000000 0.341630 0.257718 0.058454
d1 0.030000 0.121217 710.000000 2.000000 0.341630 0.259289 0.060356
d1 0.030000 0.121217 715.000000 2.000000 0.341630 0.260768 0.062251
d1 0.030000 0.121217 720.000000 2.000000 0.341630 0.262161 0.064139
d1 0.030000 0.121217 725.000000 2.000000 0.341630 0.263473 0.066019
d1 0.030000 0.121217 730.000000 2.000000 0.341630 0.264709 0.067890
d1 0.030000 0.121217 735.000000 2.000000 0.341630 0.265873 0.069752
d1 0.030000 0.121217 740.000000 2.000000 0.341630 0.266969 0.071603
d1 0.030000 0.121217 745.000000 2.000000 0.341630 0.268001 0.073444
d1 0.030000 0.121217 750.000000 2.000000 0.341630 0.268973 0.075274
d1 0.030000 0.121217 755.000000 2.000000 0.341630 0.269888 0.077092
d1 0.030000 0.121217 760.000000 2.000000 0.341630 0.270750 0.078898
d1 0.030000 0.121217 765.000000 2.000000 0.341630 0.271562 0.080692
d1 0.030000 0.121217 770.000000 2.000000 0.341630 0.272327 0.082474
d1 0.030000 0.121217 775.000000 2.000000 0.341630 0.273047 0.084242
d1 0.030000 0.121217 780.000000 2.000000 0.341630 0.273725 0.085997
d1 0.030000 0.121217 785.000000 2.000000 0.341630 0.274364 0.087738
d1 0.030000 0.121217 790.000000 2.000000 0.341630 0.274965 0.089466
d1 0.030000 0.121217 795.000000 2.000000 0.341630 0.275531 0.091180
d1 0.030000 0.121217 800.000000 2.000000 0.341630 0.276065 0.092880
d1 0.030000 0.121217 805.000000 2.000000 0.341630 0.276567 0.094565
d1 0.030000 0.121217 810.000000 2.000000 0.341630 0.277040 0.096236
d1 0.030000 0.121217 815.000000 2.000000 0.341630 0.277486 0.097892
d1 0.030000 0.121217 820.000000 2.000000 0.341630 0.277906 0.099534
d1 0.030000 0.121217 825.000000 2.000000 0.341630 0.278301 0.101161
d1 0.030000 0.121217 830.000000 2.000000 0.341630 0.278673 0.102773
d1 0.030000 0.121217 835.000000 2.000000 0.341630 0.279023 0.104371
d1 0.030000 0.121217 840.000000 2.000000 0.341630 0.279353 0.105953
d1 0.030000 0.121217 845.000000 2.000000 0.341630 0.279664 0.107521
d1 0.030000 0.121217 850.000000 2.000000 0.341630 0.279957 0.109074
d1 0.030000 0.121217 855.000000 2.000000 0.341630 0.280233 0.110611
d1 0.030000 0.121217 860.000000 2.000000 0.341630 0.280492 0.112134
d1 0.030000 0.121217 865.000000 2.000000 0.341630 0.280737 0.113642
d1 0.030000 0.121217 870.000000 2.000000 0.341630 0.280967 0.115135
d1 0.030000 0.121217 875.000000 2.000000 0.341630 0.281184 0.116613
d1 0.030000 0.121217 880.000000 2.000000 0.341630 0.281388 0.118077
d1 0.030000 0.121217 885.000000 2.000000 0.341630 0.281581 0.119525
d1 0.030000 0.121217 890.000000 2.000000 0.341630 0.281762 0.120959
d1 0.030000 0.121217 895.000000 2.000000 0.341630 0.281932 0.122379
d1 0.030000 0.121217 900.000000 2.000000 0.341630 0.282093 0.123783
d1 0.030000 0.121217 905.000000 2.000000 0.341630 0.282244 0.125173
d1 0.030000 0.121217 910.000000 2.000000 0.341630 0.282387 0.126549
d1 0.030000 0.121217 915.000000 2.000000 0.341630 0.282521 0.127911
d1 0.030000 0.121217 920.000000 2.000000 0.341630 0.282648 0.129258
d1 0.030000 0.121217 925.000000 2.000000 0.341630 0.282767 0.130591
d1 0.030000 0.121217 930.000000 2.000000 0.341630 0.282879 0.131909
d1 0.030000 0.121217 935.000000 2.000000 0.341630 0.282984 0.133214
d1 0.030000 0.121217 940.000000 2.000000 0.341630 0.283084 0.134505
d1 0.030000 0.121217 945.000000 2.000000 0.341630 0.283177 0.135782
d1 0.030000 0.121217 950.000000 2.000000 0.341630 0.283265 0.137046
d1 0.030000 0.121217 955.000000 2.000000 0.341630 0.283349 0.138296
d1 0.030000 0.121217 960.000000 2.000000 0.341630 0.283427 0.139532
d1 0.030000 0.121217 965.000000 2.000000 0.341630 0.283500 0.140755
d1 0.030000 0.121217 970.000000 2.000000 0.341630 0.283570 0.141965
d1 0.030000 0.121217 975.000000 2.000000 0.341630 0.283635 0.143161
d1 0.030000 0.121217 980.000000 2.000000 0.341630 0.283697 0.144345
d1 0.030000 0.121217 985.000000 2.000000 0.341630 0.283755 0.145515
d1 0.030000 0.121217 990.000000 2.000000 0.341630 0.283809 0.146673
d1 0.030000 0.121217 995.000000 2.000000 0.341630 0.283860 0.147818
d1 0.030000 0.121217 1000.000000 2.000000 0.341630 0.283909 0.148950
d1 0.030000 0.121217 1005.000000 2.000000 0.341630 0.283954 0.150070
d1 0.030000 0.121217 1010.000000 2.000000 0.341630 0.283997 0.151178
d1 0.030000 0.121217 1015.000000 2.000000 0.341630 0.284038 0.152273
d1 0.030000 0.121217 1020.000000 2.000000 0.341630 0.284076 0.153357
d1 0.030000 0.121217 1025.000000 2.000000 0.341630 0.284112 0.154428
d1 0.030000 0.121217 1030.000000 2.000000 0.341630 0.284146 0.155487
d1 0.030000 0.121217 1035.000000 2.000000 0.341630 0.284177 0.156534
d1 0.030000 0.121217 1040.000000 2.000000 0.341630 0.284207 0.157570
d1 0.030000 0.121217 1045.000000 2.000000 0.341630 0.284235 0.158595
d1 0.030000 0.121217 1050.000000 2.000000 0.341630 0.284262 0.159607
d1 0.030000 0.121217 1055.000000 2.000000 0.341630 0.284287 0.160609
d1 0.030000 0.121217 1060.000000 2.000000 0.341630 0.284311 0.161599
d1 0.030000 0.121217 1065.000000 2.000000 0.341630 0.284333 0.162578
d1 0.030000 0.121217 1070.000000 2.000000 0.341630 0.284354 0.163546
d1 0.030000 0.121217 1075.000000 2.000000 0.341630 0.284373 0.164504
d1 0.030000 0.121217 1080.000000 2.000000 0.341630 0.284392 0.165450
d1 0.030000 0.121217 1085.000000 2.000000 0.341630 0.284409 0.166386
d1 0.030000 0.121217 1090.000000 2.000000 0.341630 0.284426 0.167312
d1 0.030000 0.121217 1095.000000 2.000000 0.341630 0.284441 0.168227
d1 0.030000 0.121217 1100.000000 2.000000 0.341630 0.284456 0.169131
d1 0.030000 0.121217 1105.000000 2.000000 0.341630 0.284469 0.170026
d1 0.030000 0.121217 1110.000000 2.000000 0.341630 0.284482 0.170910
d1 0.030000 0.121217 1115.000000 2.000000 0.341630 0.284495 0.171785
d1 0.030000 0.121217 1120.000000 2.000000 0.341630 0.284506 0.172649
d1 0.030000 0.121217 1125.000000 2.000000 0.341630 0.284517 0.173504
d1 0.030000 0.121217 1130.000000 2.000000 0.341630 0.284527 0.174349
d1 0.030000 0.121217 1135.000000 2.000000 0.341630 0.284537 0.175184
d1 0.030000 0.121217 1140.000000 2.000000 0.341630 0.284546 0.176010
d1 0.030000 0.121217 1145.000000 2.000000 0.341630 0.284554 0.176827
d1 0.030000 0.121217 1150.000000 2.000000 0.341630 0.284562 0.177635
d1 0.030000 0.121217 1155.000000 2.000000 0.341630 0.284570 0.178433
d1 0.030000 0.121217 1160.000000 2.000000 0.341630 0.284577 0.179222
d1 0.030000 0.121217 1165.000000 2.000000 0.341630 0.284583 0.180002
d1 0.030000 0.121217 1170.000000 2.000000 0.341630 0.284590 0.180774
d1 0.030000 0.121217 1175.000000 2.000000 0.341630 0.284596 0.181536
d1 0.030000 0.121217 1180.000000 2.000000 0.341630 0.284601 0.182290
d1 0.030000 0.121217 1185.000000 2.000000 0.341630 0.284606 0.183036
d1 0.030000 0.121217 1190.000000 2.000000 0.341630 0.284611 0.183773
d1 0.030000 0.121217 1195.000000 2.000000 0.341630 0.284616 0.184501
d1 0.030000 0.121217 1200.000000 2.000000 0.341630 0.284620 0.185221
d1 0.030000 0.121217 1205.000000 2.000000 0.341630 0.284625 0.185934
d1 0.030000 0.121217 1210.000000 2.000000 0.341630 0.284629 0.186637
d1 0.030000 0.121217 1215.000000 2.000000 0.341630 0.284632 0.187333
d1 0.030000 0.121217 1220.000000 2.000000 0.341630 0.284636 0.188021
d1 0.030000 0.121217 1225.000000 2.000000 0.341630 0.284639 0.188702
d1 0.030000 0.121217 1230.000000 2.000000 0.341630 0.284642 0.189374
d1 0.030000 0.121217 1235.000000 2.000000 0.341630 0.284645 0.190039
d1 0.030000 0.121217 1240.000000 2.000000 0.341630 0.284648 0.190696
d1 0.030000 0.121217 1245.000000 2.000000 0.341630 0.284650 0.191346
d1 0.030000 0.121217 1250.000000 2.000000 0.341630 0.284653 0.191988
d1 0.030000 0.121217 1255.000000 2.000000 0.341630 0.284655 0.192623
d1 0.030000 0.121217 1260.000000 2.000000 0.341630 0.284657 0.193251
d1 0.030000 0.121217 1265.000000 2.000000 0.341630 0.284659 0.193872
d1 0.030000 0.121217 1270.000000 2.000000 0.341630 0.284661 0.194485
d1 0.030000 0.121217 1275.000000 2.000000 0.341630 0.284663 0.195092
d1 0.030000 0.121217 1280.000000 2.000000 0.341630 0.284664 0.195691
d1 0.030000 0.121217 1285.000000 2.000000 0.341630 0.284666 0.196284
d1 0.030000 0.121217 1290.000000 2.000000 0.341630 0.284667 0.196870
d1 0.030000 0.121217 1295.000000 2.000000 0.341630 0.284669 0.197450
d1 0.030000 0.121217 1300.000000 2.000000 0.341630 0.284670 0.198022
d1 0.030000 0.121217 1305.000000 2.000000 0.341630 0.284671 0.198588
d1 0.030000 0.121217 1310.000000 2.000000 0.341630 0.284673 0.199148
d1 0.030000 0.121217 1315.000000 2.000000 0.341630 0.284674 0.199702
d1 0.030000 0.121217 1320.000000 2.000000 0.341630 0.284675 0.200249
d1 0.030000 0.121217 1325.000000 2.000000 0.341630 0.284676 0.200789
d1 0.030000 0.121217 1330.000000 2.000000 0.341630 0.284677 0.201324
d1 0.030000 0.121217 1335.000000 2.000000 0.341630 0.284677 0.201852
d1 0.030000 0.121217 1340.000000 2.000000 0.341630 0.284678 0.202375
d1 0.030000 0.121217 1345.000000 2.000000 0.341630 0.284679 0.202891
d1 0.030000 0.121217 1350.000000 2.000000 0.341630 0.284680 0.203402
d1 0.030000 0.121217 1355.000000 2.000000 0.341630 0.284680 0.203907
d1 0.030000 0.121217 1360.000000 2.000000 0.341630 0.284681 0.204406
d1 0.030000 0.121217 1365.000000 2.000000 0.341630 0.284682 0.204899
d1 0.030000 0.121217 1370.000000 2.000000 0.341630 0.284682 0.205387
d1 0.030000 0.121217 1375.000000 2.000000 0.341630 0.284683 0.205869
d1 0.030000 0.121217 1380.000000 2.000000 0.341630 0.284683 0.206345
d1 0.030000 0.121217 1385.000000 2.000000 0.341630 0.284684 0.206817
d1 0.030000 0.121217 1390.000000 2.000000 0.341630 0.284684 0.207282
d1 0.030000 0.121217 1395.000000 2.000000 0.341630 0.284685 0.207743
d1 0.030000 0.121217 1400.000000 2.000000 0.341630 0.284685 0.208198
d1 0.030000 0.121217 1405.000000 2.000000 0.341630 0.284685 0.208648
d1 0.030000 0.121217 1410.000000 2.000000 0.341630 0.284686 0.209093
d1 0.030000 0.121217 1415.000000 2.000000 0.341630 0.284686 0.209533
d1 0.030000 0.121217 1420.000000 2.000000 0.341630 0.284686 0.209967
d1 0.030000 0.121217 1425.000000 2.000000 0.341630 0.284687 0.210397
d1 0.030000 0.121217 1430.000000 2.000000 0.341630 0.284687 0.210822
d1 0.030000 0.121217 1435.000000 2.000000 0.341630 0.284687 0.211242
d1 0.030000 0.121217 1440.000000 2.000000 0.341630 0.284688 0.211657
d1 0.030000 0.121217 1445.000000 2.000000 0.341630 0.284688 0.212068
d1 0.030000 0.121217 1450.000000 2.000000 0.341630 0.284688 0.212473
d1 0.030000 0.121217 1455.000000 2.000000 0.341630 0.284688 0.212874
d1 0.030000 0.121217 1460.000000 2.000000 0.341630 0.284688 0.213271
d1 0.030000 0.121217 1465.000000 2.000000 0.341630 0.284689 0.213663
d1 0.030000 0.121217 1470.000000 2.000000 0.341630 0.284689 0.214051
d1 0.030000 0.121217 1475.000000 2.000000 0.341630 0.284689 0.214434
d1 0.030000 0.121217 1480.000000 2.000000 0.341630 0.284689 0.214812
d1 0.030000 0.121217 1485.000000 2.000000 0.341630 0.284689 0.215187
d1 0.030000 0.121217 1490.000000 2.000000 0.341630 0.284689 0.215557
d1 0.030000 0.121217 1495.000000 2.000000 0.341630 0.284689 0.215923
d1 0.030000 0.121217 1500.000000 2.000000 0.341630 0.284690 0.216284
d1 0.030000 0.121217 1505.000000 2.000000 0.341630 0.284690 0.216642
d1 0.030000 0.121217 1510.000000 2.000000 0.341630 0.284690 0.216996
d1 0.030000 0.121217 1515.000000 2.000000 0.341630 0.284690 0.217345
d1 0.030000 0.121217 1520.000000 2.000000 0.341630 0.284690 0.217690
d1 0.030000 0.121217 1525.000000 2.000000 0.341630 0.284690 0.218032
d1 0.030000 0.121217 1530.000000 2.000000 0.341630 0.284690 0.218369
d1 0.030000 0.121217 1535.000000 2.000000 0.341630 0.284690 0.218703
d1 0.030000 0.121217 1540.000000 2.000000 0.341630 0.284690 0.219033
d1 0.030000 0.121217 1545.000000 2.000000 0.341630 0.284690 0.219359
d1 0.030000 0.121217 1550.000000 2.000000 0.341630 0.284690 0.219682
d1 0.030000 0.121217 1555.000000 2.000000 0.341630 0.284691 0.220000
d1 0.030000 0.121217 1560.000000 2.000000 0.341630 0.284691 0.220315
d1 0.030000 0.121217 1565.000000 2.000000 0.341630 0.284691 0.220627
d1 0.030000 0.121217 1570.000000 2.000000 0.341630 0.284691 0.220935
d1 0.030000 0.121217 1575.000000 2.000000 0.341630 0.284691 0.221239
d1 0.030000 0.121217 1580.000000 2.000000 0.341630 0.284691 0.221540
d1 0.030000 0.121217 1585.000000 2.000000 0.341630 0.284691 0.221838
d1 0.030000 0.121217 1590.000000 2.000000 0.341630 0.284691 0.222132
d1 0.030000 0.121217 1595.000000 2.000000 0.341630 0.284691 0.222422
d1 0.030000 0.121217 1600.000000 2.000000 0.341630 0.284691 0.222710
d1 0.030000 0.121217 1605.000000 2.000000 0.341630 0.284691 0.222994
d1 0.030000 0.121217 1610.000000 2.000000 0.341630 0.284691 0.223275
d1 0.030000 0.121217 1615.000000 2.000000 0.341630 0.284691 0.223552
d1 0.030000 0.121217 1620.000000 2.000000 0.341630 0.284691 0.223827
d1 0.030000 0.121217 1625.000000 2.000000 0.341630 0.284691 0.224098
d1 0.030000 0.121217 1630.000000 2.000000 0.341630 0.284691 0.224367
d1 0.030000 0.121217 1635.000000 2.000000 0.341630 0.284691 0.224632
d1 0.030000 0.121217 1640.000000 2.000000 0.341630 0.284691 0.224894
d1 0.030000 0.121217 1645.000000 2.000000 0.341630 0.284691 0.225153
d1 0.030000 0.121217 1650.000000 2.000000 0.341630 0.284691 0.225409
d1 0.030000 0.121217 1655.000000 2.000000 0.341630 0.284691 0.225662
d1 0.030000 0.121217 1660.000000 2.000000 0.341630 0.284691 0.225913
d1 0.030000 0.121217 1665.000000 2.000000 0.341630 0.284691 0.226160
d1 0.030000 0.121217 1670.000000 2.000000 0.341630 0.284691 0.226405
d1 0.030000 0.121217 1675.000000 2.000000 0.341630 0.284691 0.226647
d1 0.030000 0.121217 1680.000000 2.000000 0.341630 0.284691 0.226886
d1 0.030000 0.121217 1685.000000 2.000000 0.341630 0.284691 0.227122
d1 0.030000 0.121217 1690.000000 2.000000 0.341630 0.284691 0.227356
d1 0.030000 0.121217 1695.000000 2.000000 0.341630 0.284691 0.227587
d1 0.030000 0.121217 1700.000000 2.000000 0.341630 0.284691 0.227815
d1 0.030000 0.121217 1705.000000 2.000000 0.341630 0.284691 0.228041
d1 0.030000 0.121217 1710.000000 2.000000 0.341630 0.284691 0.228264
d1 0.030000 0.121217 1715.000000 2.000000 0.341630 0.284691 0.228485
d1 0.030000 0.121217 1720.000000 2.000000 0.341630 0.284691 0.228703
d1 0.030000 0.121217 1725.000000 2.000000 0.341630 0.284691 0.228918
d1 0.030000 0.121217 1730.000000 2.000000 0.341630 0.284691 0.229131
d1 0.030000 0.121217 1735.000000 2.000000 0.341630 0.284691 0.229342
d1 0.030000 0.121217 1740.000000 2.000000 0.341630 0.284691 0.229550
d1 0.030000 0.121217 1745.000000 2.000000 0.341630 0.284691 0.229756
d1 0.030000 0.121217 1750.000000 2.000000 0.341630 0.284691 0.229960
d1 0.030000 0.121217 1755.000000 2.000000 0.341630 0.284691 0.230161
d1 0.030000 0.121217 1760.000000 2.000000 0.341630 0.284691 0.230360
d1 0.030000 0.121217 1765.000000 2.000000 0.341630 0.284691 0.230557
d1 0.030000 0.121217 1770.000000 2.000000 0.341630 0.284691 0.230751
d1 0.030000 0.121217 1775.000000 2.000000 0.341630 0.284691 0.230943
d1 0.030000 0.121217 1780.000000 2.000000 0.341630 0.284691 0.231133
d1 0.030000 0.121217 1785.000000 2.000000 0.341630 0.284691 0.231321
d1 0.030000 0.121217 1790.000000 2.000000 0.341630 0.284691 0.231507
d1 0.030000 0.121217 1795.000000 2.000000 0.341630 0.284691 0.231690
d1 0.030000 0.121217 1800.000000 2.000000 0.341630 0.284691 0.231871
d1 0.030000 0.121217 1805.000000 2.000000 0.341630 0.284691 0.232051
d1 0.030000 0.121217 1810.000000 2.000000 0.341630 0.284691 0.232228
d1 0.030000 0.121217 1815.000000 2.000000 0.341630 0.284691 0.232403
d1 0.030000 0.121217 1820.000000 2.000000 0.341630 0.284691 0.232577
d1 0.030000 0.121217 1825.000000 2.000000 0.341630 0.284691 0.232748
d1 0.030000 0.121217 1830.000000 2.000000 0.341630 0.284691 0.232917
d1 0.030000 0.121217 1835.000000 2.000000 0.341630 0.284691 0.233085
d1 0.030000 0.121217 1840.000000 2.000000 0.341630 0.284691 0.233250
d1 0.030000 0.121217 1845.000000 2.000000 0.341630 0.284691 0.233414
d1 0.030000 0.121217 1850.000000 2.000000 0.341630 0.284691 0.233575
d1 0.030000 0.121217 1855.000000 2.000000 0.341630 0.284692 0.233735
d1 0.030000 0.121217 1860.000000 2.000000 0.341630 0.284692 0.233893
d1 0.030000 0.121217 1865.000000 2.000000 0.341630 0.284692 0.234050
d1 0.030000 0.121217 1870.000000 2.000000 0.341630 0.284692 0.234204
d1 0.030000 0.121217 1875.000000 2.000000 0.341630 0.284692 0.234357
d1 0.030000 0.121217 1880.000000 2.000000 0.341630 0.284692 0.234508
d1 0.030000 0.121217 1885.000000 2.000000 0.341630 0.284692 0.234657
d1 0.030000 0.121217 1890.000000 2.000000 0.341630 0.284692 0.234804
d1 0.030000 0.121217 1895.000000 2.000000 0.341630 0.284692 0.234950
d1 0.030000 0.121217 1900.000000 2.000000 0.341630 0.284692 0.235094
d1 0.030000 0.121217 1905.000000 2.000000 0.341630 0.284692 0.235237
d1 0.030000 0.121217 1910.000000 2.000000 0.341630 0.284692 0.235378
d1 0.030000 0.121217 1915.000000 2.000000 0.341630 0.284692 0.235517
d1 0.030000 0.121217 1920.000000 2.000000 0.341630 0.284692 0.235655
d1 0.030000 0.121217 1925.000000 2.000000 0.341630 0.284692 0.235791
d1 0.030000 0.121217 1930.000000 2.000000 0.341630 0.284692 0.235925
d1 0.030000 0.121217 1935.000000 2.000000 0.341630 0.284692 0.236058
d1 0.030000 0.121217 1940.000000 2.000000 0.341630 0.284692 0.236190
d1 0.030000 0.121217 1945.000000 2.000000 0.341630 0.284692 0.236320
d1 0.030000 0.121217 1950.000000 2.000000 0.341630 0.284692 0.236448
d1 0.030000 0.121217 1955.000000 2.000000 0.341630 0.284692 0.236575
d1 0.030000 0.121217 1960.000000 2.000000 0.341630 0.284692 0.236701
d1 0.030000 0.121217 1965.000000 2.000000 0.341630 0.284692 0.236825
d1 0.030000 0.121217 1970.000000 2.000000 0.341630 0.284692 0.236948
d1 0.030000 0.121217 1975.000000 2.000000 0.341630 0.284692 0.237069
d1 0.030000 0.121217 1980.000000 2.000000 0.341630 0.284692 0.237189
d1 0.030000 0.121217 1985.000000 2.000000 0.341630 0.284692 0.237308
d1 0.030000 0.121217 1990.000000 2.000000 0.341630 0.284692 0.237425
d1 0.030000 0.121217 1995.000000 2.000000 0.341630 0.284692 0.237541
d1 0.030000 0.121217 2000.000000 2.000000 0.341630 0.284692 0.237655
